4 18 0 0 S
4 11 2 1 S
4 19 1 2 S
18 6 0 2 N
18 11 2 0 N
18 11 1 1 N
6 7 2 1 N
6 17 1 2 N
6 0 0 0 N
7 23 0 1 N
7 23 2 2 N
7 11 1 0 N
23 9 0 1 N
23 9 1 2 N
23 19 2 0 N
9 3 1 0 N
9 23 0 1 N
9 20 2 2 N
3 22 1 2 N
3 9 2 0 N
3 8 0 1 N
22 13 0 0 N
22 0 2 2 N
22 11 1 1 N
13 5 0 1 N
13 0 1 0 N
13 1 2 2 N
5 25 2 2 N
5 6 1 1 N
5 27 0 0 N
25 17 2 2 N
25 21 0 0 N
25 6 1 1 N
17 11 1 2 N
17 16 0 1 N
17 8 2 0 N
11 26 0 1 N
11 21 2 2 N
11 9 1 0 N
26 21 0 1 N
26 8 1 2 N
26 24 2 0 N
21 24 1 2 N
21 19 0 0 N
21 15 2 1 N
24 1 1 1 N
24 7 0 0 N
24 11 2 2 N
1 20 0 2 N
1 13 2 1 N
1 14 1 0 N
20 0 1 0 N
20 20 0 2 N
20 20 2 1 N
0 2 1 2 N
0 13 0 1 N
0 20 2 0 N
2 12 0 2 N
2 6 2 1 N
2 22 1 0 N
12 27 0 1 N
12 2 2 2 N
12 5 1 0 N
27 16 1 2 N
27 11 0 0 N
27 15 2 1 N
16 8 0 1 N
16 8 2 0 N
16 14 1 2 N
8 15 0 1 N
8 19 1 0 N
8 20 2 2 N
15 19 1 1 N
15 6 0 2 N
15 8 2 0 N
19 14 1 0 N
19 23 0 1 N
19 9 2 2 N
14 10 2 2 N
14 8 0 1 N
14 9 1 0 N
10 19 2 0 N
10 0 1 2 N
10 8 0 1 N
