26 6 0 2 S
26 25 2 1 S
26 25 1 0 S
6 21 2 2 N
6 4 0 0 N
6 8 1 1 N
21 9 0 1 N
21 8 2 2 N
21 13 1 0 N
9 2 1 0 N
9 16 0 1 N
9 15 2 2 N
2 24 2 1 N
2 15 0 2 N
2 15 1 0 N
24 27 0 0 N
24 13 2 1 N
24 4 1 2 N
27 18 2 1 N
27 13 0 2 N
27 19 1 0 N
18 12 1 1 N
18 0 0 0 N
18 21 2 2 N
12 7 0 2 N
12 4 1 1 N
12 6 2 0 N
7 10 2 0 N
7 18 1 1 N
7 27 0 2 N
10 20 1 2 N
10 21 2 0 N
10 15 0 1 N
20 5 1 2 N
20 26 2 1 N
20 13 0 0 N
5 25 2 2 N
5 8 1 1 N
5 16 0 0 N
25 16 1 1 N
25 26 2 2 N
25 4 0 0 N
16 1 1 0 N
16 0 0 2 N
16 24 2 1 N
1 19 2 1 N
1 11 0 2 N
1 10 1 0 N
19 17 2 1 N
19 13 1 2 N
19 4 0 0 N
17 8 0 1 N
17 0 1 0 N
17 24 2 2 N
8 23 1 1 N
8 21 2 2 N
8 4 0 0 N
23 15 1 1 N
23 16 2 2 N
23 8 0 0 N
15 3 0 1 N
15 20 1 0 N
15 21 2 2 N
3 0 0 1 N
3 19 1 0 N
3 19 2 2 N
0 14 1 0 N
0 4 0 2 N
0 15 2 1 N
14 11 1 1 N
14 25 2 0 N
14 26 0 2 N
11 22 2 2 N
11 1 1 0 N
11 19 0 1 N
22 13 2 1 N
22 16 0 2 N
22 26 1 0 N
13 4 1 0 N
13 4 0 2 N
13 13 2 1 N
4 10 1 2 N
4 13 2 1 N
4 13 0 0 N
