14 0 0 0 S
14 13 2 2 S
14 26 1 1 S
0 5 2 1 N
0 4 0 0 N
0 24 1 2 N
5 10 1 0 N
5 12 2 1 N
5 7 0 2 N
10 19 1 2 N
10 13 0 0 N
10 10 2 1 N
19 9 1 2 N
19 23 0 1 N
19 21 2 0 N
9 22 2 2 N
9 15 1 1 N
9 13 0 0 N
22 17 2 2 N
22 13 1 0 N
22 24 0 1 N
17 3 2 0 N
17 14 0 1 N
17 10 1 2 N
3 11 1 2 N
3 6 2 0 N
3 7 0 1 N
11 24 0 2 N
11 26 1 0 N
11 4 2 1 N
24 2 2 2 N
24 26 1 1 N
24 14 0 0 N
2 26 1 0 N
2 13 0 2 N
2 6 2 1 N
26 16 1 2 N
26 10 0 0 N
26 10 2 1 N
16 21 2 1 N
16 10 1 0 N
16 14 0 2 N
21 20 2 1 N
21 14 0 2 N
21 15 1 0 N
20 1 1 2 N
20 19 0 1 N
20 10 2 0 N
1 8 2 1 N
1 6 1 0 N
1 4 0 2 N
8 23 0 0 N
8 9 1 1 N
8 2 2 2 N
23 6 1 2 N
23 9 0 0 N
23 1 2 1 N
6 27 2 2 N
6 25 1 0 N
6 26 0 1 N
27 12 2 1 N
27 3 0 0 N
27 9 1 2 N
12 15 0 1 N
12 0 2 0 N
12 4 1 2 N
15 4 2 0 N
15 26 0 2 N
15 24 1 1 N
4 18 2 2 N
4 7 0 1 N
4 2 1 0 N
18 13 0 2 N
18 5 1 0 N
18 14 2 1 N
13 25 0 0 N
13 7 2 2 N
13 10 1 1 N
25 7 1 0 N
25 18 0 1 N
25 9 2 2 N
7 25 2 2 N
7 10 1 0 N
7 6 0 1 N
