9 12 0 1 S
9 13 1 2 S
9 1 2 0 S
12 20 0 1 N
12 14 2 0 N
12 9 1 2 N
20 5 1 1 N
20 3 0 2 N
20 10 2 0 N
5 4 1 0 N
5 27 2 1 N
5 1 0 2 N
4 11 1 2 N
4 26 0 0 N
4 1 2 1 N
11 21 1 1 N
11 7 2 2 N
11 13 0 0 N
21 17 1 0 N
21 26 0 1 N
21 25 2 2 N
17 10 0 2 N
17 11 2 0 N
17 14 1 1 N
10 1 0 1 N
10 14 1 0 N
10 7 2 2 N
1 7 1 1 N
1 16 2 0 N
1 22 0 2 N
7 13 2 1 N
7 3 0 0 N
7 12 1 2 N
13 22 1 2 N
13 9 2 0 N
13 21 0 1 N
22 24 1 0 N
22 1 2 1 N
22 22 0 2 N
24 8 2 1 N
24 8 0 0 N
24 9 1 2 N
8 23 2 2 N
8 16 0 0 N
8 7 1 1 N
23 0 0 2 N
23 26 2 0 N
23 25 1 1 N
0 14 0 0 N
0 26 1 2 N
0 6 2 1 N
14 25 0 2 N
14 26 1 1 N
14 27 2 0 N
25 16 0 2 N
25 21 2 0 N
25 22 1 1 N
16 3 2 2 N
16 25 1 0 N
16 25 0 1 N
3 2 2 2 N
3 14 0 0 N
3 22 1 1 N
2 19 1 1 N
2 9 2 0 N
2 16 0 2 N
19 18 0 2 N
19 14 2 0 N
19 27 1 1 N
18 6 1 1 N
18 2 0 0 N
18 3 2 2 N
6 15 1 0 N
6 22 0 1 N
6 22 2 2 N
15 26 2 0 N
15 12 1 1 N
15 2 0 2 N
26 27 0 2 N
26 2 2 0 N
26 15 1 1 N
27 1 1 2 N
27 13 0 0 N
27 21 2 1 N
