6 17 0 2 S
6 2 1 1 S
6 13 2 0 S
17 25 2 2 N
17 21 0 0 N
17 4 1 1 N
25 22 1 2 N
25 12 2 0 N
25 3 0 1 N
22 16 2 0 N
22 19 1 1 N
22 13 0 2 N
16 23 0 0 N
16 15 1 2 N
16 21 2 1 N
23 26 2 0 N
23 22 1 1 N
23 13 0 2 N
26 9 1 2 N
26 23 2 1 N
26 9 0 0 N
9 10 1 2 N
9 22 0 1 N
9 0 2 0 N
10 15 2 0 N
10 21 1 2 N
10 4 0 1 N
15 2 1 2 N
15 16 0 0 N
15 23 2 1 N
2 5 2 1 N
2 20 1 0 N
2 18 0 2 N
5 12 2 0 N
5 6 0 1 N
5 7 1 2 N
12 7 1 0 N
12 2 2 1 N
12 24 0 2 N
7 4 0 2 N
7 8 1 1 N
7 24 2 0 N
4 27 0 2 N
4 5 2 0 N
4 5 1 1 N
27 21 1 1 N
27 13 0 0 N
27 12 2 2 N
21 3 1 0 N
21 6 2 1 N
21 6 0 2 N
3 19 2 2 N
3 16 1 1 N
3 12 0 0 N
19 20 0 1 N
19 5 1 2 N
19 5 2 0 N
20 1 0 2 N
20 27 1 1 N
20 0 2 0 N
1 18 0 2 N
1 15 1 1 N
1 15 2 0 N
18 8 0 2 N
18 13 2 0 N
18 24 1 1 N
8 24 2 1 N
8 9 1 0 N
8 7 0 2 N
24 14 0 2 N
24 12 2 0 N
24 24 1 1 N
14 11 1 2 N
14 16 0 1 N
14 17 2 0 N
11 13 2 0 N
11 23 0 1 N
11 5 1 2 N
13 0 0 2 N
13 24 1 1 N
13 24 2 0 N
0 21 0 1 N
0 19 1 0 N
0 19 2 2 N
