20 21 1 2 S
20 27 2 1 S
20 9 0 0 S
21 24 0 2 N
21 24 1 0 N
21 18 2 1 N
24 1 1 2 N
24 19 2 0 N
24 0 0 1 N
1 12 1 2 N
1 18 2 0 N
1 2 0 1 N
12 27 2 2 N
12 5 0 1 N
12 3 1 0 N
27 16 0 0 N
27 13 2 2 N
27 22 1 1 N
16 23 1 2 N
16 9 2 0 N
16 13 0 1 N
23 14 1 1 N
23 12 0 2 N
23 5 2 0 N
14 5 0 2 N
14 12 1 0 N
14 12 2 1 N
5 6 0 1 N
5 9 1 0 N
5 5 2 2 N
6 0 1 0 N
6 7 2 2 N
6 14 0 1 N
0 7 1 2 N
0 23 2 1 N
0 25 0 0 N
7 15 2 2 N
7 16 0 0 N
7 5 1 1 N
15 13 2 1 N
15 19 1 2 N
15 21 0 0 N
13 22 0 1 N
13 3 1 0 N
13 23 2 2 N
22 11 2 0 N
22 3 0 1 N
22 3 1 2 N
11 10 0 0 N
11 8 1 2 N
11 12 2 1 N
10 17 1 0 N
10 24 2 1 N
10 18 0 2 N
17 4 2 1 N
17 2 0 0 N
17 25 1 2 N
4 18 0 2 N
4 26 2 1 N
4 6 1 0 N
18 3 0 2 N
18 19 1 1 N
18 22 2 0 N
3 26 2 2 N
3 7 0 1 N
3 23 1 0 N
26 2 0 0 N
26 21 2 2 N
26 12 1 1 N
2 8 2 2 N
2 3 0 1 N
2 22 1 0 N
8 9 0 2 N
8 17 1 0 N
8 18 2 1 N
9 19 2 0 N
9 13 1 1 N
9 23 0 2 N
19 25 1 0 N
19 8 0 1 N
19 23 2 2 N
25 13 2 1 N
25 23 1 2 N
25 23 0 0 N
