12 5 0 2 S
12 6 1 1 S
12 22 2 0 S
5 7 0 0 N
5 4 1 2 N
5 6 2 1 N
7 10 0 2 N
7 9 2 1 N
7 26 1 0 N
10 15 1 1 N
10 26 2 2 N
10 6 0 0 N
15 22 0 0 N
15 24 2 1 N
15 14 1 2 N
22 13 2 0 N
22 4 0 1 N
22 6 1 2 N
13 1 0 0 N
13 24 1 2 N
13 15 2 1 N
1 9 2 0 N
1 3 1 2 N
1 19 0 1 N
9 19 0 2 N
9 12 1 1 N
9 24 2 0 N
19 25 1 0 N
19 13 0 1 N
19 10 2 2 N
25 2 1 0 N
25 1 0 1 N
25 6 2 2 N
2 20 1 0 N
2 15 0 2 N
2 22 2 1 N
20 14 2 1 N
20 25 0 2 N
20 10 1 0 N
14 11 0 1 N
14 10 2 0 N
14 10 1 2 N
11 17 1 1 N
11 21 0 2 N
11 22 2 0 N
17 21 2 1 N
17 8 0 2 N
17 14 1 0 N
21 3 2 2 N
21 24 1 1 N
21 6 0 0 N
3 27 0 1 N
3 14 1 2 N
3 4 2 0 N
27 24 1 0 N
27 19 2 2 N
27 24 0 1 N
24 16 2 0 N
24 21 0 2 N
24 10 1 1 N
16 0 0 2 N
16 17 1 1 N
16 12 2 0 N
0 8 0 1 N
0 14 2 2 N
0 15 1 0 N
8 26 1 2 N
8 13 0 1 N
8 6 2 0 N
26 23 0 2 N
26 14 2 1 N
26 2 1 0 N
23 18 1 0 N
23 10 0 1 N
23 27 2 2 N
18 4 2 1 N
18 6 1 2 N
18 22 0 0 N
4 6 1 0 N
4 26 2 2 N
4 6 0 1 N
6 24 2 2 N
6 22 1 0 N
6 6 0 1 N
