25 5 0 1 S
25 17 1 2 S
25 9 2 0 S
5 9 2 1 N
5 16 1 2 N
5 8 0 0 N
9 20 2 2 N
9 1 0 0 N
9 1 1 1 N
20 18 1 1 N
20 26 2 0 N
20 17 0 2 N
18 1 2 0 N
18 23 1 2 N
18 19 0 1 N
1 8 2 0 N
1 19 0 1 N
1 1 1 2 N
8 14 2 2 N
8 9 0 1 N
8 1 1 0 N
14 12 0 2 N
14 3 2 1 N
14 12 1 0 N
12 6 1 0 N
12 27 2 2 N
12 26 0 1 N
6 27 2 1 N
6 18 0 2 N
6 13 1 0 N
27 19 0 1 N
27 9 2 0 N
27 1 1 2 N
19 23 0 0 N
19 0 1 2 N
19 27 2 1 N
23 15 2 2 N
23 5 0 0 N
23 26 1 1 N
15 10 2 0 N
15 18 1 1 N
15 13 0 2 N
10 3 1 1 N
10 7 0 0 N
10 13 2 2 N
3 22 0 2 N
3 26 1 1 N
3 5 2 0 N
22 17 1 2 N
22 4 0 1 N
22 0 2 0 N
17 7 1 1 N
17 2 2 2 N
17 22 0 0 N
7 11 0 0 N
7 6 2 2 N
7 10 1 1 N
11 2 1 2 N
11 21 2 0 N
11 1 0 1 N
2 13 2 1 N
2 27 1 2 N
2 5 0 0 N
13 16 0 1 N
13 25 2 0 N
13 0 1 2 N
16 21 1 2 N
16 8 0 1 N
16 1 2 0 N
21 0 1 0 N
21 27 2 2 N
21 5 0 1 N
0 4 0 0 N
0 24 2 2 N
0 19 1 1 N
4 26 1 2 N
4 27 2 0 N
4 19 0 1 N
26 24 0 1 N
26 18 1 2 N
26 1 2 0 N
24 21 2 0 N
24 19 0 2 N
24 27 1 1 N
