10 18 1 1 S
10 10 2 0 S
10 10 0 2 S
18 12 2 2 N
18 22 0 1 N
18 16 1 0 N
12 20 1 0 N
12 6 0 1 N
12 10 2 2 N
20 17 2 1 N
20 23 1 2 N
20 2 0 0 N
17 25 2 0 N
17 15 1 2 N
17 22 0 1 N
25 11 0 2 N
25 11 1 0 N
25 27 2 1 N
11 16 0 2 N
11 27 2 0 N
11 27 1 1 N
16 6 2 0 N
16 2 1 1 N
16 27 0 2 N
6 24 1 2 N
6 26 2 0 N
6 26 0 1 N
24 26 1 0 N
24 4 0 1 N
24 10 2 2 N
26 13 2 1 N
26 15 0 0 N
26 16 1 2 N
13 14 1 1 N
13 6 2 0 N
13 27 0 2 N
14 22 0 1 N
14 0 2 2 N
14 10 1 0 N
22 7 1 1 N
22 10 0 2 N
22 24 2 0 N
7 8 1 0 N
7 1 0 2 N
7 24 2 1 N
8 2 1 2 N
8 5 2 1 N
8 9 0 0 N
2 19 1 1 N
2 7 0 2 N
2 14 2 0 N
19 21 0 1 N
19 26 2 0 N
19 4 1 2 N
21 15 1 2 N
21 0 2 0 N
21 10 0 1 N
15 9 0 0 N
15 24 2 2 N
15 1 1 1 N
9 27 2 1 N
9 17 1 0 N
9 27 0 2 N
27 0 2 2 N
27 10 1 1 N
27 10 0 0 N
0 1 2 0 N
0 23 1 1 N
0 13 0 2 N
1 3 1 0 N
1 7 2 2 N
1 16 0 1 N
3 23 2 1 N
3 25 0 2 N
3 25 1 0 N
23 4 2 0 N
23 0 1 2 N
23 14 0 1 N
4 5 2 1 N
4 27 0 0 N
4 13 1 2 N
5 7 0 2 N
5 12 1 0 N
5 27 2 1 N
