12 6 2 1 S
12 24 1 2 S
12 7 0 0 S
6 21 1 1 N
6 3 0 0 N
6 23 2 2 N
21 24 1 0 N
21 6 2 1 N
21 19 0 2 N
24 7 0 2 N
24 1 1 1 N
24 12 2 0 N
7 10 0 2 N
7 3 2 0 N
7 10 1 1 N
10 25 2 2 N
10 6 0 1 N
10 6 1 0 N
25 14 1 2 N
25 1 2 0 N
25 11 0 1 N
14 18 0 0 N
14 1 1 1 N
14 24 2 2 N
18 17 0 0 N
18 17 2 2 N
18 2 1 1 N
17 23 1 1 N
17 10 2 0 N
17 2 0 2 N
23 1 0 2 N
23 6 1 1 N
23 23 2 0 N
1 5 2 2 N
1 0 0 1 N
1 6 1 0 N
5 9 0 2 N
5 19 2 1 N
5 11 1 0 N
9 13 0 1 N
9 10 2 0 N
9 6 1 2 N
13 20 2 1 N
13 14 1 2 N
13 1 0 0 N
20 8 2 2 N
20 2 0 0 N
20 6 1 1 N
8 15 1 2 N
8 24 0 1 N
8 20 2 0 N
15 16 2 2 N
15 23 0 1 N
15 10 1 0 N
16 11 0 1 N
16 19 2 2 N
16 5 1 0 N
11 22 2 0 N
11 25 0 2 N
11 19 1 1 N
22 27 1 1 N
22 27 0 2 N
22 14 2 0 N
27 3 1 0 N
27 15 2 2 N
27 18 0 1 N
3 2 0 0 N
3 12 1 1 N
3 0 2 2 N
2 4 0 0 N
2 23 1 1 N
2 23 2 2 N
4 0 1 1 N
4 20 0 0 N
4 12 2 2 N
0 19 2 1 N
0 23 0 0 N
0 2 1 2 N
19 26 0 2 N
19 15 2 0 N
19 10 1 1 N
26 4 1 1 N
26 19 2 0 N
26 2 0 2 N
