11 7 2 0 S
11 2 0 2 S
11 0 1 1 S
7 19 0 0 N
7 25 2 2 N
7 3 1 1 N
19 25 0 1 N
19 16 1 0 N
19 6 2 2 N
25 1 1 0 N
25 6 0 2 N
25 3 2 1 N
1 0 2 1 N
1 0 0 0 N
1 25 1 2 N
0 12 0 1 N
0 3 2 2 N
0 2 1 0 N
12 10 1 2 N
12 6 2 0 N
12 3 0 1 N
10 8 1 0 N
10 14 2 1 N
10 26 0 2 N
8 21 0 0 N
8 4 2 2 N
8 26 1 1 N
21 14 0 0 N
21 3 1 1 N
21 19 2 2 N
14 13 1 0 N
14 13 2 1 N
14 16 0 2 N
13 27 0 0 N
13 16 2 1 N
13 6 1 2 N
27 6 2 0 N
27 7 0 2 N
27 17 1 1 N
6 9 0 2 N
6 23 2 0 N
6 3 1 1 N
9 17 2 2 N
9 14 0 1 N
9 3 1 0 N
17 22 2 1 N
17 19 1 0 N
17 16 0 2 N
22 23 2 2 N
22 18 0 0 N
22 23 1 1 N
23 16 1 1 N
23 21 2 0 N
23 21 0 2 N
16 3 2 1 N
16 22 0 0 N
16 19 1 2 N
3 5 2 2 N
3 12 0 1 N
3 3 1 0 N
5 24 1 1 N
5 16 0 2 N
5 7 2 0 N
24 18 2 2 N
24 0 1 1 N
24 23 0 0 N
18 26 1 0 N
18 15 0 2 N
18 23 2 1 N
26 20 1 1 N
26 23 2 2 N
26 25 0 0 N
20 4 0 1 N
20 8 1 0 N
20 3 2 2 N
4 15 1 2 N
4 0 2 1 N
4 23 0 0 N
15 2 1 2 N
15 1 0 0 N
15 11 2 1 N
2 27 1 2 N
2 17 2 1 N
2 17 0 0 N
