6 11 0 2 S
6 13 2 0 S
6 19 1 1 S
11 22 0 2 N
11 27 1 1 N
11 9 2 0 N
22 13 2 0 N
22 6 0 2 N
22 13 1 1 N
13 16 1 2 N
13 0 2 1 N
13 6 0 0 N
16 20 2 2 N
16 10 1 1 N
16 19 0 0 N
20 25 0 0 N
20 2 2 2 N
20 19 1 1 N
25 0 1 2 N
25 6 2 1 N
25 0 0 0 N
0 1 2 0 N
0 14 0 1 N
0 14 1 2 N
1 24 0 2 N
1 0 1 0 N
1 13 2 1 N
24 12 1 2 N
24 15 0 0 N
24 1 2 1 N
12 10 2 0 N
12 6 1 1 N
12 10 0 2 N
10 27 2 1 N
10 14 1 0 N
10 22 0 2 N
27 23 1 1 N
27 9 2 0 N
27 6 0 2 N
23 4 2 0 N
23 19 1 1 N
23 6 0 2 N
4 14 0 1 N
4 27 1 0 N
4 2 2 2 N
14 26 2 1 N
14 14 0 0 N
14 14 1 2 N
26 9 0 2 N
26 9 1 0 N
26 12 2 1 N
9 21 1 0 N
9 14 0 1 N
9 15 2 2 N
21 2 2 0 N
21 10 1 1 N
21 1 0 2 N
2 18 1 0 N
2 10 2 1 N
2 13 0 2 N
18 7 1 0 N
18 20 0 2 N
18 8 2 1 N
7 5 2 1 N
7 0 0 0 N
7 11 1 2 N
5 8 1 1 N
5 8 0 0 N
5 9 2 2 N
8 3 2 2 N
8 2 1 0 N
8 15 0 1 N
3 17 0 2 N
3 25 1 1 N
3 15 2 0 N
17 19 1 1 N
17 2 2 2 N
17 20 0 0 N
19 15 1 0 N
19 14 2 2 N
19 14 0 1 N
15 5 1 0 N
15 22 0 2 N
15 19 2 1 N
