12 11 1 2 S
12 2 0 0 S
12 16 2 1 S
11 9 1 0 N
11 13 0 2 N
11 18 2 1 N
9 14 2 0 N
9 22 1 2 N
9 13 0 1 N
14 4 1 1 N
14 25 2 0 N
14 6 0 2 N
4 7 0 2 N
4 22 1 1 N
4 18 2 0 N
7 1 2 1 N
7 2 1 2 N
7 23 0 0 N
1 27 0 2 N
1 0 2 1 N
1 18 1 0 N
27 25 1 2 N
27 4 0 1 N
27 8 2 0 N
25 16 1 0 N
25 25 0 2 N
25 25 2 1 N
16 5 2 0 N
16 8 0 2 N
16 25 1 1 N
5 8 1 0 N
5 16 2 1 N
5 0 0 2 N
8 2 0 0 N
8 23 1 2 N
8 17 2 1 N
2 21 0 1 N
2 0 1 0 N
2 18 2 2 N
21 26 0 1 N
21 6 2 2 N
21 25 1 0 N
26 23 2 2 N
26 15 1 1 N
26 21 0 0 N
23 15 0 0 N
23 1 2 1 N
23 16 1 2 N
15 24 1 0 N
15 14 2 2 N
15 9 0 1 N
24 10 1 2 N
24 9 0 1 N
24 7 2 0 N
10 17 0 1 N
10 0 2 0 N
10 13 1 2 N
17 6 1 1 N
17 8 0 2 N
17 18 2 0 N
6 18 2 2 N
6 1 0 0 N
6 27 1 1 N
18 3 0 1 N
18 8 2 0 N
18 25 1 2 N
3 19 0 0 N
3 12 2 2 N
3 12 1 1 N
19 0 1 1 N
19 18 0 0 N
19 17 2 2 N
0 20 2 1 N
0 11 0 2 N
0 1 1 0 N
20 13 1 0 N
20 26 0 1 N
20 17 2 2 N
13 22 2 1 N
13 6 1 0 N
13 25 0 2 N
22 8 1 1 N
22 0 2 2 N
22 18 0 0 N
