13 5 1 1 S
13 20 0 0 S
13 14 2 2 S
5 20 2 2 N
5 6 0 1 N
5 19 1 0 N
20 26 1 1 N
20 18 2 2 N
20 23 0 0 N
26 21 2 0 N
26 8 1 1 N
26 23 0 2 N
21 9 0 2 N
21 4 1 1 N
21 19 2 0 N
9 3 0 2 N
9 19 1 0 N
9 10 2 1 N
3 17 2 1 N
3 22 1 0 N
3 23 0 2 N
17 25 0 1 N
17 24 2 0 N
17 24 1 2 N
25 4 0 1 N
25 20 2 2 N
25 27 1 0 N
4 7 0 0 N
4 13 2 2 N
4 20 1 1 N
7 14 1 0 N
7 16 0 1 N
7 23 2 2 N
14 6 1 2 N
14 0 2 1 N
14 20 0 0 N
6 11 1 0 N
6 20 0 1 N
6 1 2 2 N
11 10 1 1 N
11 19 2 0 N
11 23 0 2 N
10 19 1 0 N
10 14 0 1 N
10 24 2 2 N
19 15 0 0 N
19 0 1 1 N
19 15 2 2 N
15 8 2 1 N
15 20 0 0 N
15 18 1 2 N
8 22 1 1 N
8 7 2 0 N
8 10 0 2 N
22 2 1 0 N
22 7 0 1 N
22 4 2 2 N
2 16 2 0 N
2 0 1 1 N
2 18 0 2 N
16 0 0 1 N
16 14 2 0 N
16 1 1 2 N
0 12 0 0 N
0 27 1 2 N
0 11 2 1 N
12 18 2 0 N
12 25 1 2 N
12 19 0 1 N
18 1 1 0 N
18 7 2 2 N
18 23 0 1 N
1 27 2 1 N
1 11 1 2 N
1 23 0 0 N
27 24 1 2 N
27 26 2 1 N
27 15 0 0 N
24 23 0 0 N
24 23 1 1 N
24 20 2 2 N
23 4 2 2 N
23 20 1 1 N
23 23 0 0 N
