3 24 1 0 S
3 16 2 1 S
3 10 0 2 S
24 18 2 2 N
24 23 0 1 N
24 26 1 0 N
18 9 1 0 N
18 19 2 2 N
18 9 0 1 N
9 25 2 1 N
9 22 1 2 N
9 22 0 0 N
25 14 0 0 N
25 26 2 1 N
25 22 1 2 N
14 11 2 1 N
14 24 0 2 N
14 24 1 0 N
11 13 1 2 N
11 22 2 0 N
11 0 0 1 N
13 1 1 0 N
13 5 2 1 N
13 0 0 2 N
1 10 1 2 N
1 6 0 1 N
1 23 2 0 N
10 27 2 2 N
10 11 0 0 N
10 21 1 1 N
27 2 1 0 N
27 9 0 2 N
27 9 2 1 N
2 8 2 1 N
2 16 1 2 N
2 11 0 0 N
8 16 1 2 N
8 11 2 1 N
8 21 0 0 N
16 6 0 2 N
16 11 1 0 N
16 9 2 1 N
6 26 2 1 N
6 21 1 0 N
6 25 0 2 N
26 15 2 0 N
26 23 1 2 N
26 21 0 1 N
15 20 0 1 N
15 25 1 2 N
15 1 2 0 N
20 5 0 2 N
20 13 1 0 N
20 8 2 1 N
5 21 2 1 N
5 18 0 2 N
5 21 1 0 N
21 17 1 0 N
21 18 0 1 N
21 21 2 2 N
17 19 1 1 N
17 0 0 0 N
17 9 2 2 N
19 7 0 2 N
19 10 2 1 N
19 24 1 0 N
7 22 0 2 N
7 16 2 1 N
7 0 1 0 N
22 4 0 1 N
22 24 2 0 N
22 0 1 2 N
4 23 0 1 N
4 18 2 2 N
4 12 1 0 N
23 0 1 2 N
23 11 0 0 N
23 5 2 1 N
0 12 2 0 N
0 9 1 1 N
0 21 0 2 N
12 24 2 0 N
12 23 0 2 N
12 26 1 1 N
