24 6 0 0 S
24 10 1 2 S
24 12 2 1 S
6 14 1 2 N
6 15 2 1 N
6 14 0 0 N
14 21 0 2 N
14 0 2 1 N
14 27 1 0 N
21 10 2 1 N
21 23 0 0 N
21 26 1 2 N
10 15 2 0 N
10 18 1 1 N
10 20 0 2 N
15 17 1 1 N
15 26 2 2 N
15 25 0 0 N
17 5 0 2 N
17 23 2 1 N
17 26 1 0 N
5 23 1 0 N
5 24 2 2 N
5 26 0 1 N
23 4 2 2 N
23 21 1 0 N
23 14 0 1 N
4 7 0 2 N
4 10 2 1 N
4 2 1 0 N
7 26 2 2 N
7 23 0 0 N
7 14 1 1 N
26 11 2 1 N
26 2 1 2 N
26 26 0 0 N
11 1 1 2 N
11 12 0 0 N
11 26 2 1 N
1 16 2 2 N
1 18 1 0 N
1 4 0 1 N
16 12 1 0 N
16 4 0 1 N
16 23 2 2 N
12 8 0 2 N
12 26 1 0 N
12 26 2 1 N
8 3 1 0 N
8 7 0 1 N
8 26 2 2 N
3 27 0 2 N
3 12 1 0 N
3 26 2 1 N
27 13 2 0 N
27 17 0 2 N
27 17 1 1 N
13 18 2 0 N
13 3 0 2 N
13 25 1 1 N
18 22 2 0 N
18 7 0 1 N
18 3 1 2 N
22 20 2 0 N
22 0 0 1 N
22 8 1 2 N
20 0 2 2 N
20 3 0 0 N
20 26 1 1 N
0 2 1 0 N
0 2 0 2 N
0 17 2 1 N
2 25 1 2 N
2 8 2 1 N
2 26 0 0 N
25 9 2 1 N
25 10 0 2 N
25 3 1 0 N
9 19 1 1 N
9 11 0 2 N
9 17 2 0 N
19 5 0 1 N
19 12 1 0 N
19 17 2 2 N
