13 5 0 0 S
13 12 1 2 S
13 3 2 1 S
5 7 1 1 N
5 23 0 2 N
5 8 2 0 N
7 18 1 2 N
7 6 2 1 N
7 16 0 0 N
18 25 2 2 N
18 16 0 1 N
18 21 1 0 N
25 22 0 1 N
25 23 2 0 N
25 10 1 2 N
22 10 2 0 N
22 14 1 1 N
22 23 0 2 N
10 8 0 0 N
10 20 2 2 N
10 3 1 1 N
8 16 2 1 N
8 25 1 2 N
8 12 0 0 N
16 27 2 2 N
16 12 1 1 N
16 9 0 0 N
27 23 1 2 N
27 8 0 1 N
27 20 2 0 N
23 0 0 1 N
23 5 1 2 N
23 27 2 0 N
0 17 1 2 N
0 25 2 1 N
0 15 0 0 N
17 24 1 2 N
17 20 0 1 N
17 0 2 0 N
24 21 0 0 N
24 16 2 1 N
24 19 1 2 N
21 20 0 2 N
21 5 1 1 N
21 24 2 0 N
20 2 2 2 N
20 22 1 1 N
20 20 0 0 N
2 19 2 0 N
2 16 1 1 N
2 14 0 2 N
19 9 1 0 N
19 22 2 2 N
19 23 0 1 N
9 14 1 0 N
9 3 0 2 N
9 4 2 1 N
14 11 1 0 N
14 11 2 1 N
14 27 0 2 N
11 15 2 0 N
11 15 0 1 N
11 3 1 2 N
15 6 0 1 N
15 1 1 2 N
15 25 2 0 N
6 4 2 1 N
6 16 0 2 N
6 14 1 0 N
4 12 0 0 N
4 23 2 1 N
4 2 1 2 N
12 3 1 2 N
12 7 0 0 N
12 23 2 1 N
3 1 0 0 N
3 27 2 1 N
3 20 1 2 N
1 26 0 2 N
1 4 1 0 N
1 4 2 1 N
26 11 0 2 N
26 27 1 0 N
26 13 2 1 N
