0 17 0 1 S
0 15 1 2 S
0 0 2 0 S
17 7 1 1 N
17 12 2 0 N
17 1 0 2 N
7 21 1 2 N
7 20 0 1 N
7 0 2 0 N
21 26 2 2 N
21 13 1 1 N
21 14 0 0 N
26 9 1 0 N
26 16 2 1 N
26 3 0 2 N
9 22 1 2 N
9 7 2 0 N
9 24 0 1 N
22 3 1 1 N
22 19 0 0 N
22 10 2 2 N
3 25 1 0 N
3 13 2 1 N
3 0 0 2 N
25 13 1 1 N
25 15 2 0 N
25 27 0 2 N
13 10 0 0 N
13 25 2 1 N
13 14 1 2 N
10 19 1 2 N
10 27 0 0 N
10 7 2 1 N
19 5 1 0 N
19 20 2 1 N
19 12 0 2 N
5 18 2 0 N
5 11 0 2 N
5 15 1 1 N
18 23 0 0 N
18 24 2 2 N
18 5 1 1 N
23 8 1 1 N
23 0 2 2 N
23 7 0 0 N
8 2 1 0 N
8 9 2 2 N
8 3 0 1 N
2 16 1 1 N
2 10 2 2 N
2 23 0 0 N
16 27 1 0 N
16 21 0 1 N
16 20 2 2 N
27 11 0 2 N
27 26 2 0 N
27 1 1 1 N
11 12 1 0 N
11 15 0 2 N
11 16 2 1 N
12 14 0 1 N
12 21 2 2 N
12 1 1 0 N
14 6 1 1 N
14 0 2 2 N
14 12 0 0 N
6 15 0 1 N
6 17 2 0 N
6 17 1 2 N
15 24 1 1 N
15 7 2 0 N
15 0 0 2 N
24 4 1 1 N
24 8 2 2 N
24 27 0 0 N
4 1 1 0 N
4 11 2 2 N
4 3 0 1 N
1 20 0 1 N
1 0 2 2 N
1 7 1 0 N
20 27 0 0 N
20 25 2 2 N
20 15 1 1 N
