9 4 1 1 S
9 7 2 0 S
9 0 0 2 S
4 18 2 2 N
4 27 1 0 N
4 8 0 1 N
18 1 0 1 N
18 3 2 2 N
18 4 1 0 N
1 2 1 1 N
1 15 2 2 N
1 5 0 0 N
2 8 2 1 N
2 10 0 2 N
2 17 1 0 N
8 10 2 0 N
8 22 1 1 N
8 8 0 2 N
10 21 2 2 N
10 2 0 1 N
10 1 1 0 N
21 15 2 2 N
21 16 1 1 N
21 22 0 0 N
15 7 1 2 N
15 5 0 0 N
15 22 2 1 N
7 20 2 1 N
7 3 0 0 N
7 1 1 2 N
20 12 1 1 N
20 25 0 2 N
20 16 2 0 N
12 22 1 0 N
12 27 0 2 N
12 16 2 1 N
22 16 1 0 N
22 18 2 1 N
22 8 0 2 N
16 11 1 0 N
16 2 2 1 N
16 22 0 2 N
11 17 1 0 N
11 4 0 1 N
11 1 2 2 N
17 24 2 1 N
17 22 0 2 N
17 6 1 0 N
24 5 0 2 N
24 27 2 1 N
24 6 1 0 N
5 27 1 2 N
5 10 2 1 N
5 8 0 0 N
27 23 0 0 N
27 0 1 2 N
27 3 2 1 N
23 26 0 2 N
23 12 2 0 N
23 24 1 1 N
26 3 1 2 N
26 16 2 1 N
26 24 0 0 N
3 19 0 2 N
3 6 2 1 N
3 6 1 0 N
19 13 1 1 N
19 21 0 2 N
19 26 2 0 N
13 25 1 1 N
13 8 0 2 N
13 5 2 0 N
25 14 1 1 N
25 4 2 2 N
25 1 0 0 N
14 0 1 2 N
14 4 0 1 N
14 5 2 0 N
0 6 0 0 N
0 24 1 2 N
0 6 2 1 N
6 24 2 2 N
6 15 0 1 N
6 8 1 0 N
