26 7 1 1 S
26 27 2 0 S
26 17 0 2 S
7 24 1 1 N
7 23 2 0 N
7 17 0 2 N
24 10 1 1 N
24 2 2 2 N
24 23 0 0 N
10 18 1 1 N
10 22 2 0 N
10 13 0 2 N
18 4 1 2 N
18 23 0 0 N
18 19 2 1 N
4 16 0 1 N
4 19 2 2 N
4 17 1 0 N
16 9 1 2 N
16 26 0 0 N
16 26 2 1 N
9 3 2 0 N
9 6 1 1 N
9 0 0 2 N
3 6 2 1 N
3 26 0 0 N
3 0 1 2 N
6 8 2 0 N
6 17 1 2 N
6 23 0 1 N
8 21 0 0 N
8 4 2 2 N
8 20 1 1 N
21 13 1 1 N
21 17 2 0 N
21 25 0 2 N
13 22 2 1 N
13 10 1 2 N
13 25 0 0 N
22 23 1 1 N
22 8 2 2 N
22 26 0 0 N
23 25 1 0 N
23 4 2 2 N
23 20 0 1 N
25 19 0 0 N
25 20 2 1 N
25 2 1 2 N
19 0 1 2 N
19 0 0 0 N
19 20 2 1 N
0 15 1 1 N
0 26 2 0 N
0 5 0 2 N
15 5 2 2 N
15 14 0 1 N
15 4 1 0 N
5 1 1 2 N
5 25 0 1 N
5 5 2 0 N
1 11 0 0 N
1 20 1 1 N
1 5 2 2 N
11 17 0 0 N
11 23 1 2 N
11 5 2 1 N
17 12 1 0 N
17 27 2 2 N
17 5 0 1 N
12 20 0 0 N
12 20 2 2 N
12 26 1 1 N
20 2 0 1 N
20 15 2 2 N
20 5 1 0 N
2 14 2 1 N
2 9 0 0 N
2 26 1 2 N
14 27 1 1 N
14 23 0 2 N
14 25 2 0 N
27 20 0 2 N
27 0 1 1 N
27 19 2 0 N
