0 7 2 2 S
0 23 1 0 S
0 26 0 1 S
7 12 1 2 N
7 2 2 1 N
7 15 0 0 N
12 16 0 0 N
12 9 1 1 N
12 19 2 2 N
16 18 0 1 N
16 11 2 2 N
16 25 1 0 N
18 3 0 2 N
18 6 1 1 N
18 4 2 0 N
3 1 0 2 N
3 16 1 1 N
3 5 2 0 N
1 14 1 2 N
1 20 2 0 N
1 9 0 1 N
14 24 0 2 N
14 11 1 0 N
14 2 2 1 N
24 15 2 2 N
24 12 0 0 N
24 23 1 1 N
15 19 1 2 N
15 9 2 0 N
15 17 0 1 N
19 27 2 1 N
19 17 0 2 N
19 17 1 0 N
27 25 2 0 N
27 24 1 1 N
27 9 0 2 N
25 5 2 1 N
25 10 1 0 N
25 26 0 2 N
5 11 0 0 N
5 17 2 1 N
5 19 1 2 N
11 8 0 1 N
11 13 2 2 N
11 3 1 0 N
8 2 1 2 N
8 15 0 0 N
8 17 2 1 N
2 21 1 0 N
2 15 2 2 N
2 5 0 1 N
21 22 1 1 N
21 19 0 0 N
21 10 2 2 N
22 20 0 1 N
22 20 1 2 N
22 5 2 0 N
20 10 1 1 N
20 23 2 0 N
20 26 0 2 N
10 9 2 1 N
10 26 1 2 N
10 19 0 0 N
9 26 2 1 N
9 0 0 0 N
9 15 1 2 N
26 4 2 0 N
26 9 0 2 N
26 15 1 1 N
4 13 0 1 N
4 8 2 2 N
4 17 1 0 N
13 23 0 1 N
13 2 1 2 N
13 15 2 0 N
23 6 2 1 N
23 1 0 0 N
23 18 1 2 N
6 17 2 0 N
6 4 0 1 N
6 27 1 2 N
17 0 1 0 N
17 19 0 2 N
17 17 2 1 N
