8 16 1 2 S
8 24 2 0 S
8 0 0 1 S
16 19 0 1 N
16 14 2 0 N
16 27 1 2 N
19 5 1 1 N
19 22 0 0 N
19 14 2 2 N
5 13 1 2 N
5 16 2 0 N
5 16 0 1 N
13 9 0 1 N
13 25 1 2 N
13 12 2 0 N
9 7 2 0 N
9 25 1 1 N
9 16 0 2 N
7 18 2 0 N
7 6 0 2 N
7 22 1 1 N
18 22 0 2 N
18 11 2 0 N
18 6 1 1 N
22 12 2 1 N
22 5 0 2 N
22 14 1 0 N
12 15 2 0 N
12 27 1 2 N
12 14 0 1 N
15 27 0 1 N
15 2 2 0 N
15 21 1 2 N
27 17 0 1 N
27 4 1 0 N
27 14 2 2 N
17 1 1 1 N
17 8 2 0 N
17 25 0 2 N
1 14 2 2 N
1 15 1 0 N
1 26 0 1 N
14 3 1 0 N
14 12 2 1 N
14 14 0 2 N
3 23 2 2 N
3 0 0 1 N
3 6 1 0 N
23 11 2 1 N
23 9 0 0 N
23 4 1 2 N
11 25 1 1 N
11 25 2 2 N
11 25 0 0 N
25 6 1 0 N
25 12 0 2 N
25 13 2 1 N
6 20 2 2 N
6 12 1 0 N
6 25 0 1 N
20 4 1 2 N
20 4 2 1 N
20 12 0 0 N
4 26 0 2 N
4 14 1 1 N
4 13 2 0 N
26 21 1 2 N
26 15 2 0 N
26 16 0 1 N
21 0 0 1 N
21 22 1 2 N
21 25 2 0 N
0 10 0 0 N
0 11 1 2 N
0 4 2 1 N
10 2 1 0 N
10 11 2 1 N
10 14 0 2 N
2 24 1 0 N
2 16 0 1 N
2 19 2 2 N
24 9 1 1 N
24 7 2 0 N
24 22 0 2 N
