25 17 2 1 S
25 19 1 2 S
25 1 0 0 S
17 21 1 0 N
17 23 2 1 N
17 13 0 2 N
21 6 2 0 N
21 17 1 1 N
21 23 0 2 N
6 23 0 0 N
6 10 1 2 N
6 5 2 1 N
23 9 1 1 N
23 25 2 0 N
23 19 0 2 N
9 11 0 0 N
9 26 1 2 N
9 22 2 1 N
11 19 2 2 N
11 17 0 1 N
11 2 1 0 N
19 13 0 2 N
19 2 1 0 N
19 3 2 1 N
13 15 2 0 N
13 11 0 1 N
13 26 1 2 N
15 20 2 1 N
15 1 0 2 N
15 13 1 0 N
20 27 0 1 N
20 15 1 2 N
20 21 2 0 N
27 10 0 2 N
27 13 1 1 N
27 27 2 0 N
10 5 1 2 N
10 17 0 0 N
10 19 2 1 N
5 8 0 2 N
5 7 1 1 N
5 0 2 0 N
8 18 1 0 N
8 17 2 1 N
8 23 0 2 N
18 1 2 2 N
18 26 1 0 N
18 3 0 1 N
1 4 2 2 N
1 27 0 0 N
1 27 1 1 N
4 7 0 2 N
4 3 2 1 N
4 3 1 0 N
7 14 0 2 N
7 2 1 0 N
7 12 2 1 N
14 0 2 0 N
14 17 1 1 N
14 27 0 2 N
0 12 1 1 N
0 13 2 2 N
0 16 0 0 N
12 24 2 1 N
12 27 1 0 N
12 19 0 2 N
24 2 2 1 N
24 1 0 2 N
24 22 1 0 N
2 26 2 0 N
2 23 1 1 N
2 1 0 2 N
26 16 1 2 N
26 19 2 0 N
26 27 0 1 N
16 3 0 0 N
16 9 1 2 N
16 3 2 1 N
3 22 1 0 N
3 19 2 2 N
3 1 0 1 N
22 19 2 2 N
22 0 1 1 N
22 3 0 0 N
