21 24 2 2 S
21 17 1 0 S
21 22 0 1 S
24 16 0 2 N
24 23 2 0 N
24 7 1 1 N
16 9 1 0 N
16 9 0 1 N
16 22 2 2 N
9 20 2 1 N
9 0 0 0 N
9 26 1 2 N
20 11 1 0 N
20 21 2 1 N
20 18 0 2 N
11 13 0 2 N
11 0 2 1 N
11 13 1 0 N
13 23 2 2 N
13 7 1 0 N
13 5 0 1 N
23 12 1 2 N
23 0 0 1 N
23 10 2 0 N
12 3 2 2 N
12 7 0 0 N
12 2 1 1 N
3 10 0 1 N
3 26 1 0 N
3 8 2 2 N
10 17 1 1 N
10 6 0 2 N
10 8 2 0 N
17 4 1 1 N
17 0 0 2 N
17 22 2 0 N
4 5 0 1 N
4 19 2 2 N
4 9 1 0 N
5 27 1 0 N
5 18 0 2 N
5 22 2 1 N
27 6 2 0 N
27 8 1 2 N
27 2 0 1 N
6 25 0 0 N
6 0 2 1 N
6 22 1 2 N
25 19 2 1 N
25 18 1 0 N
25 18 0 2 N
19 14 1 0 N
19 9 0 2 N
19 24 2 1 N
14 2 0 0 N
14 25 1 1 N
14 7 2 2 N
2 0 1 2 N
2 6 2 0 N
2 23 0 1 N
0 26 2 2 N
0 16 0 1 N
0 10 1 0 N
26 7 0 2 N
26 6 1 1 N
26 16 2 0 N
7 8 2 2 N
7 15 1 0 N
7 0 0 1 N
8 18 2 2 N
8 5 0 0 N
8 5 1 1 N
18 22 1 1 N
18 0 2 2 N
18 0 0 0 N
22 15 0 2 N
22 26 2 0 N
22 22 1 1 N
15 1 0 0 N
15 11 1 2 N
15 2 2 1 N
1 15 1 1 N
1 18 0 0 N
1 22 2 2 N
