18 10 2 1 S
18 18 1 2 S
18 18 0 0 S
10 27 1 1 N
10 25 0 2 N
10 23 2 0 N
27 24 2 1 N
27 22 0 0 N
27 6 1 2 N
24 11 1 0 N
24 18 2 1 N
24 21 0 2 N
11 23 0 2 N
11 25 2 0 N
11 9 1 1 N
23 19 0 2 N
23 16 1 1 N
23 18 2 0 N
19 7 2 2 N
19 23 1 0 N
19 26 0 1 N
7 4 1 2 N
7 20 0 1 N
7 13 2 0 N
4 13 0 2 N
4 22 1 1 N
4 0 2 0 N
13 15 0 1 N
13 15 2 2 N
13 22 1 0 N
15 2 0 0 N
15 23 2 1 N
15 5 1 2 N
2 21 1 1 N
2 5 0 2 N
2 5 2 0 N
21 6 1 2 N
21 24 0 0 N
21 23 2 1 N
6 26 0 2 N
6 1 2 1 N
6 18 1 0 N
26 16 1 0 N
26 1 0 2 N
26 9 2 1 N
16 17 1 2 N
16 10 2 0 N
16 18 0 1 N
17 12 1 2 N
17 10 2 0 N
17 7 0 1 N
12 9 2 1 N
12 15 1 0 N
12 4 0 2 N
9 22 0 1 N
9 7 1 0 N
9 21 2 2 N
22 8 1 1 N
22 16 0 2 N
22 2 2 0 N
8 14 2 1 N
8 6 0 2 N
8 10 1 0 N
14 0 2 2 N
14 1 1 0 N
14 18 0 1 N
0 25 1 2 N
0 8 2 1 N
0 16 0 0 N
25 5 2 1 N
25 0 1 0 N
25 5 0 2 N
5 3 2 2 N
5 16 0 0 N
5 18 1 1 N
3 20 2 0 N
3 23 1 2 N
3 9 0 1 N
20 1 1 0 N
20 27 0 1 N
20 22 2 2 N
1 25 1 2 N
1 22 0 1 N
1 5 2 0 N
