19 14 1 2 S
19 9 0 0 S
19 1 2 1 S
14 24 2 1 N
14 2 0 0 N
14 9 1 2 N
24 2 0 1 N
24 6 2 0 N
24 26 1 2 N
2 11 1 0 N
2 15 2 1 N
2 2 0 2 N
11 18 1 1 N
11 26 0 0 N
11 24 2 2 N
18 8 0 0 N
18 26 1 1 N
18 22 2 2 N
8 16 2 2 N
8 16 0 1 N
8 25 1 0 N
16 12 2 2 N
16 18 0 0 N
16 19 1 1 N
12 21 2 1 N
12 11 1 0 N
12 15 0 2 N
21 6 0 0 N
21 13 2 1 N
21 16 1 2 N
6 1 2 0 N
6 3 0 1 N
6 20 1 2 N
1 10 1 0 N
1 22 0 2 N
1 2 2 1 N
10 7 0 1 N
10 27 2 2 N
10 15 1 0 N
7 0 2 0 N
7 1 1 1 N
7 9 0 2 N
0 20 1 1 N
0 8 2 0 N
0 17 0 2 N
20 9 0 1 N
20 17 1 0 N
20 2 2 2 N
9 26 0 0 N
9 25 1 1 N
9 1 2 2 N
26 23 2 0 N
26 2 0 2 N
26 9 1 1 N
23 3 2 1 N
23 27 0 2 N
23 22 1 0 N
3 25 2 0 N
3 11 1 2 N
3 2 0 1 N
25 15 1 2 N
25 26 2 1 N
25 2 0 0 N
15 5 0 1 N
15 18 2 0 N
15 9 1 2 N
5 17 0 2 N
5 1 2 0 N
5 15 1 1 N
17 27 2 1 N
17 7 1 0 N
17 26 0 2 N
27 13 2 2 N
27 8 0 0 N
27 3 1 1 N
13 4 1 1 N
13 12 2 0 N
13 1 0 2 N
4 22 1 2 N
4 11 0 1 N
4 16 2 0 N
22 14 0 1 N
22 2 1 0 N
22 2 2 2 N
