28 17 2 0 S
28 29 1 1 S
28 29 0 2 S
17 3 1 2 N
17 49 2 1 N
17 3 0 0 N
3 36 1 1 N
3 46 2 0 N
3 12 0 2 N
36 21 0 2 N
36 29 1 1 N
36 35 2 0 N
21 8 2 0 N
21 34 0 1 N
21 27 1 2 N
8 24 1 0 N
8 5 0 2 N
8 46 2 1 N
24 31 1 2 N
24 22 2 0 N
24 7 0 1 N
31 4 0 1 N
31 36 2 0 N
31 36 1 2 N
4 38 0 1 N
4 34 2 2 N
4 46 1 0 N
38 35 0 2 N
38 25 2 0 N
38 49 1 1 N
35 26 2 2 N
35 49 1 1 N
35 27 0 0 N
26 6 1 2 N
26 1 2 1 N
26 19 0 0 N
6 46 1 1 N
6 36 0 0 N
6 10 2 2 N
46 23 0 2 N
46 39 1 0 N
46 21 2 1 N
23 15 2 1 N
23 8 1 0 N
23 31 0 2 N
15 30 2 0 N
15 33 1 1 N
15 46 0 2 N
30 42 1 0 N
30 9 0 2 N
30 19 2 1 N
42 5 1 0 N
42 39 2 1 N
42 34 0 2 N
5 49 0 0 N
5 45 2 1 N
5 49 1 2 N
49 39 1 1 N
49 6 2 0 N
49 49 0 2 N
39 44 0 0 N
39 6 2 1 N
39 35 1 2 N
44 25 1 2 N
44 11 0 0 N
44 9 2 1 N
25 41 1 1 N
25 45 2 0 N
25 40 0 2 N
41 19 1 1 N
41 11 0 0 N
41 5 2 2 N
19 20 1 0 N
19 0 0 1 N
19 49 2 2 N
20 0 2 2 N
20 17 1 0 N
20 34 0 1 N
0 9 2 0 N
0 49 1 2 N
0 27 0 1 N
9 2 0 0 N
9 27 1 1 N
9 3 2 2 N
2 48 0 2 N
2 5 1 1 N
2 27 2 0 N
48 33 2 2 N
48 20 0 1 N
48 46 1 0 N
33 47 2 2 N
33 45 1 1 N
33 43 0 0 N
47 10 1 0 N
47 22 2 2 N
47 10 0 1 N
10 37 2 1 N
10 35 0 2 N
10 2 1 0 N
37 14 0 2 N
37 35 1 1 N
37 18 2 0 N
14 34 2 2 N
14 46 0 1 N
14 6 1 0 N
34 27 2 0 N
34 30 1 1 N
34 49 0 2 N
27 29 2 2 N
27 29 1 0 N
27 49 0 1 N
29 16 1 2 N
29 20 2 1 N
29 42 0 0 N
16 18 0 2 N
16 31 1 1 N
16 49 2 0 N
18 22 2 1 N
18 44 0 2 N
18 42 1 0 N
22 7 1 1 N
22 36 0 2 N
22 6 2 0 N
7 1 1 1 N
7 10 0 2 N
7 6 2 0 N
1 12 0 1 N
1 7 1 2 N
1 35 2 0 N
12 13 0 0 N
12 49 1 1 N
12 0 2 2 N
13 32 2 2 N
13 2 1 1 N
13 42 0 0 N
32 40 1 2 N
32 1 0 1 N
32 21 2 0 N
40 45 2 2 N
40 15 1 0 N
40 30 0 1 N
45 11 0 0 N
45 4 2 2 N
45 32 1 1 N
11 43 0 0 N
11 30 1 2 N
11 20 2 1 N
43 0 2 0 N
43 49 0 2 N
43 10 1 1 N
