11 34 1 1 S
34 47 2 1 N
47 40 0 2 N
40 1 2 2 N
1 36 1 2 N
36 41 1 1 N
41 49 0 2 N
49 46 0 1 N
46 38 0 2 N
38 22 1 1 N
22 17 2 1 N
17 5 1 2 N
5 16 1 1 N
16 14 1 0 N
14 7 0 2 N
7 4 2 1 N
4 35 2 2 N
35 21 0 1 N
21 37 2 0 N
37 33 0 1 N
33 29 1 1 N
29 42 1 0 N
42 20 2 1 N
20 3 2 1 N
3 0 1 2 N
0 26 0 0 N
26 32 1 0 N
32 13 1 2 N
13 48 1 2 N
48 10 0 1 N
10 18 0 0 N
18 23 1 1 N
23 25 0 1 N
25 9 1 0 N
9 31 2 0 N
31 28 2 2 N
28 15 0 1 N
15 27 1 2 N
27 30 2 0 N
30 44 0 2 N
44 2 2 2 N
2 6 1 0 N
6 45 1 1 N
45 12 1 2 N
12 19 2 0 N
19 39 0 1 N
39 43 1 1 N
43 8 2 0 N
8 24 0 1 N
