31 45 0 1 S
45 11 0 2 N
11 21 1 0 N
21 37 0 2 N
37 46 1 0 N
46 19 2 2 N
19 36 1 1 N
36 48 2 1 N
48 47 2 0 N
47 30 1 1 N
30 5 0 0 N
5 38 1 2 N
38 18 2 1 N
18 16 1 1 N
16 41 1 1 N
41 29 0 1 N
29 2 2 1 N
2 17 2 1 N
17 4 1 0 N
4 7 1 2 N
7 40 0 1 N
40 43 1 2 N
43 49 1 2 N
49 25 1 0 N
25 8 0 2 N
8 12 1 1 N
12 44 1 2 N
44 42 1 2 N
42 13 2 0 N
13 26 1 1 N
26 22 1 0 N
22 20 0 0 N
20 23 0 2 N
23 35 0 2 N
35 27 0 0 N
27 24 1 0 N
24 9 0 0 N
9 15 2 0 N
15 34 2 1 N
34 32 1 1 N
32 6 1 1 N
6 0 2 2 N
0 28 0 2 N
28 14 0 2 N
14 10 0 1 N
10 3 2 1 N
3 1 1 1 N
1 33 0 1 N
33 39 1 2 N
