38 49 0 1 S
38 12 2 0 S
38 32 1 2 S
49 12 2 0 N
49 19 1 1 N
49 47 0 2 N
12 46 0 1 N
12 10 1 2 N
12 0 2 0 N
46 21 1 0 N
46 29 0 2 N
46 12 2 1 N
21 20 0 1 N
21 3 2 2 N
21 6 1 0 N
20 2 2 2 N
20 3 1 0 N
20 26 0 1 N
2 24 1 1 N
2 42 2 0 N
2 5 0 2 N
24 25 1 2 N
24 23 0 0 N
24 34 2 1 N
25 5 0 2 N
25 31 1 0 N
25 2 2 1 N
5 23 1 0 N
5 40 2 2 N
5 28 0 1 N
23 27 0 0 N
23 30 1 2 N
23 0 2 1 N
27 7 0 2 N
27 4 1 0 N
27 34 2 1 N
7 17 1 1 N
7 43 2 2 N
7 16 0 0 N
17 16 2 0 N
17 19 1 2 N
17 37 0 1 N
16 28 1 2 N
16 1 2 1 N
16 19 0 0 N
28 39 0 1 N
28 0 1 2 N
28 34 2 0 N
39 13 2 2 N
39 3 1 0 N
39 26 0 1 N
13 14 0 2 N
13 25 1 1 N
13 31 2 0 N
14 40 2 2 N
14 7 1 1 N
14 24 0 0 N
40 34 2 0 N
40 8 0 1 N
40 20 1 2 N
34 19 1 1 N
34 34 0 2 N
34 34 2 0 N
19 18 2 2 N
19 7 1 1 N
19 34 0 0 N
18 9 0 0 N
18 45 1 2 N
18 9 2 1 N
9 4 2 0 N
9 5 1 1 N
9 0 0 2 N
4 42 2 0 N
4 43 0 2 N
4 0 1 1 N
42 48 1 0 N
42 48 2 2 N
42 41 0 1 N
48 29 2 0 N
48 4 0 2 N
48 7 1 1 N
29 47 2 2 N
29 15 0 1 N
29 9 1 0 N
47 15 1 2 N
47 19 2 1 N
47 46 0 0 N
15 30 1 2 N
15 34 2 0 N
15 28 0 1 N
30 35 0 1 N
30 14 2 0 N
30 34 1 2 N
35 10 1 2 N
35 15 0 0 N
35 40 2 1 N
10 0 1 1 N
10 17 0 0 N
10 37 2 2 N
0 43 2 0 N
0 17 1 2 N
0 28 0 1 N
43 37 1 0 N
43 3 0 1 N
43 9 2 2 N
37 32 0 0 N
37 15 1 2 N
37 9 2 1 N
32 36 1 1 N
32 5 0 0 N
32 34 2 2 N
36 3 2 2 N
36 42 0 0 N
36 15 1 1 N
3 44 0 0 N
3 25 1 1 N
3 49 2 2 N
44 33 2 2 N
44 42 0 0 N
44 23 1 1 N
33 41 2 2 N
33 43 0 1 N
33 34 1 0 N
41 31 1 2 N
41 9 0 1 N
41 0 2 0 N
31 1 1 1 N
31 3 2 0 N
31 0 0 2 N
1 11 2 0 N
1 23 0 2 N
1 32 1 1 N
11 45 2 2 N
11 41 0 1 N
11 42 1 0 N
45 22 2 0 N
45 28 0 2 N
45 17 1 1 N
22 8 2 0 N
22 29 0 2 N
22 28 1 1 N
8 26 0 0 N
8 47 2 2 N
8 30 1 1 N
26 6 2 2 N
26 15 1 1 N
26 16 0 0 N
6 49 1 0 N
6 49 0 1 N
6 30 2 2 N
