24 20 0 2 S
20 3 2 1 N
3 25 1 1 N
25 27 0 0 N
27 22 1 0 N
22 37 2 0 N
37 6 1 1 N
6 30 2 1 N
30 47 2 0 N
47 1 2 2 N
1 5 0 1 N
5 46 0 0 N
46 49 2 0 N
49 7 2 1 N
7 17 1 2 N
17 40 1 0 N
40 11 1 0 N
11 9 1 1 N
9 0 0 0 N
0 19 0 1 N
19 21 1 2 N
21 26 0 2 N
26 15 2 2 N
15 16 2 0 N
16 35 2 1 N
35 10 2 2 N
10 23 1 1 N
23 39 0 2 N
39 48 1 0 N
48 42 1 2 N
42 33 1 1 N
33 8 2 0 N
8 45 0 2 N
45 4 0 0 N
4 31 1 2 N
31 29 0 2 N
29 34 0 2 N
34 41 1 1 N
41 44 2 0 N
44 38 0 1 N
38 14 1 0 N
14 28 1 0 N
28 2 2 1 N
2 32 1 1 N
32 18 0 2 N
18 13 0 2 N
13 36 1 0 N
36 12 0 1 N
12 43 2 2 N
