7 12 1 0 S
7 43 0 2 S
7 39 2 1 S
12 1 1 2 N
12 22 2 0 N
12 17 0 1 N
1 3 1 2 N
1 46 2 0 N
1 7 0 1 N
3 48 0 1 N
3 28 2 0 N
3 29 1 2 N
48 49 0 0 N
48 39 1 2 N
48 32 2 1 N
49 38 2 2 N
49 23 0 1 N
49 13 1 0 N
38 28 1 2 N
38 4 2 1 N
38 39 0 0 N
28 35 2 0 N
28 29 1 2 N
28 18 0 1 N
35 47 2 0 N
35 8 1 2 N
35 15 0 1 N
47 16 0 1 N
47 0 1 0 N
47 17 2 2 N
16 32 1 0 N
16 6 2 2 N
16 7 0 1 N
32 41 1 1 N
32 27 2 2 N
32 36 0 0 N
41 30 1 0 N
41 12 0 2 N
41 6 2 1 N
30 43 2 2 N
30 15 1 1 N
30 13 0 0 N
43 0 0 1 N
43 35 2 2 N
43 49 1 0 N
0 42 2 2 N
0 10 1 1 N
0 41 0 0 N
42 8 0 1 N
42 24 2 2 N
42 30 1 0 N
8 39 2 0 N
8 3 0 1 N
8 5 1 2 N
39 37 0 0 N
39 7 1 1 N
39 6 2 2 N
37 40 1 1 N
37 18 2 2 N
37 11 0 0 N
40 34 1 1 N
40 23 0 0 N
40 26 2 2 N
34 2 2 1 N
34 26 1 0 N
34 14 0 2 N
2 46 1 1 N
2 34 0 2 N
2 16 2 0 N
46 4 2 2 N
46 17 1 1 N
46 49 0 0 N
4 14 1 0 N
4 7 2 1 N
4 41 0 2 N
14 11 0 2 N
14 44 1 1 N
14 11 2 0 N
11 27 0 1 N
11 42 2 0 N
11 7 1 2 N
27 21 2 2 N
27 46 0 1 N
27 12 1 0 N
21 18 0 0 N
21 9 2 2 N
21 46 1 1 N
18 23 1 0 N
18 42 2 2 N
18 30 0 1 N
23 31 2 2 N
23 29 0 1 N
23 4 1 0 N
31 24 1 2 N
31 27 0 1 N
31 41 2 0 N
24 26 1 2 N
24 36 0 0 N
24 39 2 1 N
26 10 2 1 N
26 24 0 2 N
26 10 1 0 N
10 25 0 2 N
10 43 2 0 N
10 15 1 1 N
25 13 0 0 N
25 40 1 2 N
25 41 2 1 N
13 44 0 0 N
13 23 2 1 N
13 41 1 2 N
44 5 2 0 N
44 35 0 1 N
44 33 1 2 N
5 15 2 2 N
5 39 0 0 N
5 4 1 1 N
15 33 1 0 N
15 28 0 2 N
15 41 2 1 N
33 19 2 2 N
33 45 1 0 N
33 15 0 1 N
19 29 1 0 N
19 49 2 1 N
19 41 0 2 N
29 22 0 2 N
29 11 1 0 N
29 24 2 1 N
22 9 1 1 N
22 20 2 0 N
22 18 0 2 N
9 20 2 1 N
9 15 1 2 N
9 10 0 0 N
20 36 2 0 N
20 36 1 1 N
20 43 0 2 N
36 17 2 2 N
36 34 0 1 N
36 10 1 0 N
17 45 0 1 N
17 33 1 2 N
17 28 2 0 N
45 6 2 1 N
45 21 0 0 N
45 41 1 2 N
6 6 2 0 N
6 6 1 1 N
6 6 0 2 N
