33 17 1 1 S
33 7 0 0 S
33 2 2 2 S
17 44 1 0 N
17 16 2 2 N
17 8 0 1 N
44 47 1 2 N
44 31 2 0 N
44 29 0 1 N
47 1 1 2 N
47 12 0 1 N
47 12 2 0 N
1 27 2 1 N
1 10 0 2 N
1 6 1 0 N
27 34 0 1 N
27 2 2 0 N
27 14 1 2 N
34 32 1 2 N
34 2 0 0 N
34 36 2 1 N
32 22 0 1 N
32 18 1 0 N
32 42 2 2 N
22 36 2 1 N
22 36 1 2 N
22 14 0 0 N
36 26 1 2 N
36 30 0 1 N
36 40 2 0 N
26 19 0 2 N
26 39 1 0 N
26 42 2 1 N
19 49 1 1 N
19 40 0 0 N
19 36 2 2 N
49 25 1 2 N
49 47 0 1 N
49 16 2 0 N
25 13 2 1 N
25 29 1 2 N
25 36 0 0 N
13 2 1 0 N
13 10 0 1 N
13 0 2 2 N
2 21 0 0 N
2 39 2 2 N
2 40 1 1 N
21 6 2 0 N
21 40 0 2 N
21 18 1 1 N
6 12 0 2 N
6 16 1 0 N
6 14 2 1 N
12 38 1 0 N
12 31 2 2 N
12 0 0 1 N
38 11 1 0 N
38 1 2 1 N
38 24 0 2 N
11 5 1 2 N
11 32 0 1 N
11 0 2 0 N
5 43 2 0 N
5 4 1 2 N
5 36 0 1 N
43 23 0 1 N
43 26 2 0 N
43 12 1 2 N
23 46 0 1 N
23 31 2 0 N
23 36 1 2 N
46 24 2 1 N
46 13 1 2 N
46 10 0 0 N
24 29 1 0 N
24 17 2 2 N
24 35 0 1 N
29 14 1 0 N
29 31 2 2 N
29 29 0 1 N
14 28 2 0 N
14 10 1 1 N
14 31 0 2 N
28 40 2 1 N
28 32 0 2 N
28 0 1 0 N
40 39 1 2 N
40 0 0 0 N
40 30 2 1 N
39 35 2 0 N
39 32 1 2 N
39 45 0 1 N
35 16 1 1 N
35 26 2 0 N
35 36 0 2 N
16 30 1 0 N
16 25 0 2 N
16 18 2 1 N
30 7 2 1 N
30 29 1 2 N
30 29 0 0 N
7 37 0 0 N
7 6 1 2 N
7 29 2 1 N
37 4 1 0 N
37 0 2 2 N
37 32 0 1 N
4 8 2 2 N
4 30 1 0 N
4 35 0 1 N
8 45 2 1 N
8 0 0 0 N
8 16 1 2 N
45 15 2 0 N
45 4 0 2 N
45 30 1 1 N
15 20 0 0 N
15 1 1 2 N
15 4 2 1 N
20 3 0 1 N
20 7 1 0 N
20 30 2 2 N
3 48 0 2 N
3 27 1 0 N
3 26 2 1 N
48 10 1 1 N
48 45 0 0 N
48 18 2 2 N
10 9 0 0 N
10 0 2 1 N
10 30 1 2 N
9 18 2 0 N
9 28 0 2 N
9 18 1 1 N
18 0 0 1 N
18 13 1 2 N
18 40 2 0 N
0 31 2 1 N
0 14 1 2 N
0 10 0 0 N
31 41 0 2 N
31 29 1 1 N
31 30 2 0 N
41 42 1 2 N
41 13 0 1 N
41 5 2 0 N
42 10 2 0 N
42 35 1 2 N
42 31 0 1 N
