36 16 0 1 S
36 44 1 2 S
36 8 2 0 S
16 19 1 1 N
16 35 0 0 N
16 15 2 2 N
19 46 0 0 N
19 27 1 2 N
19 43 2 1 N
46 26 0 0 N
46 28 2 2 N
46 40 1 1 N
26 45 1 0 N
26 28 2 2 N
26 14 0 1 N
45 20 2 1 N
45 20 0 0 N
45 48 1 2 N
20 31 0 1 N
20 28 1 2 N
20 31 2 0 N
31 0 2 1 N
31 11 1 0 N
31 15 0 2 N
0 48 1 0 N
0 14 2 2 N
0 22 0 1 N
48 29 2 1 N
48 6 1 2 N
48 14 0 0 N
29 17 0 1 N
29 24 2 2 N
29 48 1 0 N
17 1 2 2 N
17 12 0 1 N
17 34 1 0 N
1 4 0 0 N
1 9 2 2 N
1 48 1 1 N
4 24 2 2 N
4 45 0 1 N
4 43 1 0 N
24 39 1 0 N
24 15 2 1 N
24 3 0 2 N
39 40 2 1 N
39 25 0 0 N
39 17 1 2 N
40 34 2 2 N
40 2 0 1 N
40 6 1 0 N
34 30 2 2 N
34 38 1 1 N
34 15 0 0 N
30 3 0 2 N
30 40 1 1 N
30 2 2 0 N
3 41 1 2 N
3 1 0 1 N
3 40 2 0 N
41 44 1 2 N
41 42 0 0 N
41 40 2 1 N
44 47 1 1 N
44 35 2 2 N
44 28 0 0 N
47 6 1 0 N
47 31 2 1 N
47 29 0 2 N
6 35 1 0 N
6 20 0 1 N
6 7 2 2 N
35 23 1 0 N
35 25 0 1 N
35 31 2 2 N
23 37 0 0 N
23 43 2 2 N
23 15 1 1 N
37 28 2 2 N
37 24 0 1 N
37 25 1 0 N
28 38 0 0 N
28 3 2 2 N
28 1 1 1 N
38 11 0 1 N
38 8 1 0 N
38 2 2 2 N
11 5 1 2 N
11 6 2 0 N
11 5 0 1 N
5 8 2 1 N
5 3 0 0 N
5 42 1 2 N
8 25 2 2 N
8 14 0 0 N
8 11 1 1 N
25 12 1 1 N
25 26 2 2 N
25 1 0 0 N
12 43 0 2 N
12 35 2 1 N
12 15 1 0 N
43 10 2 1 N
43 32 0 2 N
43 5 1 0 N
10 27 2 1 N
10 35 0 2 N
10 11 1 0 N
27 13 2 1 N
27 41 0 2 N
27 6 1 0 N
13 42 0 0 N
13 48 2 2 N
13 34 1 1 N
42 15 1 1 N
42 6 2 2 N
42 32 0 0 N
15 32 0 1 N
15 1 1 2 N
15 14 2 0 N
32 22 2 2 N
32 15 1 1 N
32 7 0 0 N
22 33 0 2 N
22 27 1 0 N
22 6 2 1 N
33 21 0 1 N
33 26 1 0 N
33 29 2 2 N
21 2 0 1 N
21 6 1 2 N
21 42 2 0 N
2 49 0 2 N
2 7 2 0 N
2 9 1 1 N
49 7 2 1 N
49 26 1 2 N
49 30 0 0 N
7 18 2 0 N
7 31 1 1 N
7 7 0 2 N
18 14 1 1 N
18 25 2 0 N
18 25 0 2 N
14 9 0 1 N
14 2 1 0 N
14 7 2 2 N
9 28 2 1 N
9 5 1 2 N
9 42 0 0 N
