16 5 2 1 S
5 13 1 0 N
13 18 1 0 N
18 21 2 0 N
21 33 0 0 N
33 45 1 2 N
45 1 1 0 N
1 11 1 2 N
11 44 1 2 N
44 24 1 2 N
24 7 1 0 N
7 19 1 0 N
19 47 2 0 N
47 34 0 2 N
34 2 0 2 N
2 20 2 0 N
20 23 0 2 N
23 9 1 0 N
9 39 2 1 N
39 15 2 2 N
15 22 2 1 N
22 37 2 2 N
37 28 2 2 N
28 42 2 1 N
42 26 0 0 N
26 40 2 0 N
40 27 2 1 N
27 8 1 1 N
8 49 2 0 N
49 30 2 1 N
30 4 2 0 N
4 29 0 0 N
29 36 1 0 N
36 6 2 2 N
6 3 0 0 N
3 48 0 1 N
48 17 2 2 N
17 32 2 0 N
32 10 2 0 N
10 12 2 1 N
12 35 2 2 N
35 43 1 2 N
43 14 1 1 N
14 46 1 2 N
46 0 1 2 N
0 41 0 0 N
41 31 1 2 N
31 38 1 2 N
38 25 1 0 N
