28 8 2 1 S
8 7 2 2 N
7 44 0 2 N
44 26 1 2 N
26 42 1 2 N
42 43 2 1 N
43 17 0 0 N
17 23 0 1 N
23 4 2 0 N
4 37 2 1 N
37 22 0 1 N
22 31 1 2 N
31 0 2 2 N
0 24 1 2 N
24 14 2 1 N
14 48 2 0 N
48 2 1 2 N
2 29 2 0 N
29 1 0 0 N
1 6 0 0 N
6 9 0 0 N
9 45 0 0 N
45 35 2 2 N
35 25 1 0 N
25 47 2 2 N
47 39 2 1 N
39 27 1 2 N
27 34 0 2 N
34 5 0 2 N
5 46 0 2 N
46 41 1 2 N
41 40 1 0 N
40 13 0 2 N
13 10 2 2 N
10 30 0 1 N
30 49 0 1 N
49 38 1 1 N
38 21 2 2 N
21 11 0 2 N
11 3 1 0 N
3 18 1 2 N
18 19 2 0 N
19 32 0 0 N
32 15 2 0 N
15 36 0 1 N
36 12 1 1 N
12 16 2 0 N
16 20 0 1 N
20 33 0 0 N
