22 44 0 0 S
44 12 0 2 N
12 6 2 1 N
6 48 1 1 N
48 47 1 2 N
47 40 1 0 N
40 0 2 2 N
0 19 1 2 N
19 10 0 2 N
10 46 0 0 N
46 26 2 2 N
26 20 0 2 N
20 4 0 1 N
4 42 2 1 N
42 16 2 0 N
16 32 0 2 N
32 45 0 1 N
45 29 1 1 N
29 24 1 2 N
24 37 1 2 N
37 35 0 1 N
35 5 2 2 N
5 11 0 1 N
11 33 0 2 N
33 27 0 1 N
27 41 0 0 N
41 30 0 2 N
30 14 0 0 N
14 3 2 0 N
3 31 2 1 N
31 7 2 0 N
7 13 1 2 N
13 34 1 1 N
34 18 2 2 N
18 38 2 1 N
38 8 2 1 N
8 36 2 0 N
36 15 0 0 N
15 39 1 1 N
39 2 2 2 N
2 28 2 2 N
28 21 2 1 N
21 43 0 1 N
43 25 1 1 N
25 23 1 2 N
23 49 0 1 N
49 9 1 2 N
9 1 2 0 N
1 17 2 1 N
