33 44 1 2 S
33 26 2 0 S
33 20 0 1 S
44 36 2 1 N
44 12 0 0 N
44 39 1 2 N
36 26 1 0 N
36 34 0 2 N
36 28 2 1 N
26 48 1 2 N
26 28 0 0 N
26 48 2 1 N
48 5 1 2 N
48 26 0 1 N
48 48 2 0 N
5 40 0 1 N
5 39 1 2 N
5 15 2 0 N
40 25 0 0 N
40 32 1 1 N
40 49 2 2 N
25 9 0 0 N
25 36 2 1 N
25 16 1 2 N
9 31 1 1 N
9 49 0 0 N
9 1 2 2 N
31 4 1 2 N
31 30 0 0 N
31 13 2 1 N
4 15 0 0 N
4 43 2 1 N
4 20 1 2 N
15 43 0 1 N
15 20 2 2 N
15 13 1 0 N
43 18 0 1 N
43 23 1 2 N
43 34 2 0 N
18 41 2 2 N
18 2 1 0 N
18 49 0 1 N
41 11 2 1 N
41 18 1 0 N
41 17 0 2 N
11 37 1 0 N
11 9 0 1 N
11 48 2 2 N
37 19 0 0 N
37 24 1 2 N
37 28 2 1 N
19 12 2 0 N
19 26 1 2 N
19 37 0 1 N
12 8 1 2 N
12 24 0 0 N
12 10 2 1 N
8 35 1 0 N
8 18 0 2 N
8 3 2 1 N
35 22 1 1 N
35 28 2 0 N
35 34 0 2 N
22 0 0 2 N
22 28 1 0 N
22 28 2 1 N
0 17 1 2 N
0 2 2 0 N
0 28 0 1 N
17 45 2 0 N
17 16 1 1 N
17 48 0 2 N
45 34 1 0 N
45 1 0 1 N
45 46 2 2 N
34 1 1 0 N
34 20 0 1 N
34 26 2 2 N
1 13 1 0 N
1 22 0 1 N
1 48 2 2 N
13 20 2 2 N
13 25 1 1 N
13 28 0 0 N
20 24 2 1 N
20 31 1 2 N
20 35 0 0 N
24 42 2 1 N
24 17 1 2 N
24 26 0 0 N
42 38 1 1 N
42 22 0 2 N
42 41 2 0 N
38 29 1 0 N
38 13 0 2 N
38 1 2 1 N
29 28 1 1 N
29 32 2 0 N
29 43 0 2 N
28 2 0 1 N
28 24 1 0 N
28 1 2 2 N
2 23 1 0 N
2 46 0 1 N
2 16 2 2 N
23 7 0 2 N
23 34 1 1 N
23 19 2 0 N
7 21 2 0 N
7 8 0 2 N
7 20 1 1 N
21 46 0 1 N
21 24 1 2 N
21 34 2 0 N
46 10 0 1 N
46 20 2 0 N
46 37 1 2 N
10 30 1 1 N
10 1 2 0 N
10 42 0 2 N
30 32 1 2 N
30 37 0 1 N
30 10 2 0 N
32 16 1 1 N
32 26 0 0 N
32 1 2 2 N
16 3 0 1 N
16 39 2 2 N
16 1 1 0 N
3 49 0 1 N
3 18 2 0 N
3 21 1 2 N
49 47 0 2 N
49 37 2 1 N
49 26 1 0 N
47 39 1 0 N
47 4 2 1 N
47 22 0 2 N
39 6 0 0 N
39 36 2 2 N
39 36 1 1 N
6 14 2 1 N
6 49 0 2 N
6 4 1 0 N
14 27 2 0 N
14 26 0 1 N
14 38 1 2 N
27 14 2 2 N
27 41 0 0 N
27 4 1 1 N
