16 22 0 0 S
22 12 0 0 N
12 18 0 0 N
18 13 1 0 N
13 38 0 1 N
38 11 1 0 N
11 27 0 2 N
27 32 0 0 N
32 41 2 0 N
41 36 2 2 N
36 17 0 0 N
17 49 1 2 N
49 23 0 1 N
23 35 0 2 N
35 6 2 2 N
6 46 1 0 N
46 4 1 2 N
4 45 1 0 N
45 29 0 0 N
29 37 1 1 N
37 26 0 0 N
26 8 1 1 N
8 44 1 2 N
44 9 0 2 N
9 34 2 2 N
34 39 1 1 N
39 33 0 0 N
33 40 0 2 N
40 0 1 2 N
0 3 1 1 N
3 5 1 1 N
5 10 2 2 N
10 42 0 1 N
42 7 0 2 N
7 14 0 0 N
14 30 0 2 N
30 19 1 1 N
19 43 2 2 N
43 24 0 2 N
24 2 0 2 N
2 48 0 0 N
48 21 1 0 N
21 47 2 1 N
47 31 0 2 N
31 1 2 0 N
1 15 1 0 N
15 28 0 0 N
28 20 1 1 N
20 25 1 2 N
