18 4 1 1 S
18 27 2 2 S
18 8 0 0 S
4 49 2 2 N
4 3 0 0 N
4 11 1 1 N
49 27 0 0 N
49 8 1 2 N
49 23 2 1 N
27 31 1 2 N
27 37 0 1 N
27 9 2 0 N
31 17 2 2 N
31 5 1 0 N
31 23 0 1 N
17 25 2 2 N
17 18 1 1 N
17 39 0 0 N
25 30 0 2 N
25 41 2 0 N
25 1 1 1 N
30 2 1 2 N
30 10 0 1 N
30 43 2 0 N
2 35 2 1 N
2 40 0 2 N
2 3 1 0 N
35 32 2 2 N
35 2 0 1 N
35 33 1 0 N
32 40 0 0 N
32 47 2 2 N
32 23 1 1 N
40 12 1 2 N
40 3 2 0 N
40 3 0 1 N
12 15 2 0 N
12 40 1 1 N
12 31 0 2 N
15 23 0 2 N
15 38 2 1 N
15 37 1 0 N
23 45 0 2 N
23 43 2 0 N
23 20 1 1 N
45 1 2 0 N
45 28 0 1 N
45 20 1 2 N
1 47 0 1 N
1 36 2 2 N
1 33 1 0 N
47 19 2 0 N
47 31 0 1 N
47 40 1 2 N
19 34 2 1 N
19 1 1 0 N
19 27 0 2 N
34 14 1 1 N
34 31 0 2 N
34 46 2 0 N
14 6 1 0 N
14 29 2 2 N
14 7 0 1 N
6 28 2 0 N
6 27 1 2 N
6 43 0 1 N
28 24 1 1 N
28 9 0 2 N
28 31 2 0 N
24 33 2 0 N
24 27 0 1 N
24 7 1 2 N
33 29 1 2 N
33 14 2 0 N
33 20 0 1 N
29 37 1 1 N
29 27 2 2 N
29 49 0 0 N
37 22 1 0 N
37 43 0 1 N
37 20 2 2 N
22 38 0 1 N
22 40 2 2 N
22 24 1 0 N
38 10 0 1 N
38 24 2 2 N
38 24 1 0 N
10 39 0 2 N
10 17 1 0 N
10 27 2 1 N
39 16 0 1 N
39 9 2 0 N
39 32 1 2 N
16 20 2 1 N
16 27 1 2 N
16 23 0 0 N
20 9 1 1 N
20 24 2 2 N
20 7 0 0 N
9 41 0 1 N
9 37 2 2 N
9 40 1 0 N
41 8 0 2 N
41 15 1 1 N
41 9 2 0 N
8 5 1 1 N
8 23 2 2 N
8 39 0 0 N
5 0 2 1 N
5 17 0 0 N
5 16 1 2 N
0 13 0 1 N
0 3 1 0 N
0 7 2 2 N
13 44 1 1 N
13 23 2 2 N
13 41 0 0 N
44 26 1 1 N
44 20 2 2 N
44 0 0 0 N
26 11 1 1 N
26 7 2 0 N
26 28 0 2 N
11 48 0 2 N
11 6 1 1 N
11 31 2 0 N
48 42 1 2 N
48 14 2 1 N
48 20 0 0 N
42 43 0 2 N
42 9 2 0 N
42 20 1 1 N
43 21 1 0 N
43 40 0 2 N
43 7 2 1 N
21 7 1 2 N
21 6 0 0 N
21 23 2 1 N
7 46 0 2 N
7 3 1 1 N
7 3 2 0 N
46 36 0 1 N
46 24 1 2 N
46 0 2 0 N
36 3 0 1 N
36 19 2 0 N
36 23 1 2 N
3 24 1 0 N
3 7 2 1 N
3 3 0 2 N
