24 49 1 0 S
24 25 0 2 S
24 1 2 1 S
49 25 1 2 N
49 5 2 1 N
49 25 0 0 N
25 43 1 0 N
25 24 2 2 N
25 48 0 1 N
43 6 0 1 N
43 25 2 0 N
43 14 1 2 N
6 42 1 1 N
6 44 2 2 N
6 45 0 0 N
42 11 2 1 N
42 33 0 2 N
42 43 1 0 N
11 9 2 2 N
11 49 0 0 N
11 32 1 1 N
9 37 2 0 N
9 45 1 2 N
9 35 0 1 N
37 3 0 1 N
37 12 2 0 N
37 33 1 2 N
3 44 0 1 N
3 31 2 2 N
3 21 1 0 N
44 20 2 1 N
44 25 0 2 N
44 21 1 0 N
20 21 0 2 N
20 31 2 1 N
20 36 1 0 N
21 28 2 0 N
21 49 1 1 N
21 48 0 2 N
28 7 2 0 N
28 33 1 2 N
28 43 0 1 N
7 10 1 0 N
7 17 0 1 N
7 17 2 2 N
10 15 0 0 N
10 31 2 1 N
10 4 1 2 N
15 27 0 1 N
15 35 2 2 N
15 24 1 0 N
27 2 0 2 N
27 26 1 1 N
27 1 2 0 N
2 36 1 2 N
2 16 2 1 N
2 2 0 0 N
36 35 1 2 N
36 18 0 0 N
36 29 2 1 N
35 46 1 1 N
35 24 0 2 N
35 33 2 0 N
46 0 1 0 N
46 7 0 2 N
46 29 2 1 N
0 32 1 2 N
0 28 2 0 N
0 17 0 1 N
32 5 1 0 N
32 33 0 1 N
32 37 2 2 N
5 13 2 2 N
5 6 1 1 N
5 32 0 0 N
13 47 1 0 N
13 49 2 1 N
13 29 0 2 N
47 41 2 2 N
47 3 0 0 N
47 39 1 1 N
41 22 2 1 N
41 1 1 2 N
41 2 0 0 N
22 4 2 1 N
22 34 1 0 N
22 2 0 2 N
4 33 2 2 N
4 28 1 0 N
4 21 0 1 N
33 31 1 1 N
33 4 0 0 N
33 41 2 2 N
31 38 1 1 N
31 2 0 0 N
31 1 2 2 N
38 1 2 2 N
38 49 1 0 N
38 8 0 1 N
1 16 2 2 N
1 2 0 1 N
1 2 1 0 N
16 8 0 2 N
16 2 2 0 N
16 37 1 1 N
8 12 2 2 N
8 31 1 0 N
8 41 0 1 N
12 14 1 0 N
12 35 2 2 N
12 32 0 1 N
14 19 0 1 N
14 18 2 2 N
14 33 1 0 N
19 18 0 0 N
19 22 2 2 N
19 25 1 1 N
18 30 0 2 N
18 43 1 1 N
18 14 2 0 N
30 17 1 0 N
30 44 0 1 N
30 28 2 2 N
17 26 1 1 N
17 8 2 0 N
17 2 0 2 N
26 45 2 1 N
26 34 0 0 N
26 3 1 2 N
45 34 0 0 N
45 1 2 2 N
45 48 1 1 N
34 29 1 2 N
34 45 0 0 N
34 16 2 1 N
29 39 2 0 N
29 36 1 2 N
29 1 0 1 N
39 40 1 2 N
39 22 2 1 N
39 24 0 0 N
40 23 0 2 N
40 13 1 1 N
40 45 2 0 N
23 48 2 0 N
23 46 1 2 N
23 8 0 1 N
48 40 1 0 N
48 21 2 2 N
48 1 0 1 N
