0 29 0 0 S
29 12 2 0 N
12 19 2 0 N
19 2 1 2 N
2 43 2 0 N
43 9 0 2 N
9 46 2 0 N
46 3 0 0 N
3 39 2 0 N
39 1 1 2 N
1 5 1 0 N
5 36 2 2 N
36 48 2 0 N
48 11 1 2 N
11 31 0 2 N
31 24 1 0 N
24 41 1 0 N
41 4 0 0 N
4 17 1 0 N
17 25 0 2 N
25 45 1 0 N
45 20 2 1 N
20 26 1 1 N
26 28 2 0 N
28 49 2 2 N
49 30 1 1 N
30 10 1 2 N
10 34 0 2 N
34 37 0 1 N
37 23 1 1 N
23 32 2 0 N
32 6 1 1 N
6 42 1 1 N
42 33 0 1 N
33 38 0 1 N
38 7 1 1 N
7 13 0 2 N
13 21 1 2 N
21 22 2 1 N
22 40 0 0 N
40 14 0 1 N
14 47 2 1 N
47 16 0 0 N
16 8 1 0 N
8 35 2 1 N
35 27 0 0 N
27 18 2 2 N
18 15 2 0 N
15 44 1 2 N
