14 31 2 0 S
31 24 2 0 N
24 49 2 1 N
49 28 0 2 N
28 29 0 0 N
29 12 1 0 N
12 20 1 0 N
20 7 1 1 N
7 42 1 0 N
42 4 2 2 N
4 27 2 2 N
27 47 0 0 N
47 15 1 2 N
15 25 1 1 N
25 8 2 2 N
8 2 2 2 N
2 3 2 2 N
3 11 2 2 N
11 40 0 0 N
40 30 2 2 N
30 10 1 0 N
10 43 1 0 N
43 21 1 1 N
21 32 2 2 N
32 45 0 1 N
45 33 2 1 N
33 0 2 2 N
0 22 0 1 N
22 19 0 2 N
19 46 2 1 N
46 26 1 1 N
26 5 2 0 N
5 13 1 1 N
13 41 1 0 N
41 16 2 0 N
16 18 2 2 N
18 36 2 0 N
36 38 2 0 N
38 48 2 0 N
48 34 2 0 N
34 39 1 2 N
39 35 1 2 N
35 6 0 2 N
6 1 0 0 N
1 17 2 2 N
17 9 2 1 N
9 23 0 1 N
23 44 1 1 N
44 37 0 2 N
