35 26 0 0 S
26 12 2 2 N
12 7 0 0 N
7 19 1 0 N
19 40 2 1 N
40 37 1 2 N
37 32 2 2 N
32 28 2 2 N
28 45 0 1 N
45 48 0 2 N
48 25 1 0 N
25 49 0 0 N
49 47 2 2 N
47 23 2 0 N
23 31 0 0 N
31 29 0 0 N
29 34 0 0 N
34 15 0 1 N
15 20 1 2 N
20 22 1 0 N
22 46 0 0 N
46 0 1 0 N
0 11 2 0 N
11 43 0 0 N
43 18 1 0 N
18 1 1 2 N
1 24 0 1 N
24 42 0 2 N
42 33 2 2 N
33 13 2 0 N
13 41 1 2 N
41 4 2 1 N
4 14 0 1 N
14 17 2 1 N
17 27 0 0 N
27 5 1 1 N
5 9 2 2 N
9 38 0 1 N
38 21 1 2 N
21 2 2 0 N
2 30 2 0 N
30 36 0 0 N
36 16 1 1 N
16 39 2 1 N
39 10 0 2 N
10 6 2 2 N
6 8 1 1 N
8 3 2 2 N
3 44 2 2 N
