20 44 0 1 S
44 25 2 0 N
25 4 2 2 N
4 34 2 0 N
34 7 1 1 N
7 47 0 0 N
47 13 2 0 N
13 36 2 1 N
36 5 1 1 N
5 48 0 2 N
48 1 2 0 N
1 33 2 2 N
33 26 0 1 N
26 31 0 1 N
31 29 1 0 N
29 21 2 1 N
21 8 1 1 N
8 42 2 1 N
42 19 0 1 N
19 14 1 0 N
14 16 0 0 N
16 3 0 2 N
3 39 0 0 N
39 22 2 1 N
22 43 0 0 N
43 37 0 2 N
37 18 0 1 N
18 35 2 2 N
35 27 2 1 N
27 10 2 1 N
10 12 0 2 N
12 17 0 1 N
17 2 0 2 N
2 28 0 1 N
28 41 0 1 N
41 15 2 2 N
15 49 1 1 N
49 45 1 0 N
45 32 2 1 N
32 38 0 0 N
38 11 0 0 N
11 30 1 1 N
30 46 0 0 N
46 6 2 1 N
6 9 0 2 N
9 24 0 2 N
24 40 2 1 N
40 23 2 0 N
23 0 1 0 N
