16 20 1 0 S
20 43 0 0 N
43 44 0 0 N
44 37 1 1 N
37 28 0 2 N
28 35 2 1 N
35 5 1 2 N
5 24 0 0 N
24 31 2 1 N
31 26 1 0 N
26 40 1 0 N
40 46 0 2 N
46 6 1 1 N
6 19 2 1 N
19 7 0 1 N
7 41 0 1 N
41 21 2 2 N
21 4 0 2 N
4 32 0 1 N
32 49 2 1 N
49 13 2 1 N
13 1 1 0 N
1 10 1 2 N
10 39 2 0 N
39 23 0 1 N
23 38 0 0 N
38 15 1 1 N
15 47 1 2 N
47 25 2 1 N
25 18 2 2 N
18 48 1 1 N
48 17 2 1 N
17 3 0 0 N
3 34 0 1 N
34 0 1 0 N
0 9 0 1 N
9 2 2 0 N
2 29 2 1 N
29 11 1 1 N
11 22 0 2 N
22 14 0 0 N
14 12 2 0 N
12 42 2 1 N
42 30 0 2 N
30 45 0 1 N
45 33 0 2 N
33 27 1 0 N
27 36 0 1 N
36 8 1 2 N
