4 35 1 2 S
4 18 2 0 S
4 36 0 1 S
35 2 0 0 N
35 39 1 2 N
35 34 2 1 N
2 15 1 0 N
2 13 0 1 N
2 9 2 2 N
15 48 1 2 N
15 9 0 1 N
15 24 2 0 N
48 43 2 1 N
48 45 0 0 N
48 33 1 2 N
43 27 2 2 N
43 27 1 0 N
43 11 0 1 N
27 21 1 0 N
27 24 2 2 N
27 11 0 1 N
21 29 0 0 N
21 36 2 1 N
21 3 1 2 N
29 25 1 1 N
29 47 2 2 N
29 33 0 0 N
25 3 1 1 N
25 35 2 2 N
25 46 0 0 N
3 8 1 2 N
3 33 2 1 N
3 14 0 0 N
8 34 1 0 N
8 0 2 1 N
8 13 0 2 N
34 40 2 2 N
34 17 1 1 N
34 42 0 0 N
40 11 1 2 N
40 6 2 1 N
40 48 0 0 N
11 28 0 2 N
11 43 2 1 N
11 11 1 0 N
28 18 1 1 N
28 10 0 2 N
28 16 2 0 N
18 20 0 2 N
18 17 2 1 N
18 13 1 0 N
20 23 1 0 N
20 7 2 2 N
20 35 0 1 N
23 38 0 2 N
23 10 1 1 N
23 9 2 0 N
38 6 1 0 N
38 18 0 1 N
38 32 2 2 N
6 0 0 0 N
6 36 1 2 N
6 5 2 1 N
0 46 1 2 N
0 32 0 0 N
0 47 2 1 N
46 7 0 2 N
46 39 1 1 N
46 27 2 0 N
7 19 1 1 N
7 35 0 2 N
7 8 2 0 N
19 45 2 2 N
19 36 0 1 N
19 15 1 0 N
45 26 0 1 N
45 41 1 2 N
45 13 2 0 N
26 31 2 1 N
26 37 1 2 N
26 28 0 0 N
31 24 0 0 N
31 0 1 2 N
31 14 2 1 N
24 36 1 0 N
24 1 0 2 N
24 43 2 1 N
36 17 2 2 N
36 3 0 1 N
36 19 1 0 N
17 41 0 2 N
17 43 2 1 N
17 1 1 0 N
41 1 2 2 N
41 45 0 1 N
41 15 1 0 N
1 10 1 2 N
1 28 0 1 N
1 33 2 0 N
10 5 0 1 N
10 25 1 0 N
10 33 2 2 N
5 30 1 2 N
5 18 2 0 N
5 14 0 1 N
30 12 1 2 N
30 49 0 0 N
30 36 2 1 N
12 13 1 0 N
12 33 2 1 N
12 19 0 2 N
13 44 2 1 N
13 33 0 0 N
13 27 1 2 N
44 42 0 1 N
44 21 2 0 N
44 35 1 2 N
42 33 0 2 N
42 28 2 0 N
42 27 1 1 N
33 14 0 2 N
33 15 2 1 N
33 2 1 0 N
14 32 2 1 N
14 42 1 2 N
14 11 0 0 N
32 49 0 2 N
32 13 1 0 N
32 15 2 1 N
49 22 2 0 N
49 3 0 1 N
49 37 1 2 N
22 9 2 0 N
22 31 1 2 N
22 15 0 1 N
9 37 2 0 N
9 47 0 2 N
9 24 1 1 N
37 39 1 2 N
37 13 2 1 N
37 33 0 0 N
39 47 0 0 N
39 34 2 2 N
39 14 1 1 N
47 16 0 1 N
47 24 1 0 N
47 11 2 2 N
16 6 1 1 N
16 1 0 2 N
16 43 2 0 N
