25 12 1 2 S
25 47 2 1 S
25 16 0 0 S
12 44 2 1 N
12 17 0 0 N
12 49 1 2 N
44 37 0 2 N
44 49 1 0 N
44 20 2 1 N
37 49 2 2 N
37 28 1 0 N
37 5 0 1 N
49 14 1 1 N
49 34 2 2 N
49 2 0 0 N
14 19 1 2 N
14 0 2 1 N
14 33 0 0 N
19 1 1 0 N
19 6 2 2 N
19 32 0 1 N
1 7 2 2 N
1 17 1 1 N
1 16 0 0 N
7 10 1 0 N
7 1 2 2 N
7 9 0 1 N
10 47 2 1 N
10 42 0 2 N
10 32 1 0 N
47 4 2 0 N
47 21 1 2 N
47 21 0 1 N
4 15 1 2 N
4 41 0 1 N
4 8 2 0 N
15 11 2 2 N
15 29 1 0 N
15 8 0 1 N
11 29 0 1 N
11 8 2 0 N
11 33 1 2 N
29 8 0 2 N
29 12 2 1 N
29 42 1 0 N
8 6 1 1 N
8 31 2 0 N
8 32 0 2 N
6 32 0 0 N
6 16 1 2 N
6 9 2 1 N
32 34 1 0 N
32 11 0 1 N
32 6 2 2 N
34 46 2 1 N
34 12 1 2 N
34 16 0 0 N
46 33 2 1 N
46 40 0 2 N
46 29 1 0 N
33 39 1 2 N
33 43 2 0 N
33 16 0 1 N
39 41 1 0 N
39 18 2 1 N
39 3 0 2 N
41 35 1 0 N
41 1 2 2 N
41 16 0 1 N
35 5 1 2 N
35 19 0 1 N
35 8 2 0 N
5 18 2 1 N
5 27 1 0 N
5 22 0 2 N
18 20 2 0 N
18 6 1 1 N
18 8 0 2 N
20 26 2 1 N
20 17 1 2 N
20 24 0 0 N
26 43 0 2 N
26 28 2 0 N
26 17 1 1 N
43 42 2 0 N
43 40 0 2 N
43 8 1 1 N
42 17 0 1 N
42 28 1 2 N
42 33 2 0 N
17 40 2 1 N
17 28 0 0 N
17 16 1 2 N
40 48 1 2 N
40 2 0 1 N
40 4 2 0 N
48 28 2 2 N
48 34 1 0 N
48 16 0 1 N
28 45 0 1 N
28 6 2 0 N
28 33 1 2 N
45 31 2 0 N
45 14 0 1 N
45 5 1 2 N
31 24 1 0 N
31 8 2 1 N
31 16 0 2 N
24 3 1 2 N
24 17 2 0 N
24 48 0 1 N
3 38 2 2 N
3 8 1 0 N
3 28 0 1 N
38 2 0 2 N
38 9 1 1 N
38 42 2 0 N
2 27 0 2 N
2 11 2 1 N
2 32 1 0 N
27 16 1 0 N
27 24 0 2 N
27 9 2 1 N
16 36 0 0 N
16 9 2 1 N
16 16 1 2 N
36 23 1 2 N
36 11 0 0 N
36 8 2 1 N
23 22 2 1 N
23 16 0 2 N
23 34 1 0 N
22 13 1 0 N
22 28 2 1 N
22 16 0 2 N
13 21 1 0 N
13 0 2 1 N
13 21 0 2 N
21 0 0 1 N
21 47 1 2 N
21 24 2 0 N
0 30 1 2 N
0 41 2 0 N
0 13 0 1 N
30 9 0 0 N
30 27 1 1 N
30 43 2 2 N
9 48 0 2 N
9 33 1 1 N
9 16 2 0 N
