6 49 2 0 S
49 26 0 2 N
26 38 1 0 N
38 33 1 0 N
33 11 1 1 N
11 39 1 0 N
39 10 1 2 N
10 17 2 0 N
17 40 0 0 N
40 47 1 0 N
47 46 1 0 N
46 31 0 0 N
31 48 1 1 N
48 32 2 1 N
32 42 1 0 N
42 27 1 0 N
27 4 1 2 N
4 9 2 1 N
9 21 2 0 N
21 0 1 1 N
0 16 0 1 N
16 30 2 1 N
30 15 1 1 N
15 44 2 0 N
44 23 0 1 N
23 3 1 2 N
3 37 2 2 N
37 29 2 2 N
29 43 1 2 N
43 14 0 2 N
14 1 2 1 N
1 5 2 1 N
5 2 0 2 N
2 36 1 2 N
36 45 1 0 N
45 12 0 0 N
12 18 0 2 N
18 41 2 1 N
41 35 1 1 N
35 24 1 1 N
24 8 1 1 N
8 20 2 1 N
20 19 1 1 N
19 28 0 0 N
28 34 2 0 N
34 22 1 2 N
22 7 1 0 N
7 13 0 0 N
13 25 1 1 N
