27 26 0 2 S
26 7 1 0 N
7 0 2 2 N
0 44 1 2 N
44 6 0 2 N
6 38 2 1 N
38 1 1 2 N
1 33 1 2 N
33 37 0 2 N
37 41 1 2 N
41 48 0 2 N
48 32 0 1 N
32 28 1 2 N
28 22 1 0 N
22 16 0 2 N
16 2 0 1 N
2 11 1 0 N
11 17 1 2 N
17 20 0 2 N
20 25 2 2 N
25 12 2 2 N
12 29 1 2 N
29 49 1 1 N
49 5 1 1 N
5 31 0 0 N
31 19 1 1 N
19 4 0 1 N
4 23 1 2 N
23 47 0 0 N
47 8 1 1 N
8 30 1 1 N
30 45 2 0 N
45 3 0 2 N
3 36 2 2 N
36 46 2 0 N
46 42 1 2 N
42 14 1 0 N
14 35 0 0 N
35 13 0 0 N
13 15 2 1 N
15 40 0 1 N
40 21 2 0 N
21 9 0 0 N
9 10 1 1 N
10 34 0 0 N
34 39 1 0 N
39 24 0 1 N
24 43 0 2 N
43 18 0 2 N
