26 2 2 2 S
2 36 0 0 N
36 22 2 0 N
22 19 2 1 N
19 10 1 2 N
10 49 1 2 N
49 37 2 2 N
37 20 0 1 N
20 48 2 0 N
48 35 2 1 N
35 16 0 0 N
16 21 2 2 N
21 44 1 0 N
44 3 2 1 N
3 6 0 1 N
6 5 2 1 N
5 14 1 2 N
14 29 0 2 N
29 15 1 2 N
15 0 2 2 N
0 18 1 0 N
18 47 2 0 N
47 41 2 0 N
41 24 1 1 N
24 23 2 2 N
23 31 2 0 N
31 7 2 1 N
7 33 2 2 N
33 42 1 1 N
42 39 2 2 N
39 11 1 2 N
11 38 1 1 N
38 27 1 0 N
27 34 1 1 N
34 40 2 0 N
40 43 1 2 N
43 9 1 1 N
9 32 2 0 N
32 13 1 0 N
13 1 1 1 N
1 45 0 1 N
45 28 0 0 N
28 46 1 0 N
46 25 1 1 N
25 30 2 1 N
30 4 0 1 N
4 17 0 0 N
17 8 1 2 N
8 12 0 0 N
