1 3 2 2 S
3 47 0 2 N
47 36 2 0 N
36 9 2 2 N
9 45 1 0 N
45 29 1 0 N
29 4 2 0 N
4 15 0 1 N
15 12 1 0 N
12 42 0 0 N
42 44 0 2 N
44 32 2 0 N
32 20 2 0 N
20 17 2 2 N
17 46 1 1 N
46 22 1 1 N
22 0 2 2 N
0 35 1 1 N
35 34 0 2 N
34 16 1 1 N
16 10 1 2 N
10 30 2 0 N
30 23 1 2 N
23 7 1 1 N
7 6 0 2 N
6 25 1 0 N
25 14 0 1 N
14 24 0 2 N
24 49 2 0 N
49 40 1 0 N
40 8 0 2 N
8 41 0 2 N
41 13 1 2 N
13 19 0 1 N
19 18 1 1 N
18 31 1 2 N
31 43 2 0 N
43 33 0 0 N
33 28 1 0 N
28 11 2 0 N
11 39 2 0 N
39 27 1 2 N
27 5 2 0 N
5 21 0 2 N
21 37 0 2 N
37 2 0 1 N
2 26 1 2 N
26 48 0 0 N
48 38 0 0 N
