45 20 0 1 S
45 17 2 0 S
45 9 1 2 S
20 26 2 1 N
20 45 1 0 N
20 41 0 2 N
26 17 2 0 N
26 8 0 1 N
26 11 1 2 N
17 19 1 2 N
17 45 0 0 N
17 33 2 1 N
19 47 1 2 N
19 0 2 0 N
19 0 0 1 N
47 10 0 2 N
47 4 2 1 N
47 39 1 0 N
10 39 2 2 N
10 7 1 0 N
10 25 0 1 N
39 3 1 0 N
39 3 2 1 N
39 9 0 2 N
3 31 0 0 N
3 42 2 2 N
3 45 1 1 N
31 44 1 1 N
31 22 2 2 N
31 21 0 0 N
44 41 2 1 N
44 33 1 2 N
44 33 0 0 N
41 32 1 2 N
41 24 0 1 N
41 15 2 0 N
32 6 0 2 N
32 20 2 0 N
32 7 1 1 N
6 34 0 2 N
6 0 1 1 N
6 5 2 0 N
34 11 2 0 N
34 15 1 2 N
34 46 0 1 N
11 27 2 1 N
11 19 0 0 N
11 9 1 2 N
27 0 0 0 N
27 7 1 1 N
27 6 2 2 N
0 14 2 1 N
0 6 0 0 N
0 10 1 2 N
14 12 0 2 N
14 37 1 1 N
14 19 2 0 N
12 18 2 0 N
12 9 0 2 N
12 1 1 1 N
18 35 2 1 N
18 21 0 0 N
18 26 1 2 N
35 5 1 1 N
35 43 0 0 N
35 25 2 2 N
5 23 0 0 N
5 15 1 1 N
5 21 2 2 N
23 7 2 2 N
23 46 1 1 N
23 45 0 0 N
7 2 2 1 N
7 3 0 0 N
7 44 1 2 N
2 29 0 1 N
2 47 1 2 N
2 10 2 0 N
29 21 0 0 N
29 11 1 2 N
29 24 2 1 N
21 49 0 1 N
21 11 1 2 N
21 45 2 0 N
49 33 1 1 N
49 6 2 0 N
49 33 0 2 N
33 48 1 2 N
33 0 0 1 N
33 8 2 0 N
48 43 1 0 N
48 9 0 1 N
48 5 2 2 N
43 4 1 2 N
43 25 2 1 N
43 45 0 0 N
4 46 1 0 N
4 47 2 1 N
4 40 0 2 N
46 1 1 2 N
46 12 2 0 N
46 18 0 1 N
1 40 0 1 N
1 12 2 2 N
1 11 1 0 N
40 15 1 0 N
40 21 0 2 N
40 21 2 1 N
15 36 2 2 N
15 48 1 1 N
15 33 0 0 N
36 24 0 1 N
36 18 2 2 N
36 13 1 0 N
24 38 1 0 N
24 48 2 1 N
24 13 0 2 N
38 8 0 0 N
38 9 2 1 N
38 44 1 2 N
8 9 0 1 N
8 9 2 2 N
8 8 1 0 N
9 25 1 0 N
9 8 2 1 N
9 8 0 2 N
25 37 0 1 N
25 5 1 2 N
25 3 2 0 N
37 16 0 0 N
37 17 2 1 N
37 17 1 2 N
16 22 1 2 N
16 34 2 1 N
16 30 0 0 N
22 42 0 2 N
22 43 1 1 N
22 5 2 0 N
42 13 0 2 N
42 43 2 0 N
42 5 1 1 N
13 28 2 1 N
13 49 1 0 N
13 15 0 2 N
28 30 0 0 N
28 3 2 2 N
28 18 1 1 N
30 41 2 1 N
30 36 1 0 N
30 1 0 2 N
