36 7 2 0 S
7 39 0 1 N
39 21 1 2 N
21 5 1 1 N
5 33 1 2 N
33 13 0 1 N
13 28 0 2 N
28 30 2 0 N
30 29 2 1 N
29 4 0 1 N
4 17 1 1 N
17 42 2 1 N
42 32 0 0 N
32 26 1 2 N
26 34 0 1 N
34 15 1 2 N
15 46 2 1 N
46 41 2 1 N
41 43 1 2 N
43 44 0 0 N
44 10 2 0 N
10 2 1 2 N
2 22 1 2 N
22 23 1 1 N
23 19 0 0 N
19 6 0 1 N
6 35 0 1 N
35 16 2 1 N
16 31 1 2 N
31 37 2 1 N
37 25 1 1 N
25 20 0 1 N
20 24 2 1 N
24 40 2 1 N
40 48 0 1 N
48 27 1 0 N
27 49 1 2 N
49 1 1 0 N
1 3 0 0 N
3 18 0 2 N
18 38 2 1 N
38 8 0 2 N
8 9 0 1 N
9 47 2 2 N
47 45 1 0 N
45 0 0 0 N
0 14 0 0 N
14 12 1 2 N
12 11 2 2 N
