25 3 1 2 S
25 32 2 0 S
25 48 0 1 S
3 10 0 2 N
3 31 1 1 N
3 46 2 0 N
10 47 1 2 N
10 44 2 0 N
10 16 0 1 N
47 8 0 0 N
47 20 1 2 N
47 23 2 1 N
8 6 1 1 N
8 26 0 2 N
8 17 2 0 N
6 27 2 0 N
6 2 0 1 N
6 26 1 2 N
27 14 2 1 N
27 17 0 0 N
27 2 1 2 N
14 38 1 1 N
14 31 2 2 N
14 31 0 0 N
38 13 2 2 N
38 22 1 0 N
38 43 0 1 N
13 31 0 0 N
13 23 2 1 N
13 46 1 2 N
31 33 1 0 N
31 29 0 2 N
31 29 2 1 N
33 4 1 0 N
33 42 2 1 N
33 3 0 2 N
4 23 2 2 N
4 32 0 1 N
4 16 1 0 N
23 26 0 0 N
23 16 1 1 N
23 34 2 2 N
26 7 0 1 N
26 44 1 0 N
26 35 2 2 N
7 45 1 2 N
7 3 2 1 N
7 14 0 0 N
45 15 0 2 N
45 2 1 1 N
45 28 2 0 N
15 37 2 2 N
15 0 0 1 N
15 14 1 0 N
37 29 2 1 N
37 13 0 2 N
37 33 1 0 N
29 44 2 1 N
29 31 0 2 N
29 29 1 0 N
44 2 0 0 N
44 28 2 2 N
44 20 1 1 N
2 9 2 0 N
2 8 0 1 N
2 43 1 2 N
9 12 2 1 N
9 47 1 0 N
9 31 0 2 N
12 35 1 0 N
12 10 0 1 N
12 10 2 2 N
35 1 2 0 N
35 32 1 1 N
35 29 0 2 N
1 30 0 1 N
1 4 2 0 N
1 31 1 2 N
30 11 1 2 N
30 3 0 0 N
30 28 2 1 N
11 34 0 2 N
11 31 2 1 N
11 35 1 0 N
34 28 2 1 N
34 8 1 0 N
34 14 0 2 N
28 36 2 0 N
28 42 1 1 N
28 42 0 2 N
36 16 1 0 N
36 0 2 1 N
36 25 0 2 N
16 49 1 0 N
16 13 2 1 N
16 31 0 2 N
49 21 2 1 N
49 21 1 2 N
49 9 0 0 N
21 40 2 0 N
21 23 1 2 N
21 14 0 1 N
40 41 0 2 N
40 41 2 1 N
40 15 1 0 N
41 18 0 0 N
41 21 2 1 N
41 5 1 2 N
18 24 0 0 N
18 7 1 1 N
18 47 2 2 N
24 48 0 0 N
24 44 2 1 N
24 46 1 2 N
48 46 1 0 N
48 42 2 2 N
48 13 0 1 N
46 19 1 0 N
46 9 2 2 N
46 10 0 1 N
19 32 1 1 N
19 29 0 2 N
19 13 2 0 N
32 17 2 2 N
32 39 0 1 N
32 23 1 0 N
17 22 2 1 N
17 41 0 0 N
17 43 1 2 N
22 43 0 0 N
22 4 1 1 N
22 47 2 2 N
43 0 1 2 N
43 44 0 0 N
43 16 2 1 N
0 5 1 2 N
0 14 0 0 N
0 34 2 1 N
5 39 1 1 N
5 11 0 0 N
5 7 2 2 N
39 42 2 1 N
39 25 1 2 N
39 31 0 0 N
42 20 1 1 N
42 23 0 2 N
42 43 2 0 N
20 45 2 2 N
20 48 0 0 N
20 46 1 1 N
