24 27 2 0 S
24 47 1 2 S
24 17 0 1 S
27 30 1 0 N
27 0 2 1 N
27 10 0 2 N
30 20 1 2 N
30 8 0 0 N
30 30 2 1 N
20 22 1 0 N
20 24 0 1 N
20 15 2 2 N
22 15 0 1 N
22 40 1 2 N
22 28 2 0 N
15 9 2 0 N
15 28 0 2 N
15 30 1 1 N
9 19 2 1 N
9 12 1 2 N
9 12 0 0 N
19 18 1 2 N
19 20 2 0 N
19 3 0 1 N
18 32 1 1 N
18 46 2 0 N
18 28 0 2 N
32 3 1 0 N
32 15 2 1 N
32 44 0 2 N
3 4 2 2 N
3 19 0 0 N
3 15 1 1 N
4 35 0 2 N
4 6 1 1 N
4 32 2 0 N
35 31 1 0 N
35 23 0 2 N
35 15 2 1 N
31 5 2 1 N
31 20 0 2 N
31 32 1 0 N
5 39 0 0 N
5 36 1 1 N
5 38 2 2 N
39 45 2 0 N
39 46 1 1 N
39 30 0 2 N
45 1 1 0 N
45 15 2 2 N
45 39 0 1 N
1 40 1 0 N
1 46 2 1 N
1 32 0 2 N
40 7 2 2 N
40 42 1 0 N
40 15 0 1 N
7 11 0 0 N
7 10 1 1 N
7 10 2 2 N
11 14 0 0 N
11 7 1 1 N
11 34 2 2 N
14 16 1 0 N
14 13 2 1 N
14 25 0 2 N
16 48 2 1 N
16 0 1 0 N
16 48 0 2 N
48 42 0 2 N
48 8 1 1 N
48 8 2 0 N
42 17 2 2 N
42 15 1 1 N
42 15 0 0 N
17 44 2 1 N
17 42 1 0 N
17 19 0 2 N
44 10 0 1 N
44 40 1 0 N
44 19 2 2 N
10 36 2 2 N
10 8 1 0 N
10 15 0 1 N
36 21 1 0 N
36 15 0 2 N
36 8 2 1 N
21 25 0 0 N
21 27 2 2 N
21 15 1 1 N
25 23 0 1 N
25 0 2 0 N
25 1 1 2 N
23 41 0 2 N
23 33 2 1 N
23 40 1 0 N
41 28 2 2 N
41 19 1 1 N
41 31 0 0 N
28 0 1 0 N
28 42 0 1 N
28 47 2 2 N
0 34 1 0 N
0 13 2 1 N
0 39 0 2 N
34 13 2 0 N
34 0 0 2 N
34 35 1 1 N
13 38 0 0 N
13 1 1 1 N
13 15 2 2 N
38 29 0 1 N
38 3 1 0 N
38 44 2 2 N
29 33 1 2 N
29 48 0 1 N
29 47 2 0 N
33 46 0 0 N
33 40 1 2 N
33 37 2 1 N
46 47 2 1 N
46 24 1 0 N
46 8 0 2 N
47 8 0 1 N
47 6 2 0 N
47 3 1 2 N
8 2 1 0 N
8 28 2 1 N
8 30 0 2 N
2 37 2 2 N
2 29 0 0 N
2 45 1 1 N
37 43 0 1 N
37 10 1 0 N
37 30 2 2 N
43 26 0 0 N
43 0 2 2 N
43 10 1 1 N
26 12 0 0 N
26 21 1 1 N
26 46 2 2 N
12 49 2 1 N
12 24 1 0 N
12 32 0 2 N
49 6 1 1 N
49 12 0 0 N
49 18 2 2 N
6 36 2 1 N
6 30 0 0 N
6 15 1 2 N
