43 26 0 1 S
43 16 1 2 S
43 7 2 0 S
26 19 1 0 N
26 41 2 1 N
26 41 0 2 N
19 0 1 1 N
19 3 2 2 N
19 45 0 0 N
0 45 1 2 N
0 10 0 1 N
0 27 2 0 N
45 2 0 0 N
45 24 1 2 N
45 26 2 1 N
2 37 0 0 N
2 19 1 2 N
2 10 2 1 N
37 9 0 0 N
37 2 2 2 N
37 0 1 1 N
9 13 0 1 N
9 33 1 0 N
9 27 2 2 N
13 29 2 1 N
13 3 1 0 N
13 24 0 2 N
29 8 1 2 N
29 8 2 1 N
29 24 0 0 N
8 15 2 0 N
8 20 0 1 N
8 27 1 2 N
15 23 1 0 N
15 49 0 2 N
15 27 2 1 N
23 44 0 1 N
23 37 2 0 N
23 26 1 2 N
44 49 1 1 N
44 34 0 2 N
44 47 2 0 N
49 32 0 1 N
49 37 1 2 N
49 46 2 0 N
32 48 0 0 N
32 31 2 1 N
32 34 1 2 N
48 33 0 1 N
48 12 1 2 N
48 10 2 0 N
33 5 1 2 N
33 13 2 0 N
33 27 0 1 N
5 28 1 0 N
5 46 0 1 N
5 10 2 2 N
28 38 1 1 N
28 13 2 0 N
28 7 0 2 N
38 47 0 2 N
38 7 2 0 N
38 0 1 1 N
47 22 0 0 N
47 45 1 1 N
47 29 2 2 N
22 11 0 2 N
22 7 1 0 N
22 17 2 1 N
11 40 2 1 N
11 27 0 0 N
11 9 1 2 N
40 42 2 1 N
40 22 1 0 N
40 46 0 2 N
42 12 2 1 N
42 30 1 2 N
42 47 0 0 N
12 4 0 1 N
12 31 1 0 N
12 25 2 2 N
4 10 0 2 N
4 2 1 0 N
4 34 2 1 N
10 1 0 2 N
10 0 1 0 N
10 18 2 1 N
1 17 2 0 N
1 15 0 1 N
1 8 1 2 N
17 35 2 2 N
17 23 1 0 N
17 26 0 1 N
35 18 1 0 N
35 42 0 1 N
35 47 2 2 N
18 21 2 0 N
18 35 1 1 N
18 8 0 2 N
21 3 2 0 N
21 42 1 1 N
21 18 0 2 N
3 14 1 2 N
3 39 2 1 N
3 8 0 0 N
14 30 1 1 N
14 8 2 0 N
14 10 0 2 N
30 36 2 1 N
30 48 0 0 N
30 41 1 2 N
36 6 1 1 N
36 41 0 2 N
36 29 2 0 N
6 16 0 2 N
6 41 2 0 N
6 30 1 1 N
16 24 1 0 N
16 24 2 2 N
16 0 0 1 N
24 46 0 2 N
24 35 2 1 N
24 33 1 0 N
46 31 0 1 N
46 3 1 2 N
46 47 2 0 N
31 27 1 1 N
31 10 2 2 N
31 38 0 0 N
27 41 0 2 N
27 9 2 0 N
27 27 1 1 N
41 39 0 0 N
41 33 1 1 N
41 11 2 2 N
39 25 1 2 N
39 23 0 0 N
39 36 2 1 N
25 34 1 0 N
25 3 0 2 N
25 14 2 1 N
34 7 1 2 N
34 23 2 0 N
34 9 0 1 N
7 20 2 2 N
7 13 0 0 N
7 8 1 1 N
20 36 2 1 N
20 18 1 2 N
20 11 0 0 N
