20 13 1 1 S
20 9 0 2 S
20 9 2 0 S
13 42 1 0 N
13 37 0 2 N
13 26 2 1 N
42 24 0 1 N
42 42 2 2 N
42 42 1 0 N
24 47 1 1 N
24 23 0 2 N
24 36 2 0 N
47 30 2 1 N
47 49 1 2 N
47 28 0 0 N
30 39 1 2 N
30 5 0 0 N
30 41 2 1 N
39 35 0 1 N
39 24 1 0 N
39 23 2 2 N
35 25 0 1 N
35 7 1 2 N
35 7 2 0 N
25 9 2 1 N
25 23 0 2 N
25 49 1 0 N
9 27 0 0 N
9 25 1 2 N
9 32 2 1 N
27 6 0 0 N
27 42 1 2 N
27 28 2 1 N
6 0 1 1 N
6 36 0 2 N
6 42 2 0 N
0 14 0 2 N
0 24 2 0 N
0 48 1 1 N
14 26 0 1 N
14 3 2 2 N
14 20 1 0 N
26 12 2 1 N
26 42 1 2 N
26 42 0 0 N
12 7 2 1 N
12 29 1 0 N
12 43 0 2 N
7 38 2 2 N
7 27 1 1 N
7 29 0 0 N
38 22 0 1 N
38 5 1 2 N
38 6 2 0 N
22 32 1 2 N
22 18 2 1 N
22 5 0 0 N
32 17 2 0 N
32 10 0 1 N
32 26 1 2 N
17 31 0 2 N
17 44 1 0 N
17 2 2 1 N
31 41 1 0 N
31 38 0 1 N
31 4 2 2 N
41 44 2 2 N
41 42 0 0 N
41 26 1 1 N
44 19 0 1 N
44 29 2 0 N
44 32 1 2 N
19 36 1 0 N
19 39 2 1 N
19 7 0 2 N
36 18 1 1 N
36 37 2 0 N
36 19 0 2 N
18 1 1 1 N
18 1 2 2 N
18 9 0 0 N
1 10 0 0 N
1 38 1 1 N
1 14 2 2 N
10 49 0 0 N
10 14 2 2 N
10 20 1 1 N
49 37 2 0 N
49 17 0 1 N
49 32 1 2 N
37 29 0 0 N
37 29 2 2 N
37 42 1 1 N
29 8 0 0 N
29 41 1 1 N
29 42 2 2 N
8 5 0 0 N
8 12 2 1 N
8 46 1 2 N
5 21 2 1 N
5 3 0 2 N
5 4 1 0 N
21 28 0 1 N
21 45 2 2 N
21 42 1 0 N
28 45 0 2 N
28 20 1 1 N
28 37 2 0 N
45 3 2 2 N
45 13 1 1 N
45 43 0 0 N
3 2 1 1 N
3 7 2 2 N
3 21 0 0 N
2 11 0 2 N
2 24 2 0 N
2 11 1 1 N
11 15 1 0 N
11 42 2 2 N
11 42 0 1 N
15 4 1 2 N
15 38 2 1 N
15 28 0 0 N
4 23 2 2 N
4 20 0 0 N
4 29 1 1 N
23 48 1 1 N
23 14 0 0 N
23 26 2 2 N
48 16 0 2 N
48 40 2 0 N
48 6 1 1 N
16 43 0 2 N
16 23 1 1 N
16 41 2 0 N
43 46 1 2 N
43 28 0 0 N
43 32 2 1 N
46 33 1 2 N
46 17 2 1 N
46 47 0 0 N
33 34 0 2 N
33 21 1 0 N
33 31 2 1 N
34 40 1 0 N
34 43 2 2 N
34 28 0 1 N
40 30 0 2 N
40 5 2 1 N
40 0 1 0 N
