0 16 2 1 S
16 40 1 0 N
40 49 1 2 N
49 28 2 0 N
28 34 0 2 N
34 11 0 1 N
11 8 0 1 N
8 47 2 1 N
47 12 0 2 N
12 39 1 1 N
39 43 0 1 N
43 26 0 0 N
26 2 0 0 N
2 36 0 1 N
36 29 0 1 N
29 45 0 0 N
45 3 2 1 N
3 5 1 1 N
5 31 1 2 N
31 38 0 0 N
38 10 1 0 N
10 17 0 1 N
17 33 1 0 N
33 7 0 2 N
7 27 2 0 N
27 37 1 0 N
37 15 1 2 N
15 48 2 1 N
48 23 0 1 N
23 41 2 1 N
41 13 0 2 N
13 25 1 1 N
25 1 2 0 N
1 30 0 2 N
30 42 0 1 N
42 21 0 1 N
21 20 0 0 N
20 6 0 2 N
6 4 0 2 N
4 19 2 2 N
19 22 2 1 N
22 32 0 1 N
32 35 2 0 N
35 24 0 2 N
24 14 2 1 N
14 46 2 2 N
46 9 2 2 N
9 44 0 0 N
44 18 1 1 N
