0 41 2 2 S
41 37 0 0 N
37 32 1 1 N
32 31 2 1 N
31 17 1 2 N
17 47 2 2 N
47 1 0 0 N
1 22 1 2 N
22 30 0 0 N
30 26 0 0 N
26 2 1 1 N
2 40 2 0 N
40 10 1 2 N
10 6 1 2 N
6 5 0 1 N
5 33 0 2 N
33 8 1 2 N
8 43 1 0 N
43 46 0 1 N
46 48 1 1 N
48 34 0 1 N
34 27 2 2 N
27 4 1 2 N
4 49 2 1 N
49 18 2 2 N
18 23 0 1 N
23 19 0 0 N
19 42 0 2 N
42 28 0 2 N
28 12 0 2 N
12 45 1 0 N
45 15 1 0 N
15 21 2 1 N
21 20 1 2 N
20 13 0 2 N
13 29 0 1 N
29 36 0 2 N
36 35 1 0 N
35 7 2 2 N
7 11 0 2 N
11 39 0 2 N
39 44 2 2 N
44 25 2 1 N
25 14 0 2 N
14 16 2 0 N
16 9 2 2 N
9 38 1 2 N
38 3 1 0 N
3 24 0 0 N
