27 14 0 0 S
27 26 1 2 S
27 29 2 1 S
14 18 1 1 N
14 0 2 0 N
14 26 0 2 N
18 24 0 0 N
18 45 2 2 N
18 44 1 1 N
24 37 0 1 N
24 2 2 2 N
24 45 1 0 N
37 23 2 1 N
37 47 0 0 N
37 42 1 2 N
23 15 0 1 N
23 14 1 0 N
23 44 2 2 N
15 3 2 1 N
15 23 1 0 N
15 29 0 2 N
3 32 1 2 N
3 31 2 0 N
3 28 0 1 N
32 41 1 2 N
32 29 0 0 N
32 29 2 1 N
41 19 1 0 N
41 39 0 1 N
41 27 2 2 N
19 38 2 0 N
19 30 1 1 N
19 41 0 2 N
38 31 2 1 N
38 30 1 0 N
38 43 0 2 N
31 1 1 0 N
31 33 0 1 N
31 39 2 2 N
1 33 0 2 N
1 35 2 1 N
1 7 1 0 N
33 40 2 2 N
33 11 1 1 N
33 31 0 0 N
40 26 1 2 N
40 30 0 1 N
40 18 2 0 N
26 7 2 1 N
26 3 0 2 N
26 32 1 0 N
7 28 0 2 N
7 41 2 1 N
7 32 1 0 N
28 21 2 0 N
28 32 1 2 N
28 7 0 1 N
21 29 0 0 N
21 7 2 2 N
21 31 1 1 N
29 46 2 2 N
29 29 1 1 N
29 29 0 0 N
46 45 1 1 N
46 36 0 2 N
46 32 2 0 N
45 8 2 2 N
45 18 0 1 N
45 27 1 0 N
8 48 0 0 N
8 2 1 1 N
8 27 2 2 N
48 22 0 0 N
48 19 1 1 N
48 39 2 2 N
22 44 1 2 N
22 43 0 1 N
22 43 2 0 N
44 42 0 1 N
44 12 2 2 N
44 39 1 0 N
42 47 0 1 N
42 45 1 0 N
42 47 2 2 N
47 49 1 0 N
47 9 0 2 N
47 4 2 1 N
49 25 2 2 N
49 35 0 0 N
49 4 1 1 N
25 11 1 0 N
25 22 0 1 N
25 1 2 2 N
11 20 2 0 N
11 9 0 1 N
11 27 1 2 N
20 6 2 1 N
20 39 0 2 N
20 28 1 0 N
6 34 2 0 N
6 29 1 1 N
6 49 0 2 N
34 9 2 2 N
34 35 1 1 N
34 28 0 0 N
9 43 1 1 N
9 35 0 2 N
9 7 2 0 N
43 10 0 0 N
43 9 1 2 N
43 9 2 1 N
10 36 1 0 N
10 11 0 2 N
10 20 2 1 N
36 13 1 1 N
36 0 0 2 N
36 26 2 0 N
13 39 2 0 N
13 21 0 1 N
13 18 1 2 N
39 2 2 0 N
39 32 0 1 N
39 9 1 2 N
2 35 0 1 N
2 25 1 0 N
2 43 2 2 N
35 4 0 2 N
35 32 2 1 N
35 43 1 0 N
4 5 1 0 N
4 44 2 1 N
4 28 0 2 N
5 16 0 0 N
5 0 2 2 N
5 42 1 1 N
16 17 0 0 N
16 27 1 2 N
16 35 2 1 N
17 0 1 2 N
17 23 2 0 N
17 23 0 1 N
0 12 0 1 N
0 31 1 0 N
0 35 2 2 N
12 30 0 2 N
12 3 2 0 N
12 32 1 1 N
30 13 2 0 N
30 29 1 2 N
30 29 0 1 N
