15 10 1 2 S
15 29 0 1 S
15 8 2 0 S
10 3 0 0 N
10 17 2 1 N
10 39 1 2 N
3 30 0 2 N
3 22 1 0 N
3 1 2 1 N
30 34 2 1 N
30 46 1 0 N
30 1 0 2 N
34 49 1 1 N
34 14 0 2 N
34 16 2 0 N
49 19 0 1 N
49 21 2 0 N
49 45 1 2 N
19 17 0 2 N
19 33 2 0 N
19 8 1 1 N
17 21 0 1 N
17 48 1 2 N
17 45 2 0 N
21 40 2 1 N
21 38 0 2 N
21 7 1 0 N
40 2 1 0 N
40 33 0 2 N
40 45 2 1 N
2 18 0 1 N
2 27 1 2 N
2 45 2 0 N
18 14 2 0 N
18 40 1 2 N
18 49 0 1 N
14 7 1 1 N
14 38 2 2 N
14 37 0 0 N
7 24 2 2 N
7 15 1 0 N
7 44 0 1 N
24 44 0 1 N
24 27 1 0 N
24 35 2 2 N
44 0 1 0 N
44 25 2 2 N
44 1 0 1 N
0 36 1 2 N
0 8 2 0 N
0 38 0 1 N
36 6 0 2 N
36 9 1 0 N
36 24 2 1 N
6 26 0 1 N
6 8 2 0 N
6 41 1 2 N
26 47 1 1 N
26 42 2 0 N
26 48 0 2 N
47 8 2 1 N
47 17 1 0 N
47 9 0 2 N
8 35 1 1 N
8 40 0 0 N
8 32 2 2 N
35 38 2 0 N
35 40 0 1 N
35 28 1 2 N
38 5 0 0 N
38 28 2 2 N
38 49 1 1 N
5 4 0 2 N
5 7 1 0 N
5 26 2 1 N
4 32 1 0 N
4 14 2 1 N
4 11 0 2 N
32 31 0 0 N
32 3 1 1 N
32 48 2 2 N
31 20 1 0 N
31 46 2 1 N
31 17 0 2 N
20 45 2 1 N
20 41 0 2 N
20 49 1 0 N
45 27 0 1 N
45 44 1 2 N
45 1 2 0 N
27 48 0 1 N
27 29 1 2 N
27 7 2 0 N
48 37 1 1 N
48 31 2 0 N
48 28 0 2 N
37 22 2 0 N
37 12 0 1 N
37 25 1 2 N
22 42 2 1 N
22 30 1 0 N
22 8 0 2 N
42 41 2 0 N
42 36 1 1 N
42 12 0 2 N
41 28 1 2 N
41 21 2 0 N
41 24 0 1 N
28 43 0 0 N
28 32 1 2 N
28 28 2 1 N
43 12 2 2 N
43 34 0 1 N
43 36 1 0 N
12 11 1 2 N
12 20 2 0 N
12 45 0 1 N
11 25 0 1 N
11 44 2 0 N
11 41 1 2 N
25 9 1 1 N
25 48 2 2 N
25 40 0 0 N
9 46 0 2 N
9 45 1 0 N
9 17 2 1 N
46 13 1 0 N
46 40 0 2 N
46 49 2 1 N
13 23 2 0 N
13 44 0 2 N
13 21 1 1 N
23 16 1 0 N
23 22 2 2 N
23 7 0 1 N
16 29 0 2 N
16 10 2 0 N
16 41 1 1 N
29 39 0 0 N
29 40 1 2 N
29 22 2 1 N
39 33 0 1 N
39 9 1 0 N
39 45 2 2 N
33 1 2 1 N
33 36 1 0 N
33 26 0 2 N
1 36 0 2 N
1 28 2 1 N
1 28 1 0 N
