6 0 0 0 S
0 43 1 2 N
43 36 1 1 N
36 34 2 1 N
34 40 2 0 N
40 22 2 2 N
22 29 2 2 N
29 17 1 1 N
17 25 0 2 N
25 28 0 0 N
28 46 2 0 N
46 48 1 2 N
48 27 1 0 N
27 20 0 1 N
20 19 1 2 N
19 32 1 1 N
32 47 0 2 N
47 10 0 1 N
10 18 0 1 N
18 24 2 0 N
24 7 0 0 N
7 23 2 2 N
23 33 2 1 N
33 21 0 2 N
21 16 1 2 N
16 49 2 0 N
49 3 0 0 N
3 12 1 2 N
12 39 2 0 N
39 5 0 2 N
5 13 0 1 N
13 35 1 1 N
35 26 2 0 N
26 9 1 2 N
9 41 0 0 N
41 11 2 0 N
11 14 2 0 N
14 31 0 1 N
31 45 2 0 N
45 30 2 0 N
30 1 0 1 N
1 38 2 2 N
38 2 1 0 N
2 15 0 2 N
15 37 0 1 N
37 44 1 0 N
44 42 2 1 N
42 4 2 1 N
4 8 2 0 N
