25 23 0 2 S
23 16 0 1 N
16 15 2 0 N
15 13 0 1 N
13 12 0 0 N
12 18 1 2 N
18 4 2 0 N
4 40 1 0 N
40 5 2 2 N
5 45 0 2 N
45 11 1 1 N
11 3 0 0 N
3 39 2 0 N
39 37 0 0 N
37 46 0 2 N
46 6 2 1 N
6 34 1 0 N
34 17 1 2 N
17 7 2 2 N
7 33 0 2 N
33 19 1 0 N
19 38 2 1 N
38 8 2 2 N
8 9 0 1 N
9 30 0 0 N
30 0 1 1 N
0 32 1 1 N
32 22 0 0 N
22 27 0 1 N
27 26 1 0 N
26 47 0 2 N
47 1 0 1 N
1 29 0 2 N
29 28 1 2 N
28 48 2 0 N
48 41 0 1 N
41 10 1 0 N
10 43 2 1 N
43 14 0 2 N
14 24 1 1 N
24 35 2 2 N
35 42 2 0 N
42 31 2 2 N
31 2 1 2 N
2 44 1 2 N
44 20 2 0 N
20 36 0 0 N
36 49 2 2 N
49 21 2 0 N
