29 24 1 0 S
29 9 0 2 S
29 2 2 1 S
24 46 1 2 N
24 41 0 1 N
24 20 2 0 N
46 48 1 1 N
46 3 0 2 N
46 8 2 0 N
48 42 0 0 N
48 42 1 1 N
48 24 2 2 N
42 15 0 2 N
42 26 1 0 N
42 20 2 1 N
15 9 0 2 N
15 25 1 1 N
15 44 2 0 N
9 2 1 0 N
9 15 2 2 N
9 4 0 1 N
2 30 1 0 N
2 25 0 2 N
2 7 2 1 N
30 19 1 2 N
30 14 2 0 N
30 21 0 1 N
19 6 2 0 N
19 20 0 2 N
19 10 1 1 N
6 41 2 0 N
6 30 1 1 N
6 14 0 2 N
41 40 2 2 N
41 24 0 1 N
41 2 1 0 N
40 25 0 1 N
40 37 1 2 N
40 13 2 0 N
25 49 1 2 N
25 16 0 1 N
25 10 2 0 N
49 36 1 1 N
49 26 0 2 N
49 42 2 0 N
36 11 1 2 N
36 6 0 0 N
36 7 2 1 N
11 33 1 1 N
11 10 2 0 N
11 4 0 2 N
33 34 2 2 N
33 36 1 1 N
33 5 0 0 N
34 3 1 1 N
34 22 2 0 N
34 15 0 2 N
3 1 1 0 N
3 35 0 1 N
3 37 2 2 N
1 43 1 1 N
1 44 2 2 N
1 35 0 0 N
43 4 2 0 N
43 13 0 1 N
43 16 1 2 N
4 39 1 1 N
4 21 2 2 N
4 6 0 0 N
39 37 2 0 N
39 26 0 1 N
39 14 1 2 N
37 31 0 0 N
37 6 1 2 N
37 10 2 1 N
31 18 0 0 N
31 14 2 1 N
31 45 1 2 N
18 20 2 0 N
18 23 1 1 N
18 29 0 2 N
20 7 2 1 N
20 14 0 0 N
20 10 1 2 N
7 35 1 2 N
7 20 2 1 N
7 30 0 0 N
35 14 0 2 N
35 28 2 0 N
35 6 1 1 N
14 23 2 0 N
14 20 1 2 N
14 21 0 1 N
23 47 0 1 N
23 44 1 0 N
23 11 2 2 N
47 38 1 2 N
47 2 2 0 N
47 17 0 1 N
38 10 2 2 N
38 34 1 1 N
38 25 0 0 N
10 17 2 1 N
10 14 0 2 N
10 21 1 0 N
17 13 2 0 N
17 6 0 2 N
17 7 1 1 N
13 32 1 2 N
13 30 0 0 N
13 7 2 1 N
32 16 0 2 N
32 37 2 1 N
32 24 1 0 N
16 27 1 0 N
16 6 0 2 N
16 7 2 1 N
27 8 0 2 N
27 4 1 0 N
27 19 2 1 N
8 26 1 0 N
8 39 2 1 N
8 20 0 2 N
26 28 2 1 N
26 20 0 0 N
26 28 1 2 N
28 22 2 2 N
28 14 1 0 N
28 7 0 1 N
22 45 0 1 N
22 28 1 0 N
22 36 2 2 N
45 5 0 2 N
45 6 1 1 N
45 12 2 0 N
5 44 0 2 N
5 15 1 0 N
5 4 2 1 N
44 12 2 2 N
44 11 0 0 N
44 20 1 1 N
12 0 1 0 N
12 20 0 2 N
12 2 2 1 N
0 21 1 2 N
0 27 2 0 N
0 18 0 1 N
21 16 1 0 N
21 42 0 2 N
21 21 2 1 N
