12 30 0 1 S
12 10 2 2 S
12 42 1 0 S
30 40 0 1 N
30 15 2 2 N
30 18 1 0 N
40 47 0 0 N
40 19 2 1 N
40 36 1 2 N
47 45 2 1 N
47 22 1 2 N
47 22 0 0 N
45 20 2 2 N
45 49 1 1 N
45 16 0 0 N
20 37 2 0 N
20 40 1 1 N
20 29 0 2 N
37 10 1 1 N
37 27 2 2 N
37 38 0 0 N
10 31 1 0 N
10 35 2 1 N
10 18 0 2 N
31 16 2 2 N
31 6 0 0 N
31 16 1 1 N
16 49 1 0 N
16 39 2 2 N
16 12 0 1 N
49 17 0 0 N
49 16 1 2 N
49 11 2 1 N
17 25 1 0 N
17 21 0 1 N
17 11 2 2 N
25 11 0 2 N
25 5 2 0 N
25 38 1 1 N
11 4 1 1 N
11 28 0 2 N
11 23 2 0 N
4 5 2 2 N
4 8 0 1 N
4 29 1 0 N
5 14 1 1 N
5 9 0 0 N
5 47 2 2 N
14 39 2 0 N
14 3 0 2 N
14 12 1 1 N
39 9 0 0 N
39 43 1 1 N
39 46 2 2 N
9 32 1 1 N
9 22 0 0 N
9 3 2 2 N
32 0 2 0 N
32 28 0 1 N
32 17 1 2 N
0 24 0 0 N
0 1 1 1 N
0 48 2 2 N
24 6 0 0 N
24 35 2 1 N
24 3 1 2 N
6 36 1 2 N
6 40 2 0 N
6 9 0 1 N
36 2 2 2 N
36 47 1 1 N
36 7 0 0 N
2 35 1 1 N
2 45 0 0 N
2 29 2 2 N
35 46 1 0 N
35 36 2 1 N
35 5 0 2 N
46 42 1 0 N
46 8 2 1 N
46 41 0 2 N
42 33 2 0 N
42 3 0 1 N
42 34 1 2 N
33 8 0 2 N
33 7 1 0 N
33 18 2 1 N
8 26 2 0 N
8 6 0 1 N
8 24 1 2 N
26 22 0 0 N
26 40 1 2 N
26 18 2 1 N
22 23 2 0 N
22 7 1 2 N
22 22 0 1 N
23 7 2 2 N
23 11 1 0 N
23 9 0 1 N
7 43 2 0 N
7 1 0 2 N
7 22 1 1 N
43 19 1 0 N
43 17 0 1 N
43 34 2 2 N
19 15 0 2 N
19 26 1 1 N
19 12 2 0 N
15 41 2 1 N
15 6 0 0 N
15 38 1 2 N
41 34 1 2 N
41 48 0 0 N
41 5 2 1 N
34 27 0 1 N
34 19 2 0 N
34 22 1 2 N
27 48 1 0 N
27 39 2 1 N
27 38 0 2 N
48 44 1 0 N
48 47 2 1 N
48 43 0 2 N
44 29 1 0 N
44 27 0 2 N
44 28 2 1 N
29 21 0 2 N
29 13 2 1 N
29 43 1 0 N
21 28 0 0 N
21 48 2 1 N
21 22 1 2 N
28 13 2 2 N
28 11 0 0 N
28 18 1 1 N
13 38 0 2 N
13 33 2 0 N
13 47 1 1 N
38 3 1 1 N
38 6 0 2 N
38 18 2 0 N
3 18 2 2 N
3 28 1 0 N
3 21 0 1 N
18 1 1 2 N
18 37 0 0 N
18 7 2 1 N
1 20 1 2 N
1 41 0 1 N
1 41 2 0 N
