32 30 0 2 S
30 47 0 0 N
47 23 0 0 N
23 46 2 1 N
46 31 0 1 N
31 22 2 2 N
22 8 2 1 N
8 48 2 0 N
48 45 2 1 N
45 43 0 1 N
43 39 1 0 N
39 40 0 1 N
40 42 0 2 N
42 24 1 2 N
24 6 2 2 N
6 14 1 2 N
14 37 0 2 N
37 21 1 2 N
21 41 2 1 N
41 19 0 2 N
19 1 1 0 N
1 49 2 1 N
49 44 2 2 N
44 15 2 2 N
15 29 0 0 N
29 2 0 2 N
2 36 1 2 N
36 34 1 0 N
34 27 1 2 N
27 9 2 0 N
9 5 0 1 N
5 38 0 1 N
38 13 2 2 N
13 26 0 2 N
26 16 2 1 N
16 25 1 0 N
25 10 2 2 N
10 28 0 1 N
28 20 1 1 N
20 11 2 1 N
11 33 0 0 N
33 0 1 0 N
0 18 2 2 N
18 12 1 0 N
12 3 1 0 N
3 17 0 0 N
17 35 1 0 N
35 4 1 1 N
4 7 1 2 N
