37 9 2 0 S
9 33 1 0 N
33 29 2 1 N
29 42 0 1 N
42 14 1 2 N
14 0 2 2 N
0 47 1 1 N
47 4 0 0 N
4 16 2 0 N
16 8 2 2 N
8 45 2 2 N
45 20 1 2 N
20 5 2 1 N
5 38 2 0 N
38 35 1 0 N
35 39 0 0 N
39 6 0 0 N
6 12 2 1 N
12 19 0 0 N
19 22 1 2 N
22 41 1 1 N
41 7 0 2 N
7 26 2 2 N
26 15 2 0 N
15 21 1 2 N
21 40 2 0 N
40 3 2 0 N
3 44 2 1 N
44 48 2 1 N
48 1 0 0 N
1 31 2 2 N
31 27 0 1 N
27 17 2 2 N
17 10 0 2 N
10 13 2 1 N
13 32 2 2 N
32 11 1 1 N
11 36 2 0 N
36 49 2 1 N
49 46 2 0 N
46 23 0 1 N
23 30 1 2 N
30 28 1 2 N
28 25 2 1 N
25 18 0 2 N
18 2 2 1 N
2 34 1 0 N
34 43 2 0 N
43 24 0 2 N
