27 25 0 0 S
25 40 0 2 N
40 8 1 2 N
8 10 1 2 N
10 33 1 1 N
33 30 2 0 N
30 45 2 1 N
45 38 0 2 N
38 0 0 2 N
0 4 1 0 N
4 22 2 1 N
22 15 2 2 N
15 47 1 1 N
47 20 2 2 N
20 16 0 2 N
16 5 2 1 N
5 7 1 1 N
7 13 2 0 N
13 26 2 0 N
26 31 0 2 N
31 9 0 0 N
9 34 2 2 N
34 23 1 0 N
23 42 0 2 N
42 28 0 0 N
28 6 0 1 N
6 11 2 2 N
11 41 0 2 N
41 37 0 0 N
37 44 2 2 N
44 1 0 0 N
1 17 0 0 N
17 39 0 0 N
39 49 2 0 N
49 14 1 1 N
14 18 0 2 N
18 29 0 1 N
29 2 2 2 N
2 46 1 0 N
46 43 0 0 N
43 21 1 0 N
21 19 0 1 N
19 12 0 2 N
12 32 0 1 N
32 36 1 0 N
36 3 0 2 N
3 24 2 2 N
24 48 1 1 N
48 35 0 0 N
