37 28 0 1 S
37 42 2 2 S
37 14 1 0 S
28 7 0 1 N
28 14 1 0 N
28 24 2 2 N
7 39 2 1 N
7 15 1 2 N
7 48 0 0 N
39 5 1 0 N
39 46 2 2 N
39 19 0 1 N
5 16 0 1 N
5 32 2 0 N
5 35 1 2 N
16 6 1 1 N
16 11 2 0 N
16 15 0 2 N
6 43 1 0 N
6 33 0 2 N
6 37 2 1 N
43 13 2 1 N
43 9 0 2 N
43 37 1 0 N
13 17 0 2 N
13 49 1 0 N
13 29 2 1 N
17 18 1 1 N
17 15 0 2 N
17 14 2 0 N
18 9 2 0 N
18 23 0 2 N
18 24 1 1 N
9 0 1 1 N
9 48 2 2 N
9 6 0 0 N
0 42 1 1 N
0 33 2 0 N
0 19 0 2 N
42 48 0 2 N
42 28 2 0 N
42 14 1 1 N
48 46 1 2 N
48 11 0 1 N
48 38 2 0 N
46 8 2 0 N
46 6 1 1 N
46 15 0 2 N
8 32 2 1 N
8 29 1 2 N
8 48 0 0 N
32 47 2 1 N
32 15 0 2 N
32 13 1 0 N
47 1 1 0 N
47 6 2 2 N
47 11 0 1 N
1 33 2 2 N
1 45 0 1 N
1 0 1 0 N
33 4 1 2 N
33 11 2 0 N
33 4 0 1 N
4 31 1 1 N
4 40 0 2 N
4 42 2 0 N
31 36 0 1 N
31 30 1 2 N
31 24 2 0 N
36 10 1 1 N
36 6 0 2 N
36 43 2 0 N
10 38 2 0 N
10 47 0 1 N
10 22 1 2 N
38 35 0 0 N
38 48 1 2 N
38 42 2 1 N
35 21 2 0 N
35 47 1 2 N
35 38 0 1 N
21 27 2 0 N
21 42 1 2 N
21 40 0 1 N
27 19 2 2 N
27 20 0 0 N
27 11 1 1 N
19 22 2 1 N
19 28 1 0 N
19 45 0 2 N
22 3 2 1 N
22 8 1 2 N
22 8 0 0 N
3 41 2 1 N
3 15 1 2 N
3 49 0 0 N
41 26 1 2 N
41 49 0 1 N
41 33 2 0 N
26 24 2 1 N
26 28 1 0 N
26 11 0 2 N
24 40 1 0 N
24 4 2 1 N
24 11 0 2 N
40 12 1 2 N
40 16 0 1 N
40 37 2 0 N
12 2 0 2 N
12 9 2 0 N
12 42 1 1 N
2 49 1 1 N
2 43 0 2 N
2 13 2 0 N
49 34 2 0 N
49 21 0 1 N
49 39 1 2 N
34 44 1 2 N
34 19 2 1 N
34 35 0 0 N
44 14 1 2 N
44 35 0 0 N
44 45 2 1 N
14 29 0 2 N
14 11 1 1 N
14 14 2 0 N
29 30 1 2 N
29 38 2 1 N
29 37 0 0 N
30 20 1 2 N
30 34 2 1 N
30 14 0 0 N
20 25 1 1 N
20 24 0 0 N
20 4 2 2 N
25 15 2 0 N
25 16 1 2 N
25 28 0 1 N
15 23 2 2 N
15 40 0 1 N
15 6 1 0 N
23 11 2 1 N
23 22 0 2 N
23 39 1 0 N
11 45 1 1 N
11 48 2 2 N
11 14 0 0 N
45 39 2 2 N
45 15 0 1 N
45 42 1 0 N
