32 19 1 1 S
19 38 1 0 N
38 29 1 2 N
29 23 2 1 N
23 4 2 1 N
4 22 0 2 N
22 37 0 2 N
37 42 1 0 N
42 43 1 1 N
43 14 1 1 N
14 41 1 1 N
41 44 1 2 N
44 3 1 0 N
3 1 0 2 N
1 8 1 0 N
8 0 0 0 N
0 15 2 0 N
15 33 0 1 N
33 9 2 2 N
9 17 2 1 N
17 45 2 0 N
45 12 2 1 N
12 18 0 2 N
18 10 1 0 N
10 31 2 1 N
31 39 1 1 N
39 13 1 2 N
13 40 2 0 N
40 6 2 0 N
6 16 2 2 N
16 27 1 1 N
27 26 1 2 N
26 25 0 1 N
25 30 0 1 N
30 11 2 2 N
11 5 0 0 N
5 35 1 1 N
35 28 0 1 N
28 20 0 0 N
20 7 0 2 N
7 24 2 2 N
24 2 2 0 N
2 21 1 1 N
21 36 0 0 N
36 34 0 0 N
