16 29 0 2 S
16 33 2 0 S
16 40 1 1 S
29 45 0 0 N
29 26 2 2 N
29 10 1 1 N
45 28 0 1 N
45 44 1 2 N
45 16 2 0 N
28 35 2 1 N
28 31 0 2 N
28 23 1 0 N
35 27 0 0 N
35 17 2 1 N
35 43 1 2 N
27 7 2 1 N
27 21 1 2 N
27 31 0 0 N
7 1 0 2 N
7 40 2 1 N
7 3 1 0 N
1 32 0 0 N
1 44 2 1 N
1 2 1 2 N
32 3 0 2 N
32 5 1 0 N
32 28 2 1 N
3 39 0 2 N
3 26 2 0 N
3 3 1 1 N
39 33 2 0 N
39 6 0 1 N
39 19 1 2 N
33 13 2 1 N
33 12 0 0 N
33 44 1 2 N
13 15 1 0 N
13 24 0 2 N
13 26 2 1 N
15 5 0 0 N
15 26 2 1 N
15 44 1 2 N
5 14 1 2 N
5 32 0 0 N
5 7 2 1 N
14 17 1 2 N
14 36 0 1 N
14 2 2 0 N
17 19 0 1 N
17 10 1 2 N
17 21 2 0 N
19 25 0 0 N
19 24 1 2 N
19 3 2 1 N
25 36 1 1 N
25 13 0 0 N
25 45 2 2 N
36 18 2 2 N
36 5 1 1 N
36 26 0 0 N
18 24 0 0 N
18 4 1 1 N
18 10 2 2 N
24 30 0 2 N
24 10 1 0 N
24 40 2 1 N
30 37 1 0 N
30 26 2 2 N
30 15 0 1 N
37 26 2 1 N
37 39 1 2 N
37 1 0 0 N
26 40 2 1 N
26 11 0 2 N
26 3 1 0 N
40 12 0 0 N
40 43 1 2 N
40 19 2 1 N
12 42 2 2 N
12 19 1 0 N
12 1 0 1 N
42 9 1 0 N
42 39 0 1 N
42 10 2 2 N
9 0 2 0 N
9 14 1 2 N
9 24 0 1 N
0 38 0 0 N
0 43 2 2 N
0 5 1 1 N
38 20 0 2 N
38 2 2 0 N
38 14 1 1 N
20 34 0 2 N
20 10 1 0 N
20 26 2 1 N
34 8 2 1 N
34 12 1 2 N
34 39 0 0 N
8 4 0 0 N
8 37 1 1 N
8 14 2 2 N
4 43 1 0 N
4 2 0 1 N
4 37 2 2 N
43 41 0 1 N
43 11 1 2 N
43 5 2 0 N
41 31 1 0 N
41 28 2 2 N
41 43 0 1 N
31 6 0 1 N
31 16 2 2 N
31 3 1 0 N
6 23 0 1 N
6 13 2 0 N
6 10 1 2 N
23 11 2 0 N
23 9 1 2 N
23 26 0 1 N
11 10 0 1 N
11 9 2 0 N
11 5 1 2 N
10 22 0 1 N
10 23 2 0 N
10 3 1 2 N
22 21 0 2 N
22 15 2 0 N
22 35 1 1 N
21 44 0 0 N
21 42 1 1 N
21 26 2 2 N
44 2 0 0 N
44 17 1 1 N
44 10 2 2 N
2 30 1 0 N
2 10 0 1 N
2 10 2 2 N
