43 7 2 1 S
7 24 0 0 N
24 22 1 0 N
22 23 2 1 N
23 35 0 0 N
35 9 2 1 N
9 10 1 2 N
10 12 2 1 N
12 8 0 1 N
8 42 0 0 N
42 2 0 0 N
2 27 1 0 N
27 4 1 0 N
4 38 1 2 N
38 19 2 0 N
19 29 0 1 N
29 39 2 1 N
39 28 0 1 N
28 45 1 2 N
45 16 2 0 N
16 40 1 0 N
40 18 2 2 N
18 17 0 0 N
17 34 2 1 N
34 6 0 2 N
6 32 1 2 N
32 33 2 2 N
33 0 0 0 N
0 11 1 0 N
11 3 1 0 N
3 26 1 1 N
26 41 0 0 N
41 30 2 0 N
30 5 0 0 N
5 44 1 2 N
44 14 0 1 N
14 25 0 2 N
25 20 2 2 N
20 13 2 0 N
13 1 1 2 N
1 31 2 2 N
31 36 0 0 N
36 15 2 2 N
15 37 1 2 N
37 21 1 2 N
