9 8 1 1 S
8 42 2 0 N
42 17 0 0 N
17 11 1 0 N
11 16 1 2 N
16 13 2 0 N
13 24 0 1 N
24 22 1 2 N
22 10 0 0 N
10 33 1 0 N
33 36 0 0 N
36 14 2 0 N
14 34 1 0 N
34 1 1 2 N
1 41 2 0 N
41 26 0 2 N
26 15 0 2 N
15 32 1 1 N
32 0 0 1 N
0 27 1 2 N
27 20 0 0 N
20 35 1 1 N
35 43 1 0 N
43 2 2 2 N
2 45 2 2 N
45 6 2 0 N
6 12 0 0 N
12 5 2 1 N
5 37 2 1 N
37 25 1 0 N
25 19 2 2 N
19 31 0 0 N
31 30 0 2 N
30 39 2 1 N
39 29 2 0 N
29 38 0 0 N
38 21 2 0 N
21 7 1 2 N
7 40 0 2 N
40 18 1 2 N
18 28 0 2 N
28 44 0 0 N
44 3 0 2 N
3 4 1 0 N
4 23 0 0 N
