19 15 0 1 S
15 45 0 1 N
45 12 2 2 N
12 37 2 0 N
37 35 0 1 N
35 13 1 2 N
13 42 0 0 N
42 44 0 2 N
44 8 1 0 N
8 16 2 1 N
16 33 0 2 N
33 17 2 0 N
17 34 0 0 N
34 32 0 2 N
32 0 0 1 N
0 31 0 0 N
31 22 1 0 N
22 2 2 0 N
2 5 1 0 N
5 36 0 0 N
36 11 1 2 N
11 21 0 0 N
21 43 2 2 N
43 39 0 0 N
39 14 1 2 N
14 28 2 1 N
28 9 0 1 N
9 38 1 0 N
38 41 1 2 N
41 25 0 2 N
25 29 0 0 N
29 30 0 0 N
30 4 1 0 N
4 10 2 0 N
10 7 0 1 N
7 26 2 1 N
26 27 2 1 N
27 18 0 1 N
18 6 0 1 N
6 1 2 2 N
1 20 1 2 N
20 3 0 0 N
3 24 1 2 N
24 40 0 0 N
40 23 0 1 N
