26 24 2 2 S
26 8 0 0 S
26 41 1 1 S
24 30 2 2 N
24 39 0 0 N
24 34 1 1 N
30 7 2 0 N
30 36 0 1 N
30 34 1 2 N
7 42 1 1 N
7 41 2 2 N
7 41 0 0 N
42 16 1 1 N
42 43 2 2 N
42 41 0 0 N
16 34 0 1 N
16 8 2 2 N
16 30 1 0 N
34 22 0 1 N
34 0 1 2 N
34 11 2 0 N
22 28 0 0 N
22 40 2 1 N
22 7 1 2 N
28 29 0 0 N
28 29 2 1 N
28 26 1 2 N
29 21 2 1 N
29 8 0 0 N
29 3 1 2 N
21 12 2 0 N
21 32 0 1 N
21 8 1 2 N
12 44 1 1 N
12 25 0 0 N
12 34 2 2 N
44 5 2 2 N
44 6 0 0 N
44 18 1 1 N
5 36 0 0 N
5 35 1 1 N
5 19 2 2 N
36 43 2 2 N
36 26 1 1 N
36 41 0 0 N
43 14 0 1 N
43 44 2 2 N
43 36 1 0 N
14 8 1 2 N
14 45 2 0 N
14 30 0 1 N
8 3 0 2 N
8 15 2 0 N
8 11 1 1 N
3 13 1 0 N
3 18 2 2 N
3 26 0 1 N
13 2 1 0 N
13 34 0 1 N
13 13 2 2 N
2 37 1 2 N
2 26 2 0 N
2 36 0 1 N
37 23 2 0 N
37 11 1 2 N
37 23 0 1 N
23 0 2 0 N
23 25 0 2 N
23 18 1 1 N
0 10 1 0 N
0 14 0 1 N
0 8 2 2 N
10 6 0 0 N
10 36 1 2 N
10 14 2 1 N
6 40 1 1 N
6 42 0 0 N
6 36 2 2 N
40 17 1 2 N
40 45 2 1 N
40 41 0 0 N
17 27 0 0 N
17 15 2 2 N
17 1 1 1 N
27 39 1 0 N
27 18 2 2 N
27 18 0 1 N
39 4 2 0 N
39 18 1 2 N
39 26 0 1 N
4 38 1 2 N
4 8 0 1 N
4 24 2 0 N
38 11 0 1 N
38 8 1 2 N
38 26 2 0 N
11 18 0 1 N
11 34 1 0 N
11 13 2 2 N
18 33 2 0 N
18 26 1 1 N
18 41 0 2 N
33 31 2 1 N
33 25 1 0 N
33 27 0 2 N
31 35 2 0 N
31 14 0 1 N
31 23 1 2 N
35 1 0 1 N
35 28 2 0 N
35 36 1 2 N
1 45 1 2 N
1 30 2 1 N
1 8 0 0 N
45 9 1 2 N
45 8 2 0 N
45 36 0 1 N
9 20 2 2 N
9 8 0 1 N
9 44 1 0 N
20 32 1 1 N
20 24 2 0 N
20 45 0 2 N
32 41 0 0 N
32 5 2 2 N
32 0 1 1 N
41 25 1 0 N
41 11 2 2 N
41 13 0 1 N
25 15 1 0 N
25 0 2 1 N
25 42 0 2 N
15 19 1 1 N
15 34 2 0 N
15 22 0 2 N
19 28 2 1 N
19 25 1 2 N
19 11 0 0 N
