26 27 0 1 S
27 31 2 2 N
31 35 0 2 N
35 10 1 1 N
10 7 0 2 N
7 1 2 1 N
1 40 1 0 N
40 42 2 1 N
42 43 2 1 N
43 9 0 2 N
9 20 0 0 N
20 17 2 1 N
17 5 1 2 N
5 39 0 0 N
39 41 2 0 N
41 32 0 0 N
32 28 2 1 N
28 24 0 1 N
24 19 1 0 N
19 34 2 2 N
34 25 1 2 N
25 23 1 1 N
23 21 1 0 N
21 12 0 2 N
12 14 0 2 N
14 3 2 0 N
3 38 1 1 N
38 30 1 2 N
30 45 0 0 N
45 33 1 1 N
33 11 0 2 N
11 22 1 1 N
22 16 2 0 N
16 15 2 0 N
15 4 1 2 N
4 13 1 0 N
13 36 1 1 N
36 0 0 0 N
0 44 2 0 N
44 29 0 1 N
29 18 0 1 N
18 6 2 2 N
6 37 0 0 N
37 8 1 2 N
8 2 1 1 N
