20 6 2 2 S
6 9 2 1 N
9 43 1 1 N
43 34 2 2 N
34 11 0 2 N
11 42 2 1 N
42 16 2 1 N
16 0 1 1 N
0 17 0 1 N
17 44 1 1 N
44 1 1 0 N
1 2 0 0 N
2 33 1 0 N
33 31 0 1 N
31 18 1 2 N
18 32 0 2 N
32 10 1 1 N
10 27 2 1 N
27 22 1 2 N
22 14 2 2 N
14 28 1 2 N
28 40 0 2 N
40 12 2 1 N
12 38 0 0 N
38 19 0 1 N
19 8 0 1 N
8 29 2 1 N
29 26 1 0 N
26 21 2 0 N
21 7 1 1 N
7 5 0 1 N
5 3 0 1 N
3 30 0 1 N
30 4 2 0 N
4 13 0 2 N
13 36 0 0 N
36 39 1 0 N
39 37 1 2 N
37 15 0 1 N
15 35 0 1 N
35 45 1 0 N
45 24 2 1 N
24 23 1 1 N
23 41 2 0 N
41 25 1 0 N
