4 29 1 2 S
4 42 0 1 S
4 38 2 0 S
29 40 0 0 N
29 17 2 1 N
29 42 1 2 N
40 35 1 1 N
40 39 0 2 N
40 20 2 0 N
35 1 2 1 N
35 15 0 0 N
35 39 1 2 N
1 17 2 0 N
1 9 1 2 N
1 31 0 1 N
17 23 2 1 N
17 18 0 0 N
17 44 1 2 N
23 13 0 0 N
23 19 2 1 N
23 31 1 2 N
13 25 1 1 N
13 15 0 2 N
13 2 2 0 N
25 3 0 0 N
25 36 2 2 N
25 20 1 1 N
3 27 1 0 N
3 2 0 2 N
3 9 2 1 N
27 19 1 1 N
27 23 0 0 N
27 29 2 2 N
19 12 2 1 N
19 9 1 2 N
19 37 0 0 N
12 18 2 1 N
12 40 0 2 N
12 37 1 0 N
18 45 1 1 N
18 41 0 2 N
18 37 2 0 N
45 43 2 0 N
45 34 1 1 N
45 36 0 2 N
43 22 1 1 N
43 31 0 2 N
43 11 2 0 N
22 5 1 1 N
22 1 2 2 N
22 36 0 0 N
5 31 1 0 N
5 20 0 1 N
5 13 2 2 N
31 44 2 2 N
31 28 1 0 N
31 30 0 1 N
44 8 1 1 N
44 22 2 0 N
44 26 0 2 N
8 15 0 2 N
8 36 1 0 N
8 20 2 1 N
15 7 2 2 N
15 26 1 0 N
15 36 0 1 N
7 36 2 1 N
7 22 1 2 N
7 41 0 0 N
36 28 0 0 N
36 20 1 1 N
36 20 2 2 N
28 9 0 1 N
28 12 2 0 N
28 7 1 2 N
9 38 1 0 N
9 1 0 1 N
9 22 2 2 N
38 6 2 1 N
38 31 1 2 N
38 36 0 0 N
6 20 2 0 N
6 11 1 2 N
6 40 0 1 N
20 16 1 0 N
20 30 2 2 N
20 20 0 1 N
16 11 0 0 N
16 4 1 1 N
16 6 2 2 N
11 24 0 0 N
11 40 1 1 N
11 9 2 2 N
24 26 2 2 N
24 17 0 0 N
24 2 1 1 N
26 33 1 0 N
26 34 0 1 N
26 23 2 2 N
33 37 2 0 N
33 16 0 1 N
33 2 1 2 N
37 32 2 0 N
37 7 1 2 N
37 21 0 1 N
32 41 0 1 N
32 20 2 0 N
32 7 1 2 N
41 10 2 2 N
41 21 0 0 N
41 23 1 1 N
10 34 1 1 N
10 4 2 0 N
10 2 0 2 N
34 2 2 2 N
34 30 0 1 N
34 3 1 0 N
2 30 1 1 N
2 12 0 2 N
2 22 2 0 N
30 39 0 1 N
30 36 2 0 N
30 20 1 2 N
39 0 0 0 N
39 45 2 2 N
39 20 1 1 N
0 42 2 1 N
0 39 1 2 N
0 9 0 0 N
42 14 2 1 N
42 39 0 2 N
42 18 1 0 N
14 21 1 0 N
14 44 2 2 N
14 30 0 1 N
21 23 0 2 N
21 20 2 0 N
21 20 1 1 N
