32 10 1 0 S
10 7 0 0 N
7 12 2 2 N
12 24 1 0 N
24 16 1 2 N
16 8 2 0 N
8 38 2 0 N
38 40 0 1 N
40 27 0 0 N
27 36 1 2 N
36 29 1 0 N
29 23 2 1 N
23 41 2 1 N
41 15 2 2 N
15 1 2 0 N
1 11 2 1 N
11 43 0 1 N
43 2 2 2 N
2 31 1 1 N
31 9 2 1 N
9 18 0 0 N
18 26 1 2 N
26 44 0 0 N
44 20 1 1 N
20 0 0 0 N
0 22 2 2 N
22 4 0 1 N
4 34 1 2 N
34 45 1 2 N
45 37 0 1 N
37 14 1 2 N
14 21 0 0 N
21 42 0 1 N
42 39 2 1 N
39 19 1 0 N
19 13 0 1 N
13 6 0 0 N
6 35 0 2 N
35 33 2 0 N
33 28 1 2 N
28 25 0 2 N
25 3 2 1 N
3 30 1 1 N
30 17 0 1 N
17 5 1 0 N
