34 30 0 1 S
34 16 2 0 S
34 41 1 2 S
30 24 1 2 N
30 17 0 0 N
30 0 2 1 N
24 5 0 1 N
24 18 2 2 N
24 41 1 0 N
5 31 0 2 N
5 11 1 0 N
5 29 2 1 N
31 44 1 1 N
31 23 0 2 N
31 4 2 0 N
44 3 2 1 N
44 30 0 0 N
44 29 1 2 N
3 1 0 1 N
3 27 2 2 N
3 24 1 0 N
1 22 1 2 N
1 0 0 0 N
1 15 2 1 N
22 12 2 2 N
22 1 0 0 N
22 15 1 1 N
12 29 0 0 N
12 9 1 1 N
12 2 2 2 N
29 2 0 1 N
29 14 2 0 N
29 2 1 2 N
2 15 0 1 N
2 16 2 2 N
2 16 1 0 N
15 38 1 1 N
15 12 2 2 N
15 0 0 0 N
38 35 0 0 N
38 40 2 1 N
38 13 1 2 N
35 18 0 1 N
35 23 2 2 N
35 16 1 0 N
18 28 1 1 N
18 33 0 2 N
18 34 2 0 N
28 11 1 2 N
28 23 0 0 N
28 37 2 1 N
11 17 2 2 N
11 6 0 1 N
11 29 1 0 N
17 21 2 2 N
17 15 1 0 N
17 2 0 1 N
21 43 1 0 N
21 34 2 1 N
21 2 0 2 N
43 6 1 1 N
43 4 0 0 N
43 9 2 2 N
6 7 1 1 N
6 21 2 0 N
6 15 0 2 N
7 42 1 2 N
7 32 0 1 N
7 30 2 0 N
42 4 2 0 N
42 5 1 2 N
42 8 0 1 N
4 33 0 2 N
4 14 1 1 N
4 41 2 0 N
33 45 1 2 N
33 11 0 1 N
33 36 2 0 N
45 19 1 0 N
45 43 0 1 N
45 34 2 2 N
19 20 1 2 N
19 25 2 0 N
19 21 0 1 N
20 13 0 1 N
20 18 1 0 N
20 29 2 2 N
13 23 0 2 N
13 31 1 1 N
13 31 2 0 N
23 40 0 1 N
23 25 2 0 N
23 16 1 2 N
40 32 2 0 N
40 9 0 1 N
40 37 1 2 N
32 26 0 0 N
32 24 1 2 N
32 14 2 1 N
26 37 1 2 N
26 18 0 1 N
26 14 2 0 N
37 10 1 1 N
37 2 0 2 N
37 12 2 0 N
10 39 1 2 N
10 5 0 1 N
10 41 2 0 N
39 9 2 2 N
39 42 0 0 N
39 24 1 1 N
9 14 2 1 N
9 25 1 0 N
9 9 0 2 N
14 27 0 0 N
14 41 1 1 N
14 9 2 2 N
27 0 2 2 N
27 8 0 0 N
27 34 1 1 N
0 16 1 0 N
0 4 2 2 N
0 23 0 1 N
16 8 2 2 N
16 4 1 1 N
16 9 0 0 N
8 41 2 2 N
8 30 1 0 N
8 15 0 1 N
41 25 2 1 N
41 21 1 0 N
41 9 0 2 N
25 36 2 0 N
25 36 1 2 N
25 14 0 1 N
36 28 2 2 N
36 2 0 1 N
36 23 1 0 N
