31 41 1 1 S
41 45 2 0 N
45 28 1 1 N
28 5 0 2 N
5 44 2 2 N
44 38 2 2 N
38 4 0 1 N
4 15 1 2 N
15 21 0 0 N
21 3 1 1 N
3 12 0 2 N
12 8 0 0 N
8 26 0 0 N
26 22 2 2 N
22 37 0 0 N
37 39 2 1 N
39 1 1 0 N
1 11 2 1 N
11 36 1 0 N
36 6 2 1 N
6 13 0 0 N
13 29 0 1 N
29 35 1 2 N
35 14 2 1 N
14 16 0 0 N
16 24 2 0 N
24 40 1 0 N
40 0 0 2 N
0 20 2 2 N
20 7 2 2 N
7 34 1 0 N
34 30 0 1 N
30 27 1 2 N
27 17 0 2 N
17 43 2 2 N
43 10 1 1 N
10 42 1 1 N
42 23 1 0 N
23 18 0 0 N
18 25 1 1 N
25 19 0 1 N
19 2 0 0 N
2 33 1 2 N
33 9 2 0 N
9 32 2 0 N
