29 45 1 2 S
29 2 0 1 S
29 24 2 0 S
45 21 1 2 N
45 29 0 1 N
45 12 2 0 N
21 43 2 2 N
21 40 1 0 N
21 6 0 1 N
43 13 2 1 N
43 44 0 2 N
43 40 1 0 N
13 1 2 0 N
13 3 0 1 N
13 22 1 2 N
1 40 1 0 N
1 11 2 2 N
1 22 0 1 N
40 19 1 2 N
40 15 0 1 N
40 38 2 0 N
19 10 1 1 N
19 6 2 2 N
19 23 0 0 N
10 35 1 1 N
10 31 2 0 N
10 10 0 2 N
35 17 2 1 N
35 27 0 0 N
35 20 1 2 N
17 12 2 1 N
17 4 1 0 N
17 45 0 2 N
12 24 1 0 N
12 8 2 1 N
12 6 0 2 N
24 3 2 0 N
24 26 0 1 N
24 19 1 2 N
3 39 2 2 N
3 21 1 0 N
3 18 0 1 N
39 36 2 2 N
39 22 1 0 N
39 4 0 1 N
36 2 0 2 N
36 18 2 0 N
36 6 1 1 N
2 34 2 0 N
2 15 1 1 N
2 10 0 2 N
34 6 1 0 N
34 31 0 1 N
34 4 2 2 N
6 16 0 2 N
6 31 2 1 N
6 10 1 0 N
16 33 1 1 N
16 1 2 0 N
16 6 0 2 N
33 27 2 1 N
33 23 1 2 N
33 20 0 0 N
27 8 2 2 N
27 6 0 0 N
27 7 1 1 N
8 28 2 1 N
8 34 1 2 N
8 34 0 0 N
28 37 0 0 N
28 31 1 1 N
28 4 2 2 N
37 14 0 2 N
37 23 1 1 N
37 44 2 0 N
14 4 0 2 N
14 7 2 1 N
14 36 1 0 N
4 30 0 0 N
4 31 1 1 N
4 38 2 2 N
30 41 0 0 N
30 31 2 2 N
30 20 1 1 N
41 23 2 2 N
41 28 1 1 N
41 23 0 0 N
23 31 0 0 N
23 45 1 1 N
23 21 2 2 N
31 20 2 0 N
31 45 1 1 N
31 21 0 2 N
20 25 0 1 N
20 31 2 0 N
20 11 1 2 N
25 15 1 0 N
25 6 2 2 N
25 6 0 1 N
15 44 0 0 N
15 41 2 2 N
15 45 1 1 N
44 26 0 2 N
44 7 1 1 N
44 4 2 0 N
26 18 0 1 N
26 20 1 0 N
26 10 2 2 N
18 9 1 2 N
18 0 2 0 N
18 13 0 1 N
9 38 2 2 N
9 2 1 1 N
9 45 0 0 N
38 42 1 2 N
38 10 0 0 N
38 21 2 1 N
42 22 2 0 N
42 13 1 2 N
42 38 0 1 N
22 0 1 1 N
22 15 2 0 N
22 25 0 2 N
0 7 0 2 N
0 20 1 1 N
0 15 2 0 N
7 11 2 2 N
7 18 0 0 N
7 45 1 1 N
11 5 1 2 N
11 6 2 1 N
11 9 0 0 N
5 32 2 0 N
5 42 1 1 N
5 13 0 2 N
32 7 2 1 N
32 2 0 2 N
32 29 1 0 N
