32 3 2 0 S
3 19 0 0 N
19 30 2 2 N
30 11 0 0 N
11 17 0 2 N
17 40 2 0 N
40 20 0 1 N
20 5 1 1 N
5 6 2 2 N
6 27 1 2 N
27 37 2 0 N
37 29 1 0 N
29 41 0 2 N
41 7 0 0 N
7 35 0 2 N
35 0 1 1 N
0 2 0 2 N
2 12 1 2 N
12 15 1 1 N
15 28 2 2 N
28 36 0 2 N
36 24 2 0 N
24 33 1 0 N
33 42 1 0 N
42 23 1 2 N
23 22 0 1 N
22 45 1 1 N
45 44 2 2 N
44 13 2 1 N
13 34 1 2 N
34 9 0 2 N
9 1 1 0 N
1 10 2 0 N
10 39 1 1 N
39 25 2 1 N
25 14 2 0 N
14 4 1 2 N
4 18 0 0 N
18 8 0 2 N
8 31 0 0 N
31 21 2 1 N
21 38 1 1 N
38 16 1 2 N
16 26 1 0 N
26 43 0 0 N
