20 29 2 1 S
20 7 1 2 S
20 37 0 0 S
29 27 0 1 N
29 25 2 0 N
29 34 1 2 N
27 31 0 2 N
27 2 1 0 N
27 19 2 1 N
31 17 1 1 N
31 14 0 2 N
31 34 2 0 N
17 21 2 0 N
17 3 1 1 N
17 19 0 2 N
21 9 2 0 N
21 5 0 1 N
21 2 1 2 N
9 45 1 2 N
9 45 2 1 N
9 14 0 0 N
45 23 1 2 N
45 10 2 0 N
45 19 0 1 N
23 26 1 2 N
23 30 0 0 N
23 41 2 1 N
26 0 2 0 N
26 0 1 1 N
26 10 0 2 N
0 11 0 2 N
0 7 1 1 N
0 34 2 0 N
11 43 1 2 N
11 27 2 1 N
11 19 0 0 N
43 41 0 1 N
43 43 1 2 N
43 43 2 0 N
41 39 0 0 N
41 31 1 1 N
41 9 2 2 N
39 5 2 0 N
39 43 1 1 N
39 32 0 2 N
5 2 1 0 N
5 34 0 1 N
5 27 2 2 N
2 44 1 1 N
2 36 0 0 N
2 6 2 2 N
44 10 2 1 N
44 14 1 2 N
44 25 0 0 N
10 42 1 1 N
10 42 0 2 N
10 9 2 0 N
42 4 0 2 N
42 22 1 1 N
42 31 2 0 N
4 32 0 2 N
4 14 2 0 N
4 43 1 1 N
32 19 2 2 N
32 43 1 0 N
32 27 0 1 N
19 38 0 2 N
19 3 1 1 N
19 4 2 0 N
38 18 1 1 N
38 1 0 2 N
38 17 2 0 N
18 36 2 1 N
18 1 0 2 N
18 19 1 0 N
36 8 2 0 N
36 25 0 2 N
36 1 1 1 N
8 15 0 2 N
8 4 2 1 N
8 27 1 0 N
15 13 0 0 N
15 26 2 1 N
15 6 1 2 N
13 14 0 2 N
13 27 2 1 N
13 6 1 0 N
14 28 0 2 N
14 43 1 1 N
14 4 2 0 N
28 34 1 2 N
28 26 0 0 N
28 29 2 1 N
34 6 2 2 N
34 19 0 1 N
34 14 1 0 N
6 35 2 0 N
6 14 0 1 N
6 12 1 2 N
35 3 0 1 N
35 3 2 0 N
35 19 1 2 N
3 7 0 1 N
3 19 2 2 N
3 25 1 0 N
7 30 2 1 N
7 42 1 2 N
7 39 0 0 N
30 22 1 0 N
30 27 0 2 N
30 32 2 1 N
22 33 2 1 N
22 35 0 0 N
22 17 1 2 N
33 16 1 2 N
33 22 2 1 N
33 8 0 0 N
16 24 0 2 N
16 43 1 1 N
16 9 2 0 N
24 12 2 2 N
24 10 0 0 N
24 27 1 1 N
12 37 0 0 N
12 34 2 1 N
12 14 1 2 N
37 25 2 0 N
37 19 1 2 N
37 3 0 1 N
25 40 0 1 N
25 11 1 2 N
25 4 2 0 N
40 1 2 1 N
40 34 1 2 N
40 38 0 0 N
1 29 1 0 N
1 9 0 1 N
1 34 2 2 N
