10 34 2 1 S
10 6 1 0 S
10 34 0 2 S
34 14 0 1 N
34 33 2 0 N
34 45 1 2 N
14 29 2 1 N
14 32 1 0 N
14 12 0 2 N
29 15 1 0 N
29 37 0 2 N
29 5 2 1 N
15 2 1 2 N
15 1 2 1 N
15 1 0 0 N
2 22 2 2 N
2 8 1 1 N
2 43 0 0 N
22 20 1 0 N
22 18 0 2 N
22 12 2 1 N
20 19 1 2 N
20 41 0 1 N
20 12 2 0 N
19 7 1 2 N
19 17 2 0 N
19 31 0 1 N
7 35 0 1 N
7 23 1 0 N
7 12 2 2 N
35 23 0 0 N
35 4 1 2 N
35 8 2 1 N
23 32 2 2 N
23 10 0 1 N
23 31 1 0 N
32 41 1 2 N
32 30 2 0 N
32 45 0 1 N
41 1 2 1 N
41 12 1 2 N
41 15 0 0 N
1 27 1 2 N
1 15 2 0 N
1 45 0 1 N
27 21 2 0 N
27 31 1 1 N
27 27 0 2 N
21 16 1 0 N
21 40 2 1 N
21 36 0 2 N
16 31 0 0 N
16 28 1 1 N
16 27 2 2 N
31 38 1 0 N
31 41 0 1 N
31 5 2 2 N
38 0 1 2 N
38 14 2 0 N
38 42 0 1 N
0 28 1 1 N
0 23 0 0 N
0 9 2 2 N
28 11 0 1 N
28 45 2 2 N
28 12 1 0 N
11 42 2 2 N
11 28 1 1 N
11 25 0 0 N
42 6 0 2 N
42 0 1 1 N
42 7 2 0 N
6 30 1 2 N
6 38 0 1 N
6 21 2 0 N
30 37 0 1 N
30 11 2 2 N
30 32 1 0 N
37 5 0 2 N
37 1 2 0 N
37 27 1 1 N
5 26 2 1 N
5 37 1 0 N
5 27 0 2 N
26 43 1 2 N
26 6 2 0 N
26 21 0 1 N
43 17 2 1 N
43 2 1 2 N
43 27 0 0 N
17 39 1 0 N
17 31 2 2 N
17 45 0 1 N
39 13 0 2 N
39 12 1 1 N
39 36 2 0 N
13 24 1 2 N
13 38 0 0 N
13 22 2 1 N
24 4 1 0 N
24 6 0 2 N
24 15 2 1 N
4 18 0 1 N
4 27 2 2 N
4 38 1 0 N
18 3 0 0 N
18 32 2 2 N
18 33 1 1 N
3 9 0 0 N
3 26 2 1 N
3 1 1 2 N
9 12 2 1 N
9 42 0 2 N
9 29 1 0 N
12 44 2 0 N
12 27 0 2 N
12 5 1 1 N
44 25 0 0 N
44 5 1 1 N
44 2 2 2 N
25 33 1 0 N
25 27 2 1 N
25 19 0 2 N
33 40 0 0 N
33 31 1 2 N
33 21 2 1 N
40 36 0 0 N
40 12 1 1 N
40 7 2 2 N
36 8 0 2 N
36 7 2 0 N
36 27 1 1 N
8 45 0 0 N
8 37 2 2 N
8 5 1 1 N
45 42 1 0 N
45 40 2 2 N
45 7 0 1 N
