11 33 0 0 S
33 19 1 2 N
19 22 2 0 N
22 7 0 0 N
7 18 1 2 N
18 30 1 1 N
30 35 0 1 N
35 34 2 1 N
34 5 1 2 N
5 28 2 0 N
28 25 0 1 N
25 27 1 1 N
27 1 1 2 N
1 41 2 2 N
41 13 2 1 N
13 16 2 1 N
16 2 0 2 N
2 39 1 2 N
39 15 1 1 N
15 9 2 2 N
9 40 1 2 N
40 24 0 2 N
24 44 1 1 N
44 38 2 0 N
38 45 0 0 N
45 32 0 2 N
32 26 1 2 N
26 37 2 0 N
37 20 0 1 N
20 21 1 2 N
21 8 2 1 N
8 17 0 1 N
17 0 0 1 N
0 31 1 0 N
31 23 2 2 N
23 42 0 0 N
42 43 1 2 N
43 29 2 2 N
29 12 0 1 N
12 36 1 1 N
36 14 0 0 N
14 10 2 2 N
10 3 2 2 N
3 4 0 2 N
4 6 0 2 N
