8 6 1 2 S
8 27 2 0 S
8 5 0 1 S
6 22 1 1 N
6 26 2 0 N
6 2 0 2 N
22 38 1 2 N
22 29 2 0 N
22 26 0 1 N
38 24 1 0 N
38 21 2 2 N
38 10 0 1 N
24 0 0 0 N
24 4 2 2 N
24 0 1 1 N
0 1 1 0 N
0 31 0 2 N
0 20 2 1 N
1 7 2 2 N
1 44 0 1 N
1 24 1 0 N
7 23 1 2 N
7 13 2 0 N
7 10 0 1 N
23 5 1 1 N
23 31 0 0 N
23 43 2 2 N
5 41 0 2 N
5 40 1 1 N
5 25 2 0 N
41 10 1 2 N
41 20 2 0 N
41 1 0 1 N
10 3 1 2 N
10 1 0 1 N
10 20 2 0 N
3 16 0 0 N
3 16 2 2 N
3 26 1 1 N
16 31 1 2 N
16 18 2 1 N
16 4 0 0 N
31 33 1 1 N
31 10 2 0 N
31 0 0 2 N
33 39 2 0 N
33 32 0 1 N
33 26 1 2 N
39 27 0 0 N
39 32 1 1 N
39 15 2 2 N
27 30 2 1 N
27 43 0 2 N
27 41 1 0 N
30 11 2 2 N
30 21 0 0 N
30 2 1 1 N
11 43 1 2 N
11 29 2 1 N
11 16 0 0 N
43 25 0 2 N
43 5 1 0 N
43 0 2 1 N
25 21 0 2 N
25 45 2 1 N
25 43 1 0 N
21 14 2 2 N
21 9 1 0 N
21 44 0 1 N
14 4 0 1 N
14 41 2 2 N
14 2 1 0 N
4 9 1 2 N
4 30 2 0 N
4 24 0 1 N
9 18 0 1 N
9 4 1 0 N
9 25 2 2 N
18 34 0 2 N
18 15 1 0 N
18 44 2 1 N
34 20 1 0 N
34 3 2 2 N
34 8 0 1 N
20 28 0 2 N
20 26 2 1 N
20 2 1 0 N
28 40 1 0 N
28 40 2 2 N
28 8 0 1 N
40 44 2 0 N
40 13 0 2 N
40 12 1 1 N
44 42 1 0 N
44 2 0 1 N
44 2 2 2 N
42 29 2 0 N
42 11 0 1 N
42 36 1 2 N
29 19 1 1 N
29 15 2 0 N
29 2 0 2 N
19 2 1 0 N
19 26 0 1 N
19 30 2 2 N
2 45 0 0 N
2 20 1 2 N
2 2 2 1 N
45 37 2 0 N
45 17 1 2 N
45 20 0 1 N
37 15 2 1 N
37 24 1 2 N
37 24 0 0 N
15 35 0 1 N
15 12 2 0 N
15 5 1 2 N
35 12 1 0 N
35 45 0 2 N
35 12 2 1 N
12 32 1 0 N
12 26 0 1 N
12 5 2 2 N
32 26 0 2 N
32 0 1 0 N
32 3 2 1 N
26 17 2 2 N
26 14 1 0 N
26 43 0 1 N
17 13 1 0 N
17 35 0 1 N
17 29 2 2 N
13 36 1 1 N
13 21 2 0 N
13 26 0 2 N
36 10 1 1 N
36 14 2 0 N
36 24 0 2 N
