38 16 2 2 S
16 4 1 0 N
4 22 0 2 N
22 18 0 2 N
18 26 2 1 N
26 39 1 0 N
39 43 1 0 N
43 45 0 0 N
45 31 2 0 N
31 28 0 2 N
28 0 2 2 N
0 12 0 2 N
12 36 2 2 N
36 35 1 1 N
35 20 2 1 N
20 42 0 0 N
42 13 0 2 N
13 29 1 0 N
29 40 0 1 N
40 32 2 2 N
32 23 2 1 N
23 15 0 2 N
15 24 0 1 N
24 25 1 0 N
25 19 2 1 N
19 34 0 1 N
34 14 2 1 N
14 17 2 0 N
17 7 2 0 N
7 11 2 2 N
11 27 2 0 N
27 30 0 0 N
30 9 2 2 N
9 1 1 1 N
1 33 0 1 N
33 5 2 1 N
5 41 1 0 N
41 3 2 1 N
3 2 1 1 N
2 37 1 2 N
37 6 0 2 N
6 8 0 2 N
8 44 1 1 N
44 21 0 1 N
21 10 2 2 N
