29 1 0 1 S
1 7 0 2 N
7 32 1 1 N
32 39 2 0 N
39 4 1 0 N
4 43 1 1 N
43 44 1 0 N
44 8 2 0 N
8 10 0 1 N
10 24 0 0 N
24 21 0 2 N
21 35 0 0 N
35 25 1 1 N
25 9 2 0 N
9 22 1 2 N
22 12 1 2 N
12 45 1 1 N
45 42 1 1 N
42 6 0 0 N
6 17 0 0 N
17 40 1 1 N
40 2 1 1 N
2 14 2 0 N
14 33 2 1 N
33 18 0 1 N
18 37 2 0 N
37 23 0 0 N
23 15 2 2 N
15 34 1 2 N
34 20 0 1 N
20 16 1 0 N
16 26 2 2 N
26 5 2 0 N
5 11 2 1 N
11 27 1 2 N
27 19 2 0 N
19 31 1 0 N
31 30 0 0 N
30 36 0 1 N
36 28 1 2 N
28 38 2 0 N
38 13 1 1 N
13 41 0 2 N
41 0 2 0 N
0 3 2 2 N
