0 29 1 1 S
0 24 2 2 S
0 37 0 0 S
29 39 1 1 N
29 8 2 2 N
29 9 0 0 N
39 19 2 1 N
39 36 1 0 N
39 8 0 2 N
19 27 0 0 N
19 44 2 1 N
19 1 1 2 N
27 16 1 0 N
27 1 2 1 N
27 25 0 2 N
16 9 1 1 N
16 2 2 2 N
16 27 0 0 N
9 24 0 2 N
9 24 1 0 N
9 45 2 1 N
24 30 1 1 N
24 13 2 0 N
24 45 0 2 N
30 33 2 2 N
30 39 1 1 N
30 32 0 0 N
33 41 2 2 N
33 44 0 1 N
33 10 1 0 N
41 37 0 2 N
41 27 2 0 N
41 17 1 1 N
37 14 0 1 N
37 7 2 2 N
37 44 1 0 N
14 38 2 2 N
14 25 0 1 N
14 44 1 0 N
38 11 1 2 N
38 41 2 1 N
38 35 0 0 N
11 40 1 1 N
11 45 0 2 N
11 2 2 0 N
40 8 1 2 N
40 30 2 0 N
40 42 0 1 N
8 36 2 0 N
8 18 0 2 N
8 24 1 1 N
36 3 1 0 N
36 16 2 1 N
36 44 0 2 N
3 17 2 0 N
3 27 1 1 N
3 9 0 2 N
17 12 1 0 N
17 41 2 1 N
17 25 0 2 N
12 28 1 0 N
12 32 2 2 N
12 17 0 1 N
28 31 0 0 N
28 45 1 2 N
28 27 2 1 N
31 32 1 1 N
31 7 2 2 N
31 13 0 0 N
32 23 1 1 N
32 42 2 0 N
32 10 0 2 N
23 20 2 0 N
23 10 0 2 N
23 45 1 1 N
20 1 2 0 N
20 43 0 2 N
20 33 1 1 N
1 34 0 0 N
1 8 1 2 N
1 12 2 1 N
34 5 2 0 N
34 40 0 2 N
34 24 1 1 N
5 22 0 2 N
5 17 2 0 N
5 27 1 1 N
22 2 2 0 N
22 6 0 1 N
22 28 1 2 N
2 26 1 2 N
2 23 2 1 N
2 39 0 0 N
26 15 2 1 N
26 42 1 2 N
26 41 0 0 N
15 43 2 2 N
15 45 0 0 N
15 31 1 1 N
43 13 0 2 N
43 22 2 0 N
43 37 1 1 N
13 21 2 0 N
13 1 1 1 N
13 12 0 2 N
21 45 2 1 N
21 29 0 0 N
21 16 1 2 N
45 42 0 2 N
45 42 2 0 N
45 45 1 1 N
42 4 2 0 N
42 23 0 2 N
42 25 1 1 N
4 18 2 0 N
4 19 1 1 N
4 41 0 2 N
18 35 0 1 N
18 9 2 2 N
18 44 1 0 N
35 7 2 1 N
35 1 0 0 N
35 5 1 2 N
7 6 1 1 N
7 36 0 0 N
7 10 2 2 N
6 10 0 0 N
6 24 1 2 N
6 4 2 1 N
10 25 0 2 N
10 41 2 1 N
10 41 1 0 N
25 44 0 1 N
25 9 2 2 N
25 45 1 0 N
44 42 0 1 N
44 34 1 0 N
44 26 2 2 N
