33 32 0 1 S
32 30 1 0 N
30 6 1 0 N
6 27 2 2 N
27 21 1 0 N
21 14 2 0 N
14 45 2 1 N
45 26 1 1 N
26 44 1 1 N
44 28 1 2 N
28 5 2 0 N
5 0 2 2 N
0 40 0 2 N
40 18 0 1 N
18 7 0 1 N
7 42 0 2 N
42 39 2 1 N
39 12 2 2 N
12 9 0 2 N
9 43 2 0 N
43 19 2 0 N
19 35 2 1 N
35 3 2 2 N
3 17 0 1 N
17 4 2 2 N
4 2 0 0 N
2 34 2 1 N
34 36 2 2 N
36 16 0 2 N
16 8 0 0 N
8 31 2 1 N
31 23 0 2 N
23 11 2 0 N
11 29 1 0 N
29 37 2 1 N
37 25 0 0 N
25 15 0 2 N
15 24 2 1 N
24 1 0 0 N
1 22 1 0 N
22 41 2 0 N
41 13 2 2 N
13 38 0 0 N
38 20 0 1 N
20 10 1 2 N
