45 26 0 0 S
45 33 1 2 S
45 26 2 1 S
26 27 0 0 N
26 41 1 1 N
26 18 2 2 N
27 38 1 0 N
27 21 0 1 N
27 32 2 2 N
38 20 2 2 N
38 27 0 0 N
38 10 1 1 N
20 13 2 0 N
20 2 1 2 N
20 27 0 1 N
13 0 1 1 N
13 35 0 2 N
13 45 2 0 N
0 36 1 2 N
0 21 0 1 N
0 25 2 0 N
36 44 1 1 N
36 13 0 0 N
36 38 2 2 N
44 11 1 0 N
44 14 2 1 N
44 20 0 2 N
11 18 2 2 N
11 0 0 0 N
11 25 1 1 N
18 16 1 2 N
18 27 0 0 N
18 18 2 1 N
16 33 2 1 N
16 9 1 0 N
16 40 0 2 N
33 7 0 2 N
33 41 1 1 N
33 35 2 0 N
7 4 0 1 N
7 13 1 0 N
7 9 2 2 N
4 1 0 1 N
4 33 1 2 N
4 0 2 0 N
1 8 2 0 N
1 29 0 1 N
1 36 1 2 N
8 31 2 0 N
8 23 0 2 N
8 6 1 1 N
31 23 0 2 N
31 37 1 0 N
31 1 2 1 N
23 22 2 2 N
23 6 0 0 N
23 36 1 1 N
22 34 1 2 N
22 34 2 1 N
22 41 0 0 N
34 6 2 0 N
34 3 1 1 N
34 11 0 2 N
6 35 2 0 N
6 10 1 2 N
6 17 0 1 N
35 19 0 1 N
35 7 1 2 N
35 27 2 0 N
19 43 0 2 N
19 35 1 1 N
19 41 2 0 N
43 39 1 2 N
43 35 2 1 N
43 22 0 0 N
39 21 2 1 N
39 5 1 0 N
39 29 0 2 N
21 30 1 0 N
21 38 2 1 N
21 18 0 2 N
30 24 0 1 N
30 44 2 0 N
30 20 1 2 N
24 5 2 2 N
24 45 0 0 N
24 38 1 1 N
5 12 1 2 N
5 18 0 1 N
5 10 2 0 N
12 42 2 1 N
12 42 0 2 N
12 13 1 0 N
42 17 0 2 N
42 28 1 1 N
42 43 2 0 N
17 15 1 2 N
17 33 2 0 N
17 14 0 1 N
15 40 2 1 N
15 14 0 2 N
15 41 1 0 N
40 29 1 1 N
40 10 0 0 N
40 41 2 2 N
29 3 2 1 N
29 16 0 0 N
29 1 1 2 N
3 10 1 1 N
3 24 0 0 N
3 14 2 2 N
10 2 0 2 N
10 18 1 0 N
10 32 2 1 N
2 25 0 2 N
2 25 2 1 N
2 45 1 0 N
25 41 2 0 N
25 20 1 1 N
25 20 0 2 N
41 28 0 0 N
41 32 2 2 N
41 18 1 1 N
28 14 0 0 N
28 40 2 1 N
28 22 1 2 N
14 37 1 2 N
14 10 0 1 N
14 10 2 0 N
37 9 0 2 N
37 40 2 0 N
37 19 1 1 N
9 32 0 0 N
9 17 1 1 N
9 41 2 2 N
32 9 2 2 N
32 18 0 0 N
32 18 1 1 N
