11 28 2 1 S
28 38 2 2 N
38 12 1 1 N
12 39 2 0 N
39 42 2 1 N
42 5 2 1 N
5 24 1 0 N
24 16 2 2 N
16 21 2 2 N
21 29 1 0 N
29 37 0 1 N
37 22 0 2 N
22 25 0 1 N
25 35 0 0 N
35 14 0 0 N
14 44 1 2 N
44 32 1 0 N
32 23 1 2 N
23 45 1 2 N
45 33 0 0 N
33 40 1 0 N
40 34 2 1 N
34 30 2 2 N
30 20 2 1 N
20 18 0 0 N
18 41 1 0 N
41 43 1 2 N
43 4 0 0 N
4 17 2 0 N
17 26 1 0 N
26 1 0 1 N
1 31 2 2 N
31 27 1 2 N
27 13 0 2 N
13 9 1 1 N
9 3 2 1 N
3 2 0 0 N
2 10 0 1 N
10 0 1 1 N
0 19 2 0 N
19 6 1 1 N
6 36 2 1 N
36 15 2 0 N
15 8 2 2 N
8 7 1 0 N
