4 1 1 1 S
1 43 1 1 N
43 31 2 2 N
31 23 0 0 N
23 3 1 1 N
3 20 0 0 N
20 12 0 0 N
12 22 1 2 N
22 40 1 1 N
40 28 1 0 N
28 5 1 1 N
5 18 0 2 N
18 33 2 0 N
33 27 2 1 N
27 35 1 0 N
35 16 2 2 N
16 9 1 1 N
9 7 0 0 N
7 2 0 1 N
2 39 2 2 N
39 25 1 2 N
25 0 0 2 N
0 24 2 1 N
24 13 2 2 N
13 11 0 2 N
11 38 0 2 N
38 30 1 1 N
30 44 2 0 N
44 8 0 2 N
8 37 0 0 N
37 41 2 2 N
41 14 0 0 N
14 42 1 2 N
42 19 1 2 N
19 10 1 0 N
10 36 0 2 N
36 17 0 2 N
17 15 0 2 N
15 29 2 1 N
29 21 2 0 N
21 6 0 0 N
6 32 1 1 N
32 26 0 2 N
26 34 0 2 N
34 45 0 2 N
