44 15 0 2 S
15 31 2 0 N
31 22 1 1 N
22 7 1 2 N
7 19 0 2 N
19 24 2 1 N
24 1 1 1 N
1 36 0 2 N
36 39 0 1 N
39 16 1 2 N
16 20 2 2 N
20 13 0 1 N
13 40 1 2 N
40 42 2 2 N
42 3 0 2 N
3 30 1 0 N
30 10 0 1 N
10 33 0 1 N
33 43 2 1 N
43 27 0 1 N
27 32 0 2 N
32 12 0 1 N
12 38 1 2 N
38 5 1 0 N
5 9 0 0 N
9 45 0 2 N
45 28 2 2 N
28 17 2 0 N
17 41 2 0 N
41 2 1 2 N
2 0 2 2 N
0 18 2 0 N
18 23 0 0 N
23 26 2 2 N
26 14 0 1 N
14 6 2 1 N
6 37 0 0 N
37 34 1 1 N
34 29 1 0 N
29 8 1 1 N
8 4 0 0 N
4 25 1 1 N
25 11 1 1 N
11 35 2 0 N
35 21 2 2 N
