22 17 2 2 S
17 26 1 1 N
26 19 0 1 N
19 3 0 1 N
3 41 1 1 N
41 37 2 0 N
37 16 0 2 N
16 20 1 2 N
20 24 0 1 N
24 44 2 0 N
44 31 2 2 N
31 1 2 1 N
1 21 2 1 N
21 4 0 0 N
4 39 1 2 N
39 5 2 1 N
5 28 1 1 N
28 32 1 1 N
32 45 2 0 N
45 7 2 1 N
7 27 1 1 N
27 10 2 0 N
10 34 2 2 N
34 36 0 0 N
36 9 2 0 N
9 35 1 2 N
35 40 2 2 N
40 29 0 2 N
29 18 0 1 N
18 13 1 1 N
13 0 2 2 N
0 14 2 2 N
14 6 0 1 N
6 15 2 2 N
15 8 1 2 N
8 43 2 1 N
43 25 1 1 N
25 12 1 0 N
12 33 2 0 N
33 23 1 0 N
23 38 2 2 N
38 42 1 0 N
42 30 0 2 N
30 11 0 0 N
11 2 0 2 N
