17 35 1 0 S
17 18 2 1 S
17 2 0 2 S
35 1 0 0 N
35 41 1 1 N
35 40 2 2 N
1 3 2 2 N
1 34 1 0 N
1 8 0 1 N
3 8 2 2 N
3 36 0 0 N
3 2 1 1 N
8 28 1 0 N
8 4 0 1 N
8 31 2 2 N
28 12 2 2 N
28 32 1 1 N
28 30 0 0 N
12 42 2 0 N
12 32 1 1 N
12 19 0 2 N
42 27 1 1 N
42 22 2 0 N
42 24 0 2 N
27 34 2 0 N
27 9 0 1 N
27 6 1 2 N
34 36 0 1 N
34 38 1 2 N
34 45 2 0 N
36 25 0 2 N
36 17 2 1 N
36 16 1 0 N
25 16 0 1 N
25 18 2 0 N
25 0 1 2 N
16 19 0 1 N
16 45 2 0 N
16 13 1 2 N
19 31 0 2 N
19 37 2 1 N
19 1 1 0 N
31 26 2 2 N
31 41 0 1 N
31 31 1 0 N
26 30 1 1 N
26 29 2 0 N
26 28 0 2 N
30 10 0 0 N
30 21 1 2 N
30 24 2 1 N
10 32 2 2 N
10 6 0 0 N
10 37 1 1 N
32 11 0 1 N
32 36 1 2 N
32 21 2 0 N
11 43 0 2 N
11 7 1 0 N
11 26 2 1 N
43 45 0 1 N
43 29 1 0 N
43 42 2 2 N
45 38 1 0 N
45 37 2 2 N
45 31 0 1 N
38 2 0 2 N
38 39 2 1 N
38 39 1 0 N
2 7 0 0 N
2 34 2 2 N
2 41 1 1 N
7 5 0 1 N
7 42 1 2 N
7 15 2 0 N
5 18 2 2 N
5 25 1 1 N
5 1 0 0 N
18 22 0 2 N
18 21 1 0 N
18 22 2 1 N
22 23 0 2 N
22 27 1 1 N
22 38 2 0 N
23 41 2 1 N
23 8 1 2 N
23 38 0 0 N
41 14 0 1 N
41 23 2 2 N
41 21 1 0 N
14 21 0 1 N
14 9 1 2 N
14 15 2 0 N
21 29 1 0 N
21 16 0 1 N
21 37 2 2 N
29 37 2 2 N
29 41 1 1 N
29 8 0 0 N
37 24 2 1 N
37 21 0 0 N
37 8 1 2 N
24 13 1 2 N
24 8 2 0 N
24 31 0 1 N
13 44 2 2 N
13 30 0 1 N
13 24 1 0 N
44 9 2 2 N
44 5 0 0 N
44 8 1 1 N
9 0 0 2 N
9 6 2 1 N
9 27 1 0 N
0 39 0 0 N
0 32 2 1 N
0 43 1 2 N
39 20 0 1 N
39 22 1 0 N
39 45 2 2 N
20 33 0 0 N
20 38 1 1 N
20 6 2 2 N
33 4 0 0 N
33 10 2 1 N
33 1 1 2 N
4 6 0 2 N
4 31 2 1 N
4 41 1 0 N
6 15 1 1 N
6 22 2 0 N
6 42 0 2 N
15 40 1 1 N
15 29 0 0 N
15 39 2 2 N
40 32 1 1 N
40 38 2 2 N
40 31 0 0 N
