24 5 0 0 S
5 16 2 0 N
16 6 2 2 N
6 23 0 2 N
23 43 1 0 N
43 25 0 2 N
25 13 1 0 N
13 31 2 1 N
31 2 0 0 N
2 28 2 1 N
28 14 0 2 N
14 1 0 2 N
1 41 0 2 N
41 45 1 2 N
45 12 2 0 N
12 39 2 0 N
39 33 1 0 N
33 21 1 0 N
21 9 2 1 N
9 30 2 2 N
30 36 2 0 N
36 42 2 0 N
42 35 2 2 N
35 32 0 0 N
32 19 2 0 N
19 20 0 1 N
20 37 2 0 N
37 3 0 1 N
3 27 0 1 N
27 4 2 1 N
4 26 0 2 N
26 10 2 1 N
10 18 1 2 N
18 7 2 2 N
7 0 1 1 N
0 15 2 1 N
15 17 1 2 N
17 44 2 0 N
44 38 2 2 N
38 11 2 1 N
11 29 1 2 N
29 8 0 2 N
8 40 1 1 N
40 34 1 0 N
34 22 2 0 N
