8 43 2 2 S
43 17 2 2 N
17 25 1 1 N
25 39 2 1 N
39 15 0 2 N
15 26 2 1 N
26 12 2 2 N
12 41 2 1 N
41 24 0 1 N
24 2 1 1 N
2 45 0 2 N
45 6 0 1 N
6 4 1 1 N
4 16 0 1 N
16 38 0 1 N
38 30 2 0 N
30 13 1 2 N
13 44 1 0 N
44 35 0 1 N
35 11 1 1 N
11 10 1 1 N
10 14 1 2 N
14 37 2 1 N
37 21 2 1 N
21 5 1 2 N
5 31 1 1 N
31 22 2 1 N
22 42 2 1 N
42 20 1 1 N
20 9 1 0 N
9 27 0 0 N
27 33 2 2 N
33 19 0 0 N
19 18 1 2 N
18 0 2 2 N
0 23 1 0 N
23 36 1 0 N
36 1 0 1 N
1 7 1 1 N
7 32 2 2 N
32 40 0 2 N
40 34 2 1 N
34 3 2 2 N
3 28 0 2 N
28 29 1 1 N
