0 42 1 0 S
42 8 2 1 N
8 31 2 2 N
31 19 0 1 N
19 13 0 0 N
13 28 0 2 N
28 2 1 0 N
2 23 0 0 N
23 26 0 1 N
26 33 1 2 N
33 11 0 1 N
11 3 2 2 N
3 36 2 0 N
36 34 1 2 N
34 29 1 0 N
29 4 0 1 N
4 41 0 0 N
41 1 1 0 N
1 15 2 2 N
15 45 2 2 N
45 35 0 1 N
35 21 1 0 N
21 20 1 1 N
20 25 0 2 N
25 32 1 0 N
32 10 0 2 N
10 38 1 0 N
38 43 0 1 N
43 14 0 2 N
14 40 1 1 N
40 16 1 0 N
16 6 2 2 N
6 9 0 0 N
9 30 2 0 N
30 27 2 0 N
27 17 0 0 N
17 22 1 1 N
22 24 0 1 N
24 37 1 0 N
37 44 0 0 N
44 39 1 0 N
39 7 2 2 N
7 5 0 2 N
5 12 0 2 N
12 18 1 1 N
