31 21 0 2 S
31 32 1 1 S
31 19 2 0 S
21 15 0 0 N
21 42 1 2 N
21 43 2 1 N
15 40 1 2 N
15 30 2 1 N
15 15 0 0 N
40 24 1 0 N
40 43 0 1 N
40 12 2 2 N
24 28 1 0 N
24 13 2 2 N
24 11 0 1 N
28 22 1 1 N
28 38 2 2 N
28 37 0 0 N
22 16 0 2 N
22 34 2 1 N
22 35 1 0 N
16 0 0 2 N
16 39 2 0 N
16 7 1 1 N
0 32 1 2 N
0 39 2 1 N
0 30 0 0 N
32 18 0 0 N
32 39 1 2 N
32 29 2 1 N
18 8 0 1 N
18 6 1 2 N
18 2 2 0 N
8 23 0 0 N
8 42 1 2 N
8 15 2 1 N
23 10 2 2 N
23 13 0 1 N
23 1 1 0 N
10 1 1 2 N
10 2 2 0 N
10 17 0 1 N
1 39 1 0 N
1 8 0 2 N
1 26 2 1 N
39 42 0 2 N
39 11 2 1 N
39 19 1 0 N
42 6 0 1 N
42 13 2 0 N
42 5 1 2 N
6 30 0 1 N
6 32 2 0 N
6 15 1 2 N
30 34 1 2 N
30 29 0 0 N
30 43 2 1 N
34 4 0 0 N
34 38 1 1 N
34 0 2 2 N
4 45 0 1 N
4 40 1 0 N
4 12 2 2 N
45 5 0 0 N
45 27 1 1 N
45 2 2 2 N
5 27 0 1 N
5 33 1 0 N
5 29 2 2 N
27 20 0 0 N
27 20 2 2 N
27 33 1 1 N
20 7 2 0 N
20 8 1 1 N
20 30 0 2 N
7 17 0 1 N
7 14 1 2 N
7 5 2 0 N
17 33 1 2 N
17 26 2 1 N
17 15 0 0 N
33 19 2 0 N
33 5 1 2 N
33 37 0 1 N
19 3 1 0 N
19 28 0 2 N
19 37 2 1 N
3 26 2 2 N
3 35 1 1 N
3 37 0 0 N
26 43 2 0 N
26 19 0 2 N
26 5 1 1 N
43 29 1 2 N
43 7 0 1 N
43 15 2 0 N
29 37 2 0 N
29 37 1 1 N
29 40 0 2 N
37 11 2 0 N
37 15 1 1 N
37 12 0 2 N
11 38 2 2 N
11 7 0 0 N
11 43 1 1 N
38 44 2 1 N
38 31 1 0 N
38 43 0 2 N
44 9 2 1 N
44 30 1 0 N
44 33 0 2 N
9 12 1 0 N
9 12 0 2 N
9 1 2 1 N
12 2 1 0 N
12 43 0 2 N
12 15 2 1 N
2 25 0 0 N
2 32 1 1 N
2 11 2 2 N
25 41 0 1 N
25 16 2 2 N
25 11 1 0 N
41 35 2 0 N
41 10 1 2 N
41 32 0 1 N
35 14 1 1 N
35 11 0 2 N
35 30 2 0 N
14 36 2 2 N
14 28 0 0 N
14 26 1 1 N
36 13 1 1 N
36 18 0 2 N
36 17 2 0 N
13 45 2 2 N
13 29 0 0 N
13 4 1 1 N
