35 30 0 0 S
35 39 1 2 S
35 31 2 1 S
30 1 0 1 N
30 9 2 0 N
30 11 1 2 N
1 32 2 1 N
1 44 1 0 N
1 16 0 2 N
32 42 0 0 N
32 1 2 2 N
32 27 1 1 N
42 29 0 2 N
42 2 2 1 N
42 38 1 0 N
29 5 2 1 N
29 11 0 0 N
29 27 1 2 N
5 15 1 0 N
5 25 0 2 N
5 45 2 1 N
15 3 2 2 N
15 25 0 0 N
15 45 1 1 N
3 6 0 2 N
3 43 2 0 N
3 4 1 1 N
6 27 2 0 N
6 41 0 2 N
6 27 1 1 N
27 10 0 0 N
27 29 2 2 N
27 25 1 1 N
10 2 1 2 N
10 36 2 1 N
10 45 0 0 N
2 28 0 1 N
2 15 1 2 N
2 44 2 0 N
28 14 2 0 N
28 40 1 2 N
28 9 0 1 N
14 41 1 0 N
14 11 0 2 N
14 20 2 1 N
41 34 2 2 N
41 27 0 0 N
41 45 1 1 N
34 19 0 2 N
34 10 1 1 N
34 18 2 0 N
19 4 1 0 N
19 14 2 1 N
19 44 0 2 N
4 25 0 2 N
4 21 2 1 N
4 32 1 0 N
25 31 2 2 N
25 2 1 1 N
25 43 0 0 N
31 13 2 1 N
31 22 1 2 N
31 6 0 0 N
13 37 1 0 N
13 45 2 2 N
13 32 0 1 N
37 20 2 0 N
37 6 0 1 N
37 41 1 2 N
20 9 0 0 N
20 8 2 1 N
20 41 1 2 N
9 11 2 1 N
9 2 1 2 N
9 27 0 0 N
11 44 0 2 N
11 8 1 0 N
11 5 2 1 N
44 0 0 2 N
44 27 1 0 N
44 45 2 1 N
0 26 0 1 N
0 25 2 0 N
0 27 1 2 N
26 7 0 1 N
26 6 1 2 N
26 24 2 0 N
7 39 0 1 N
7 41 2 0 N
7 38 1 2 N
39 38 2 2 N
39 26 0 0 N
39 33 1 1 N
38 8 2 2 N
38 27 1 0 N
38 38 0 1 N
8 33 0 0 N
8 15 2 1 N
8 2 1 2 N
33 23 0 1 N
33 14 1 2 N
33 14 2 0 N
23 40 0 1 N
23 39 2 2 N
23 16 1 0 N
40 21 2 1 N
40 36 0 0 N
40 41 1 2 N
21 17 1 2 N
21 7 2 0 N
21 41 0 1 N
17 12 0 0 N
17 26 2 2 N
17 19 1 1 N
12 22 2 0 N
12 30 1 1 N
12 16 0 2 N
22 24 2 2 N
22 8 0 1 N
22 15 1 0 N
24 36 0 2 N
24 8 2 0 N
24 29 1 1 N
36 45 0 1 N
36 18 2 0 N
36 27 1 2 N
45 18 2 1 N
45 38 0 2 N
45 38 1 0 N
18 16 2 2 N
18 28 0 0 N
18 24 1 1 N
16 43 0 0 N
16 41 2 2 N
16 11 1 1 N
43 33 0 1 N
43 45 1 0 N
43 38 2 2 N
