10 12 1 0 S
10 34 0 2 S
10 45 2 1 S
12 5 2 1 N
12 18 0 0 N
12 4 1 2 N
5 43 2 2 N
5 22 0 1 N
5 31 1 0 N
43 28 2 2 N
43 5 1 0 N
43 16 0 1 N
28 3 1 0 N
28 40 0 1 N
28 23 2 2 N
3 32 1 1 N
3 29 2 2 N
3 7 0 0 N
32 4 1 1 N
32 10 2 0 N
32 4 0 2 N
4 33 0 2 N
4 33 1 1 N
4 45 2 0 N
33 19 1 2 N
33 45 2 0 N
33 12 0 1 N
19 16 0 1 N
19 26 1 0 N
19 7 2 2 N
16 11 1 0 N
16 12 0 2 N
16 33 2 1 N
11 26 2 2 N
11 1 1 1 N
11 37 0 0 N
26 22 0 2 N
26 23 2 1 N
26 15 1 0 N
22 41 0 2 N
22 16 2 1 N
22 4 1 0 N
41 8 1 0 N
41 33 2 1 N
41 26 0 2 N
8 34 1 1 N
8 11 0 2 N
8 19 2 0 N
34 45 2 0 N
34 31 1 1 N
34 45 0 2 N
45 17 2 2 N
45 18 0 0 N
45 45 1 1 N
17 13 1 2 N
17 32 0 0 N
17 18 2 1 N
13 7 0 2 N
13 14 1 0 N
13 22 2 1 N
7 6 2 1 N
7 12 1 2 N
7 44 0 0 N
6 31 2 2 N
6 39 1 0 N
6 16 0 1 N
31 1 0 0 N
31 34 1 1 N
31 45 2 2 N
1 18 0 2 N
1 15 2 1 N
1 15 1 0 N
18 37 1 2 N
18 35 2 0 N
18 4 0 1 N
37 39 1 0 N
37 16 0 1 N
37 45 2 2 N
39 24 1 0 N
39 32 0 2 N
39 36 2 1 N
24 29 1 1 N
24 20 0 0 N
24 36 2 2 N
29 44 1 2 N
29 21 2 0 N
29 45 0 1 N
44 36 0 2 N
44 7 1 1 N
44 10 2 0 N
36 38 0 1 N
36 8 1 2 N
36 43 2 0 N
38 42 0 1 N
38 20 1 0 N
38 16 2 2 N
42 30 1 1 N
42 1 2 0 N
42 4 0 2 N
30 0 1 0 N
30 13 0 2 N
30 4 2 1 N
0 2 0 2 N
0 31 2 0 N
0 7 1 1 N
2 23 0 1 N
2 4 2 2 N
2 10 1 0 N
23 15 1 0 N
23 20 2 2 N
23 35 0 1 N
15 40 2 1 N
15 23 0 0 N
15 12 1 2 N
40 25 0 0 N
40 11 1 1 N
40 23 2 2 N
25 21 2 0 N
25 34 1 2 N
25 2 0 1 N
21 14 2 1 N
21 8 0 2 N
21 40 1 0 N
14 20 0 0 N
14 20 1 1 N
14 30 2 2 N
20 9 0 0 N
20 37 1 1 N
20 34 2 2 N
9 27 1 2 N
9 29 0 1 N
9 38 2 0 N
27 35 2 1 N
27 14 1 2 N
27 22 0 0 N
35 44 1 1 N
35 45 2 2 N
35 31 0 0 N
