17 42 0 1 S
17 9 1 0 S
17 13 2 2 S
42 11 0 0 N
42 14 2 1 N
42 36 1 2 N
11 10 2 1 N
11 19 1 2 N
11 31 0 0 N
10 19 1 0 N
10 38 0 1 N
10 40 2 2 N
19 26 0 2 N
19 28 1 1 N
19 16 2 0 N
26 28 0 1 N
26 28 2 2 N
26 30 1 0 N
28 34 1 0 N
28 32 0 2 N
28 29 2 1 N
34 39 0 1 N
34 3 2 2 N
34 9 1 0 N
39 36 2 2 N
39 13 0 1 N
39 24 1 0 N
36 4 1 0 N
36 27 0 2 N
36 5 2 1 N
4 3 2 0 N
4 16 1 2 N
4 0 0 1 N
3 38 2 0 N
3 27 1 1 N
3 34 0 2 N
38 7 0 0 N
38 14 1 2 N
38 0 2 1 N
7 27 1 1 N
7 30 2 0 N
7 33 0 2 N
27 31 1 2 N
27 43 2 0 N
27 41 0 1 N
31 9 2 0 N
31 27 1 1 N
31 37 0 2 N
9 41 0 1 N
9 5 2 0 N
9 9 1 2 N
41 13 2 0 N
41 3 0 1 N
41 25 1 2 N
13 14 1 0 N
13 31 2 1 N
13 21 0 2 N
14 20 2 1 N
14 39 0 2 N
14 18 1 0 N
20 22 2 1 N
20 34 1 0 N
20 16 0 2 N
22 40 2 1 N
22 32 0 2 N
22 0 1 0 N
40 44 2 2 N
40 9 0 1 N
40 3 1 0 N
44 23 1 1 N
44 19 0 2 N
44 29 2 0 N
23 30 2 2 N
23 3 1 1 N
23 13 0 0 N
30 5 0 0 N
30 29 1 2 N
30 37 2 1 N
5 2 0 0 N
5 20 1 1 N
5 25 2 2 N
2 1 0 2 N
2 35 2 1 N
2 41 1 0 N
1 8 1 2 N
1 27 2 1 N
1 39 0 0 N
8 15 0 0 N
8 41 1 2 N
8 3 2 1 N
15 43 1 2 N
15 36 2 1 N
15 13 0 0 N
43 29 0 0 N
43 24 1 2 N
43 25 2 1 N
29 32 0 0 N
29 40 2 1 N
29 20 1 2 N
32 18 1 2 N
32 30 0 0 N
32 43 2 1 N
18 6 0 1 N
18 16 2 2 N
18 31 1 0 N
6 33 0 1 N
6 29 2 0 N
6 37 1 2 N
33 35 1 2 N
33 16 0 1 N
33 10 2 0 N
35 16 2 0 N
35 36 0 1 N
35 0 1 2 N
16 0 0 1 N
16 20 1 0 N
16 25 2 2 N
0 21 0 2 N
0 29 1 1 N
0 34 2 0 N
21 25 1 0 N
21 39 0 2 N
21 25 2 1 N
25 37 2 1 N
25 34 0 2 N
25 9 1 0 N
37 24 1 1 N
37 40 0 2 N
37 0 2 0 N
24 12 1 0 N
24 2 0 1 N
24 3 2 2 N
12 0 0 0 N
12 2 1 2 N
12 24 2 1 N
