10 2 2 1 S
10 8 0 0 S
10 7 1 2 S
2 25 2 1 N
2 11 0 0 N
2 36 1 2 N
25 15 1 1 N
25 8 2 0 N
25 2 0 2 N
15 34 1 1 N
15 27 0 2 N
15 7 2 0 N
34 41 0 1 N
34 38 2 2 N
34 36 1 0 N
41 29 2 2 N
41 37 1 0 N
41 1 0 1 N
29 5 1 1 N
29 19 0 2 N
29 17 2 0 N
5 38 2 2 N
5 17 0 0 N
5 41 1 1 N
38 17 2 2 N
38 19 0 1 N
38 17 1 0 N
17 31 2 2 N
17 2 1 1 N
17 36 0 0 N
31 24 2 1 N
31 42 1 0 N
31 24 0 2 N
24 27 0 2 N
24 43 1 1 N
24 36 2 0 N
27 6 1 1 N
27 33 0 0 N
27 39 2 2 N
6 28 0 2 N
6 31 1 0 N
6 29 2 1 N
28 21 1 1 N
28 35 0 2 N
28 17 2 0 N
21 40 2 0 N
21 33 0 2 N
21 33 1 1 N
40 13 1 1 N
40 10 0 2 N
40 23 2 0 N
13 4 1 1 N
13 7 0 0 N
13 26 2 2 N
4 12 2 0 N
4 3 1 2 N
4 24 0 1 N
12 9 2 1 N
12 0 0 0 N
12 26 1 2 N
9 30 0 2 N
9 0 1 0 N
9 25 2 1 N
30 39 1 1 N
30 38 2 0 N
30 11 0 2 N
39 26 0 0 N
39 8 2 2 N
39 17 1 1 N
26 0 1 1 N
26 31 0 2 N
26 31 2 0 N
0 16 0 2 N
0 5 1 0 N
0 28 2 1 N
16 7 1 2 N
16 11 0 1 N
16 31 2 0 N
7 43 2 0 N
7 21 1 2 N
7 24 0 1 N
43 37 1 2 N
43 4 2 1 N
43 32 0 0 N
37 1 2 2 N
37 24 1 1 N
37 42 0 0 N
1 8 1 1 N
1 33 0 0 N
1 2 2 2 N
8 20 2 0 N
8 0 0 1 N
8 11 1 2 N
20 19 1 1 N
20 21 2 0 N
20 44 0 2 N
19 42 1 0 N
19 17 0 2 N
19 36 2 1 N
42 18 0 0 N
42 19 1 1 N
42 2 2 2 N
18 3 2 0 N
18 5 0 2 N
18 15 1 1 N
3 35 1 1 N
3 24 2 0 N
3 37 0 2 N
35 23 0 2 N
35 9 1 0 N
35 7 2 1 N
23 32 1 0 N
23 4 2 2 N
23 11 0 1 N
32 22 1 2 N
32 24 2 1 N
32 39 0 0 N
22 11 2 0 N
22 11 0 2 N
22 26 1 1 N
11 14 2 1 N
11 7 0 2 N
11 17 1 0 N
14 33 2 0 N
14 10 1 1 N
14 15 0 2 N
33 44 0 2 N
33 41 1 1 N
33 36 2 0 N
44 36 0 2 N
44 31 1 1 N
44 33 2 0 N
36 11 0 0 N
36 7 1 1 N
36 36 2 2 N
