15 11 2 1 S
15 17 1 0 S
15 22 0 2 S
11 18 1 1 N
11 29 0 2 N
11 8 2 0 N
18 5 2 0 N
18 43 0 2 N
18 31 1 1 N
5 37 0 0 N
5 44 1 1 N
5 5 2 2 N
37 28 1 2 N
37 41 2 0 N
37 31 0 1 N
28 21 2 1 N
28 27 0 2 N
28 2 1 0 N
21 22 0 0 N
21 35 2 1 N
21 12 1 2 N
22 31 2 1 N
22 43 0 0 N
22 12 1 2 N
31 33 1 1 N
31 28 0 2 N
31 5 2 0 N
33 1 0 0 N
33 8 1 2 N
33 42 2 1 N
1 20 2 2 N
1 0 0 0 N
1 12 1 1 N
20 3 1 1 N
20 33 2 0 N
20 12 0 2 N
3 38 0 2 N
3 38 1 0 N
3 19 2 1 N
38 4 1 0 N
38 16 0 2 N
38 5 2 1 N
4 34 2 1 N
4 10 1 0 N
4 3 0 2 N
34 2 0 0 N
34 23 2 2 N
34 33 1 1 N
2 32 0 0 N
2 31 1 1 N
2 22 2 2 N
32 24 2 2 N
32 36 1 0 N
32 30 0 1 N
24 43 0 1 N
24 1 2 2 N
24 38 1 0 N
43 27 1 1 N
43 17 2 2 N
43 35 0 0 N
27 0 1 0 N
27 4 2 1 N
27 25 0 2 N
0 14 0 1 N
0 43 2 2 N
0 31 1 0 N
14 9 1 2 N
14 3 2 1 N
14 30 0 0 N
9 8 1 2 N
9 35 0 1 N
9 2 2 0 N
8 13 0 2 N
8 34 1 0 N
8 26 2 1 N
13 40 0 2 N
13 38 2 0 N
13 41 1 1 N
40 12 1 1 N
40 33 2 2 N
40 39 0 0 N
12 29 0 1 N
12 9 2 0 N
12 36 1 2 N
29 23 2 2 N
29 19 0 1 N
29 36 1 0 N
23 30 2 2 N
23 16 0 1 N
23 43 1 0 N
30 7 2 1 N
30 41 0 0 N
30 20 1 2 N
7 6 1 2 N
7 11 0 0 N
7 12 2 1 N
6 39 2 0 N
6 12 0 2 N
6 21 1 1 N
39 19 0 0 N
39 34 1 1 N
39 2 2 2 N
19 41 1 1 N
19 31 0 2 N
19 5 2 0 N
41 35 1 2 N
41 43 0 0 N
41 43 2 1 N
35 26 2 2 N
35 36 0 0 N
35 18 1 1 N
26 25 0 1 N
26 28 1 2 N
26 2 2 0 N
25 36 0 1 N
25 40 1 2 N
25 31 2 0 N
36 16 1 2 N
36 19 0 0 N
36 18 2 1 N
16 44 1 2 N
16 8 2 0 N
16 41 0 1 N
44 10 2 2 N
44 43 0 1 N
44 19 1 0 N
10 17 1 2 N
10 41 0 1 N
10 13 2 0 N
17 42 2 1 N
17 19 0 2 N
17 19 1 0 N
42 32 0 1 N
42 18 1 2 N
42 4 2 0 N
