3 16 0 0 S
16 22 0 2 N
22 32 0 2 N
32 26 0 0 N
26 21 2 0 N
21 44 1 1 N
44 34 1 1 N
34 23 2 2 N
23 18 1 1 N
18 42 1 2 N
42 15 2 2 N
15 5 0 2 N
5 1 0 2 N
1 12 2 1 N
12 6 1 0 N
6 25 2 0 N
25 13 1 2 N
13 2 0 2 N
2 43 2 2 N
43 39 1 2 N
39 4 2 2 N
4 30 0 0 N
30 41 0 0 N
41 31 0 0 N
31 17 2 2 N
17 11 2 1 N
11 40 1 0 N
40 28 2 1 N
28 33 1 1 N
33 8 2 1 N
8 37 1 2 N
37 19 1 0 N
19 20 2 1 N
20 35 2 0 N
35 14 0 1 N
14 10 2 0 N
10 27 2 0 N
27 38 1 1 N
38 7 0 1 N
7 36 1 0 N
36 9 2 0 N
9 29 1 1 N
29 24 2 0 N
24 0 2 0 N
