19 27 2 0 S
27 40 2 1 N
40 7 2 2 N
7 21 0 0 N
21 41 2 0 N
41 33 2 2 N
33 43 0 2 N
43 39 2 1 N
39 23 2 1 N
23 37 1 0 N
37 17 2 0 N
17 14 1 2 N
14 6 1 1 N
6 11 2 1 N
11 2 2 0 N
2 5 2 2 N
5 30 1 2 N
30 18 1 2 N
18 28 1 0 N
28 8 0 2 N
8 26 2 0 N
26 10 2 1 N
10 42 2 2 N
42 20 0 1 N
20 1 2 2 N
1 36 1 2 N
36 12 0 0 N
12 44 1 2 N
44 25 0 1 N
25 0 1 2 N
0 15 2 1 N
15 24 2 2 N
24 9 2 1 N
9 38 1 1 N
38 34 1 2 N
34 4 0 0 N
4 16 0 0 N
16 31 0 1 N
31 35 2 2 N
35 3 2 2 N
3 22 0 1 N
22 32 0 0 N
32 13 0 2 N
13 29 2 2 N
