13 24 2 2 S
24 19 2 0 N
19 34 0 0 N
34 18 2 0 N
18 5 1 1 N
5 21 2 0 N
21 17 2 1 N
17 22 2 2 N
22 8 0 0 N
8 16 0 2 N
16 12 1 0 N
12 9 0 2 N
9 29 1 2 N
29 27 1 0 N
27 43 0 1 N
43 38 0 0 N
38 4 1 2 N
4 15 2 0 N
15 30 2 2 N
30 35 2 0 N
35 10 2 0 N
10 14 1 0 N
14 39 0 1 N
39 36 1 0 N
36 2 0 2 N
2 31 2 1 N
31 37 2 0 N
37 32 0 2 N
32 6 2 2 N
6 33 1 2 N
33 40 2 2 N
40 23 1 0 N
23 3 2 1 N
3 28 2 2 N
28 41 2 2 N
41 11 0 0 N
11 20 2 2 N
20 7 2 1 N
7 1 1 2 N
1 0 2 2 N
0 44 0 1 N
44 42 1 2 N
42 26 2 2 N
26 25 2 0 N
