1 24 1 0 S
24 3 0 1 N
3 29 2 0 N
29 6 2 2 N
6 4 2 0 N
4 22 1 2 N
22 5 0 1 N
5 8 1 2 N
8 18 0 0 N
18 7 0 1 N
7 26 0 2 N
26 43 2 1 N
43 32 2 1 N
32 34 0 2 N
34 12 0 2 N
12 2 2 1 N
2 39 2 1 N
39 41 0 2 N
41 0 2 2 N
0 23 2 0 N
23 10 0 1 N
10 25 1 2 N
25 40 2 0 N
40 44 1 0 N
44 19 0 0 N
19 31 1 1 N
31 30 1 0 N
30 33 1 0 N
33 27 1 0 N
27 21 2 1 N
21 9 0 2 N
9 28 0 0 N
28 35 1 1 N
35 14 0 1 N
14 17 1 1 N
17 38 2 1 N
38 37 1 1 N
37 36 2 0 N
36 15 2 0 N
15 20 0 1 N
20 13 2 2 N
13 42 1 1 N
42 11 2 1 N
11 16 0 2 N
