7 2 0 0 S
2 41 1 1 N
41 32 1 2 N
32 36 2 1 N
36 11 1 0 N
11 6 2 1 N
6 37 1 1 N
37 0 2 2 N
0 24 0 1 N
24 14 1 2 N
14 26 1 1 N
26 8 1 2 N
8 18 1 2 N
18 29 0 1 N
29 43 0 1 N
43 10 1 0 N
10 28 2 1 N
28 1 1 0 N
1 44 2 0 N
44 9 1 1 N
9 19 0 0 N
19 31 0 0 N
31 4 1 0 N
4 16 0 1 N
16 40 0 2 N
40 35 2 2 N
35 22 1 0 N
22 27 0 1 N
27 30 0 1 N
30 23 1 1 N
23 15 2 0 N
15 33 0 2 N
33 12 0 1 N
12 34 0 1 N
34 39 0 2 N
39 25 1 0 N
25 42 0 0 N
42 13 2 1 N
13 5 0 1 N
5 38 0 2 N
38 3 0 2 N
3 17 2 0 N
17 20 2 2 N
20 21 0 0 N
