20 32 1 1 S
32 22 2 2 N
22 41 2 2 N
41 7 2 1 N
7 6 0 0 N
6 5 1 1 N
5 0 0 1 N
0 19 1 1 N
19 16 0 0 N
16 17 1 0 N
17 11 2 1 N
11 2 1 0 N
2 9 1 0 N
9 18 0 0 N
18 26 1 0 N
26 23 0 0 N
23 44 2 2 N
44 28 0 2 N
28 29 2 2 N
29 24 0 1 N
24 13 2 0 N
13 36 0 1 N
36 31 0 1 N
31 8 2 0 N
8 33 1 1 N
33 10 2 1 N
10 27 1 1 N
27 37 2 1 N
37 4 2 1 N
4 40 0 0 N
40 1 1 0 N
1 43 2 0 N
43 21 1 1 N
21 30 1 2 N
30 25 1 1 N
25 12 0 2 N
12 39 1 0 N
39 14 2 1 N
14 42 1 2 N
42 38 0 0 N
38 3 1 2 N
3 34 0 1 N
34 15 1 0 N
15 35 2 2 N
