26 34 2 1 S
34 1 1 2 N
1 0 0 2 N
0 38 1 1 N
38 12 2 2 N
12 29 1 1 N
29 22 2 1 N
22 42 2 0 N
42 28 0 0 N
28 17 0 2 N
17 44 0 0 N
44 4 2 2 N
4 27 2 1 N
27 11 2 0 N
11 10 1 0 N
10 35 0 2 N
35 9 1 2 N
9 40 0 2 N
40 3 0 1 N
3 15 0 0 N
15 33 0 1 N
33 2 2 2 N
2 31 0 0 N
31 21 0 0 N
21 8 0 1 N
8 43 2 0 N
43 16 1 2 N
16 7 0 0 N
7 30 0 2 N
30 24 2 2 N
24 36 1 0 N
36 23 2 1 N
23 13 0 1 N
13 37 1 1 N
37 6 2 1 N
6 18 0 0 N
18 32 1 0 N
32 19 1 0 N
19 14 1 0 N
14 41 0 0 N
41 39 1 2 N
39 5 2 0 N
5 20 1 2 N
20 25 2 1 N
