43 41 2 1 S
43 11 0 0 S
43 1 1 2 S
41 8 2 0 N
41 21 1 1 N
41 3 0 2 N
8 24 2 0 N
8 43 1 2 N
8 1 0 1 N
24 0 0 0 N
24 36 2 2 N
24 29 1 1 N
0 32 1 2 N
0 38 0 0 N
0 12 2 1 N
32 27 2 2 N
32 18 1 0 N
32 9 0 1 N
27 30 1 2 N
27 42 2 0 N
27 26 0 1 N
30 16 0 0 N
30 24 1 1 N
30 42 2 2 N
16 25 0 1 N
16 18 2 2 N
16 18 1 0 N
25 17 2 1 N
25 38 0 2 N
25 40 1 0 N
17 34 1 2 N
17 21 2 0 N
17 22 0 1 N
34 26 2 1 N
34 16 1 2 N
34 40 0 0 N
26 13 0 2 N
26 18 2 0 N
26 3 1 1 N
13 33 2 1 N
13 1 0 2 N
13 40 1 0 N
33 23 2 2 N
33 8 1 0 N
33 37 0 1 N
23 35 0 1 N
23 38 2 0 N
23 1 1 2 N
35 36 1 2 N
35 5 2 1 N
35 29 0 0 N
36 39 2 0 N
36 9 0 1 N
36 43 1 2 N
39 40 0 1 N
39 20 2 2 N
39 42 1 0 N
40 22 1 1 N
40 17 2 2 N
40 5 0 0 N
22 9 1 0 N
22 11 0 2 N
22 1 2 1 N
9 4 0 1 N
9 11 1 0 N
9 21 2 2 N
4 6 0 1 N
4 33 2 0 N
4 24 1 2 N
6 10 1 1 N
6 17 0 0 N
6 11 2 2 N
10 38 0 1 N
10 23 2 2 N
10 39 1 0 N
38 28 0 1 N
38 37 2 0 N
38 9 1 2 N
28 7 2 0 N
28 3 0 1 N
28 3 1 2 N
7 19 1 1 N
7 5 2 2 N
7 36 0 0 N
19 42 1 2 N
19 23 0 0 N
19 44 2 1 N
42 29 2 2 N
42 9 0 1 N
42 43 1 0 N
29 14 2 2 N
29 35 0 0 N
29 1 1 1 N
14 2 2 2 N
14 31 0 1 N
14 32 1 0 N
2 12 0 1 N
2 4 1 0 N
2 31 2 2 N
12 5 1 1 N
12 17 0 0 N
12 3 2 2 N
5 15 1 1 N
5 37 2 0 N
5 20 0 2 N
15 37 0 1 N
15 30 1 2 N
15 5 2 0 N
37 31 2 0 N
37 4 1 2 N
37 36 0 1 N
31 3 0 0 N
31 42 1 2 N
31 8 2 1 N
3 44 2 0 N
3 6 1 2 N
3 22 0 1 N
44 20 1 2 N
44 38 2 0 N
44 42 0 1 N
20 21 0 0 N
20 11 2 1 N
20 21 1 2 N
21 18 1 2 N
21 20 0 0 N
21 1 2 1 N
18 11 0 1 N
18 11 2 0 N
18 30 1 2 N
11 1 2 1 N
11 20 1 0 N
11 3 0 2 N
1 36 2 1 N
1 1 0 2 N
1 1 1 0 N
