35 34 1 0 S
35 36 0 1 S
35 20 2 2 S
34 40 1 1 N
34 20 2 2 N
34 32 0 0 N
40 18 1 2 N
40 14 2 0 N
40 36 0 1 N
18 3 1 2 N
18 30 2 0 N
18 17 0 1 N
3 25 1 0 N
3 10 0 2 N
3 32 2 1 N
25 7 0 0 N
25 39 2 2 N
25 28 1 1 N
7 28 0 0 N
7 43 1 2 N
7 37 2 1 N
28 10 2 0 N
28 23 1 2 N
28 38 0 1 N
10 2 1 1 N
10 32 2 0 N
10 15 0 2 N
2 19 1 1 N
2 30 0 0 N
2 33 2 2 N
19 21 0 1 N
19 20 2 0 N
19 43 1 2 N
21 4 2 0 N
21 18 0 2 N
21 25 1 1 N
4 22 2 1 N
4 16 0 2 N
4 4 1 0 N
22 9 2 1 N
22 17 0 2 N
22 14 1 0 N
9 20 1 0 N
9 12 2 2 N
9 26 0 1 N
20 12 2 1 N
20 26 0 2 N
20 17 1 0 N
12 23 2 1 N
12 43 1 2 N
12 17 0 0 N
23 5 2 1 N
23 30 0 2 N
23 20 1 0 N
5 26 1 1 N
5 8 0 0 N
5 19 2 2 N
26 42 1 1 N
26 39 0 2 N
26 33 2 0 N
42 1 2 2 N
42 34 1 0 N
42 26 0 1 N
1 14 0 1 N
1 34 1 2 N
1 43 2 0 N
14 27 0 1 N
14 39 2 2 N
14 41 1 0 N
27 8 0 1 N
27 23 1 2 N
27 1 2 0 N
8 44 1 2 N
8 16 0 0 N
8 36 2 1 N
44 13 2 0 N
44 39 1 2 N
44 31 0 1 N
13 11 2 0 N
13 36 0 1 N
13 38 1 2 N
11 24 2 0 N
11 39 0 2 N
11 20 1 1 N
24 41 1 2 N
24 15 2 0 N
24 4 0 1 N
41 16 0 0 N
41 24 1 1 N
41 15 2 2 N
16 0 0 1 N
16 24 1 2 N
16 10 2 0 N
0 33 0 0 N
0 40 2 2 N
0 15 1 1 N
33 6 1 2 N
33 27 0 1 N
33 19 2 0 N
6 31 1 1 N
6 4 2 0 N
6 7 0 2 N
31 15 0 0 N
31 44 1 2 N
31 38 2 1 N
15 43 2 0 N
15 43 1 2 N
15 4 0 1 N
43 17 0 0 N
43 4 1 2 N
43 15 2 1 N
17 37 1 1 N
17 38 2 0 N
17 43 0 2 N
37 30 1 0 N
37 42 2 2 N
37 34 0 1 N
30 38 0 2 N
30 5 2 0 N
30 32 1 1 N
38 29 0 0 N
38 15 1 1 N
38 39 2 2 N
29 32 1 1 N
29 27 0 2 N
29 27 2 0 N
32 39 1 0 N
32 40 0 2 N
32 43 2 1 N
39 36 1 1 N
39 17 2 2 N
39 17 0 0 N
36 17 0 1 N
36 43 2 0 N
36 15 1 2 N
