17 3 1 1 S
17 18 2 0 S
17 1 0 2 S
3 28 0 1 N
3 25 2 2 N
3 12 1 0 N
28 5 0 2 N
28 10 1 1 N
28 4 2 0 N
5 43 0 2 N
5 1 2 0 N
5 32 1 1 N
43 37 0 2 N
43 8 2 0 N
43 26 1 1 N
37 38 2 0 N
37 6 1 2 N
37 21 0 1 N
38 15 1 0 N
38 2 0 1 N
38 11 2 2 N
15 0 1 0 N
15 6 0 2 N
15 8 2 1 N
0 14 1 1 N
0 36 2 2 N
0 5 0 0 N
14 11 0 2 N
14 2 2 1 N
14 21 1 0 N
11 20 0 0 N
11 26 2 1 N
11 12 1 2 N
20 19 1 0 N
20 8 2 1 N
20 13 0 2 N
19 6 0 2 N
19 5 2 1 N
19 21 1 0 N
6 35 1 2 N
6 25 0 1 N
6 12 2 0 N
35 4 0 0 N
35 40 2 1 N
35 32 1 2 N
4 29 1 2 N
4 24 2 0 N
4 36 0 1 N
29 2 2 2 N
29 42 0 1 N
29 4 1 0 N
2 9 1 0 N
2 19 2 1 N
2 14 0 2 N
9 36 1 2 N
9 13 2 0 N
9 19 0 1 N
36 40 0 0 N
36 11 2 2 N
36 34 1 1 N
40 41 2 2 N
40 10 1 0 N
40 21 0 1 N
41 34 1 1 N
41 21 2 2 N
41 21 0 0 N
34 42 2 1 N
34 5 1 0 N
34 12 0 2 N
42 1 0 1 N
42 23 2 2 N
42 21 1 0 N
1 27 2 2 N
1 11 1 0 N
1 13 0 1 N
27 7 0 0 N
27 42 2 1 N
27 13 1 2 N
7 39 2 1 N
7 26 0 2 N
7 12 1 0 N
39 23 0 0 N
39 24 1 1 N
39 21 2 2 N
23 30 0 2 N
23 12 2 1 N
23 34 1 0 N
30 13 1 1 N
30 32 0 2 N
30 32 2 0 N
13 22 0 0 N
13 19 1 2 N
13 21 2 1 N
22 16 2 0 N
22 19 1 2 N
22 42 0 1 N
16 10 1 0 N
16 22 2 1 N
16 25 0 2 N
10 31 1 1 N
10 3 2 0 N
10 35 0 2 N
31 24 1 0 N
31 11 2 1 N
31 13 0 2 N
24 26 0 0 N
24 44 2 1 N
24 11 1 2 N
26 25 2 1 N
26 41 1 2 N
26 31 0 0 N
25 8 0 2 N
25 35 1 0 N
25 19 2 1 N
8 21 0 2 N
8 32 1 1 N
8 8 2 0 N
21 44 1 1 N
21 6 2 2 N
21 8 0 0 N
44 33 1 0 N
44 42 0 1 N
44 6 2 2 N
33 12 0 1 N
33 9 1 2 N
33 2 2 0 N
12 18 1 0 N
12 24 2 1 N
12 32 0 2 N
18 32 0 0 N
18 39 2 2 N
18 27 1 1 N
32 13 0 1 N
32 42 1 0 N
32 8 2 2 N
