25 22 0 1 S
25 0 1 2 S
25 0 2 0 S
22 36 0 0 N
22 8 2 1 N
22 14 1 2 N
36 8 2 1 N
36 28 0 0 N
36 32 1 2 N
8 38 0 1 N
8 24 1 2 N
8 10 2 0 N
38 1 2 1 N
38 18 1 0 N
38 23 0 2 N
1 32 2 2 N
1 16 0 1 N
1 3 1 0 N
32 5 1 1 N
32 17 2 2 N
32 43 0 0 N
5 23 1 2 N
5 16 2 1 N
5 40 0 0 N
23 11 2 0 N
23 25 0 2 N
23 25 1 1 N
11 21 0 1 N
11 3 1 0 N
11 33 2 2 N
21 39 1 1 N
21 18 2 0 N
21 41 0 2 N
39 33 2 2 N
39 18 0 1 N
39 0 1 0 N
33 29 0 0 N
33 16 2 1 N
33 24 1 2 N
29 13 2 2 N
29 14 1 1 N
29 17 0 0 N
13 40 0 1 N
13 0 2 2 N
13 21 1 0 N
40 14 0 2 N
40 29 1 0 N
40 24 2 1 N
14 26 1 0 N
14 5 2 1 N
14 31 0 2 N
26 18 2 2 N
26 12 0 1 N
26 13 1 0 N
18 34 0 2 N
18 25 2 0 N
18 0 1 1 N
34 12 0 0 N
34 30 1 1 N
34 25 2 2 N
12 0 2 1 N
12 13 1 0 N
12 7 0 2 N
0 7 0 0 N
0 41 1 2 N
0 0 2 1 N
7 24 1 1 N
7 3 2 2 N
7 39 0 0 N
24 35 0 0 N
24 27 2 2 N
24 18 1 1 N
35 10 1 2 N
35 21 0 1 N
35 2 2 0 N
10 30 1 1 N
10 0 2 2 N
10 0 0 0 N
30 28 0 0 N
30 23 2 2 N
30 7 1 1 N
28 41 1 0 N
28 4 0 1 N
28 31 2 2 N
41 4 0 0 N
41 10 2 2 N
41 0 1 1 N
4 31 2 1 N
4 31 0 0 N
4 23 1 2 N
31 3 1 2 N
31 33 2 1 N
31 23 0 0 N
3 43 0 1 N
3 39 2 0 N
3 4 1 2 N
43 37 1 1 N
43 31 0 2 N
43 28 2 0 N
37 9 0 2 N
37 33 2 0 N
37 15 1 1 N
9 16 2 2 N
9 6 0 0 N
9 34 1 1 N
16 2 0 1 N
16 1 1 2 N
16 38 2 0 N
2 20 1 2 N
2 7 2 0 N
2 38 0 1 N
20 27 0 1 N
20 3 2 0 N
20 44 1 2 N
27 15 2 0 N
27 34 1 1 N
27 7 0 2 N
15 42 2 2 N
15 17 1 1 N
15 38 0 0 N
42 6 1 2 N
42 22 2 0 N
42 32 0 1 N
6 17 2 1 N
6 2 0 0 N
6 33 1 2 N
17 44 0 2 N
17 20 2 0 N
17 25 1 1 N
44 19 2 2 N
44 24 1 0 N
44 16 0 1 N
19 32 1 1 N
19 1 0 0 N
19 7 2 2 N
