31 14 2 0 S
31 27 0 2 S
31 8 1 1 S
14 7 1 2 N
14 16 0 0 N
14 44 2 1 N
7 28 1 2 N
7 31 0 1 N
7 24 2 0 N
28 24 0 1 N
28 3 2 0 N
28 24 1 2 N
24 9 2 0 N
24 39 0 1 N
24 44 1 2 N
9 34 0 2 N
9 41 1 0 N
9 30 2 1 N
34 35 1 2 N
34 26 2 0 N
34 44 0 1 N
35 25 1 1 N
35 3 0 0 N
35 27 2 2 N
25 21 1 2 N
25 31 0 1 N
25 6 2 0 N
21 6 2 2 N
21 9 0 0 N
21 8 1 1 N
6 39 1 2 N
6 7 0 0 N
6 39 2 1 N
39 27 1 1 N
39 7 2 2 N
39 12 0 0 N
27 18 1 2 N
27 7 0 0 N
27 23 2 1 N
18 0 2 1 N
18 15 1 2 N
18 24 0 0 N
0 20 1 1 N
0 30 2 0 N
0 29 0 2 N
20 3 2 2 N
20 42 1 1 N
20 10 0 0 N
3 29 0 2 N
3 33 1 1 N
3 28 2 0 N
29 4 1 2 N
29 35 2 1 N
29 26 0 0 N
4 44 0 2 N
4 6 2 1 N
4 34 1 0 N
44 36 0 2 N
44 44 1 0 N
44 44 2 1 N
36 37 0 1 N
36 18 2 2 N
36 20 1 0 N
37 19 0 2 N
37 29 2 0 N
37 38 1 1 N
19 1 1 1 N
19 20 2 0 N
19 35 0 2 N
1 32 2 1 N
1 23 0 2 N
1 21 1 0 N
32 40 0 2 N
32 9 2 0 N
32 24 1 1 N
40 13 2 2 N
40 39 0 0 N
40 38 1 1 N
13 8 2 2 N
13 40 0 1 N
13 10 1 0 N
8 42 1 0 N
8 3 2 2 N
8 28 0 1 N
42 43 0 0 N
42 33 1 1 N
42 38 2 2 N
43 17 2 2 N
43 38 1 0 N
43 10 0 1 N
17 15 0 1 N
17 39 2 2 N
17 22 1 0 N
15 38 2 0 N
15 5 0 1 N
15 13 1 2 N
38 5 1 2 N
38 9 2 0 N
38 13 0 1 N
5 16 0 2 N
5 41 2 1 N
5 24 1 0 N
16 30 2 2 N
16 39 0 1 N
16 7 1 0 N
30 23 2 1 N
30 8 1 2 N
30 44 0 0 N
23 26 2 2 N
23 38 1 0 N
23 36 0 1 N
26 12 2 2 N
26 16 0 1 N
26 24 1 0 N
12 41 2 0 N
12 34 1 1 N
12 24 0 2 N
41 2 1 1 N
41 23 2 2 N
41 12 0 0 N
2 11 1 0 N
2 36 0 1 N
2 39 2 2 N
11 33 1 1 N
11 13 0 0 N
11 8 2 2 N
33 22 2 1 N
33 40 1 2 N
33 15 0 0 N
22 10 1 2 N
22 29 2 0 N
22 13 0 1 N
10 26 1 0 N
10 13 0 2 N
10 44 2 1 N
