26 30 2 0 S
30 23 2 1 N
23 39 2 1 N
39 13 1 1 N
13 44 0 1 N
44 2 2 2 N
2 34 1 0 N
34 9 2 0 N
9 5 2 1 N
5 36 1 1 N
36 1 1 0 N
1 28 0 1 N
28 10 2 0 N
10 7 1 0 N
7 41 0 2 N
41 16 0 0 N
16 17 0 2 N
17 11 0 1 N
11 4 1 0 N
4 8 1 2 N
8 22 1 1 N
22 12 1 0 N
12 18 2 1 N
18 0 1 1 N
0 40 1 2 N
40 6 2 1 N
6 32 0 0 N
32 29 1 2 N
29 3 2 0 N
3 21 2 1 N
21 38 0 2 N
38 19 0 1 N
19 25 2 2 N
25 42 1 0 N
42 43 1 1 N
43 27 0 1 N
27 33 0 2 N
33 14 0 1 N
14 24 2 0 N
24 31 2 1 N
31 35 2 0 N
35 15 0 1 N
15 37 0 2 N
37 20 1 2 N
