33 36 1 0 S
33 26 2 2 S
33 19 0 1 S
36 15 1 2 N
36 8 0 1 N
36 11 2 0 N
15 25 1 2 N
15 31 0 0 N
15 43 2 1 N
25 35 0 2 N
25 16 1 0 N
25 39 2 1 N
35 22 1 1 N
35 25 2 2 N
35 18 0 0 N
22 16 2 1 N
22 39 1 2 N
22 35 0 0 N
16 17 0 1 N
16 34 2 2 N
16 16 1 0 N
17 11 2 0 N
17 40 0 1 N
17 32 1 2 N
11 13 1 0 N
11 7 2 2 N
11 5 0 1 N
13 42 0 0 N
13 32 2 2 N
13 4 1 1 N
42 1 1 1 N
42 25 2 2 N
42 28 0 0 N
1 10 1 2 N
1 29 2 1 N
1 26 0 0 N
10 28 1 1 N
10 29 0 2 N
10 14 2 0 N
28 7 1 2 N
28 3 0 1 N
28 26 2 0 N
7 8 0 2 N
7 9 2 1 N
7 35 1 0 N
8 19 0 2 N
8 30 2 0 N
8 10 1 1 N
19 29 1 1 N
19 28 0 0 N
19 4 2 2 N
29 2 2 0 N
29 16 1 2 N
29 4 0 1 N
2 21 0 2 N
2 21 1 0 N
2 11 2 1 N
21 30 1 0 N
21 17 2 2 N
21 38 0 1 N
30 3 2 1 N
30 8 0 0 N
30 39 1 2 N
3 38 2 2 N
3 5 1 1 N
3 38 0 0 N
38 43 0 2 N
38 24 1 1 N
38 4 2 0 N
43 31 2 1 N
43 9 0 0 N
43 26 1 2 N
31 0 0 0 N
31 14 1 1 N
31 14 2 2 N
0 40 2 1 N
0 1 1 2 N
0 17 0 0 N
40 34 1 0 N
40 17 2 1 N
40 4 0 2 N
34 9 2 1 N
34 44 1 2 N
34 30 0 0 N
9 44 0 1 N
9 14 1 2 N
9 25 2 0 N
44 24 2 2 N
44 1 0 1 N
44 18 1 0 N
24 5 2 1 N
24 30 1 2 N
24 27 0 0 N
5 6 1 1 N
5 37 0 2 N
5 4 2 0 N
6 41 2 1 N
6 15 1 0 N
6 30 0 2 N
41 23 1 1 N
41 25 2 2 N
41 11 0 0 N
23 27 1 0 N
23 24 2 1 N
23 43 0 2 N
27 26 0 0 N
27 26 2 2 N
27 18 1 1 N
26 32 1 0 N
26 35 2 1 N
26 5 0 2 N
32 4 0 2 N
32 15 1 1 N
32 38 2 0 N
4 20 0 2 N
4 40 2 1 N
4 27 1 0 N
20 14 2 1 N
20 26 0 0 N
20 26 1 2 N
14 18 2 2 N
14 38 0 0 N
14 18 1 1 N
18 37 2 2 N
18 35 1 0 N
18 16 0 1 N
37 12 0 0 N
37 31 2 2 N
37 31 1 1 N
12 39 1 0 N
12 7 0 2 N
12 43 2 1 N
39 24 0 1 N
39 40 1 2 N
39 18 2 0 N
