28 29 2 2 S
28 20 0 0 S
28 15 1 1 S
29 25 0 1 N
29 41 1 2 N
29 5 2 0 N
25 2 0 1 N
25 8 2 0 N
25 16 1 2 N
2 10 1 0 N
2 33 0 1 N
2 5 2 2 N
10 27 1 2 N
10 3 0 1 N
10 40 2 0 N
27 33 2 0 N
27 30 0 1 N
27 19 1 2 N
33 41 1 0 N
33 42 2 2 N
33 40 0 1 N
41 36 0 2 N
41 30 1 1 N
41 34 2 0 N
36 44 0 0 N
36 2 2 2 N
36 28 1 1 N
44 20 2 1 N
44 17 0 0 N
44 30 1 2 N
20 9 1 2 N
20 3 0 0 N
20 15 2 1 N
9 39 2 1 N
9 3 1 0 N
9 38 0 2 N
39 38 2 2 N
39 10 1 0 N
39 10 0 1 N
38 12 0 2 N
38 40 2 1 N
38 22 1 0 N
12 8 0 1 N
12 25 2 2 N
12 10 1 0 N
8 16 1 1 N
8 30 0 0 N
8 29 2 2 N
16 5 2 1 N
16 15 0 0 N
16 43 1 2 N
5 31 2 1 N
5 22 1 0 N
5 15 0 2 N
31 30 1 1 N
31 38 2 2 N
31 11 0 0 N
30 24 0 2 N
30 15 2 0 N
30 15 1 1 N
24 17 2 1 N
24 3 0 2 N
24 26 1 0 N
17 37 2 0 N
17 30 1 1 N
17 38 0 2 N
37 40 1 0 N
37 38 2 1 N
37 32 0 2 N
40 6 0 2 N
40 43 2 1 N
40 22 1 0 N
6 18 2 0 N
6 34 1 2 N
6 41 0 1 N
18 3 1 0 N
18 34 0 1 N
18 34 2 2 N
3 13 0 0 N
3 10 2 1 N
3 17 1 2 N
13 11 0 2 N
13 21 2 0 N
13 19 1 1 N
11 34 2 2 N
11 36 0 0 N
11 26 1 1 N
34 43 2 0 N
34 23 1 2 N
34 30 0 1 N
43 1 0 1 N
43 19 2 0 N
43 34 1 2 N
1 4 1 0 N
1 30 0 1 N
1 43 2 2 N
4 32 0 0 N
4 13 2 2 N
4 1 1 1 N
32 14 0 0 N
32 40 2 1 N
32 26 1 2 N
14 23 2 1 N
14 31 0 2 N
14 36 1 0 N
23 22 0 2 N
23 35 2 0 N
23 28 1 1 N
22 7 0 0 N
22 26 2 1 N
22 22 1 2 N
7 42 2 1 N
7 17 0 0 N
7 43 1 2 N
42 35 1 2 N
42 15 0 0 N
42 5 2 1 N
35 0 2 2 N
35 13 0 0 N
35 19 1 1 N
0 15 0 0 N
0 19 1 1 N
0 15 2 2 N
15 21 2 0 N
15 29 1 1 N
15 22 0 2 N
21 19 2 2 N
21 14 0 0 N
21 30 1 1 N
19 26 0 1 N
19 29 2 2 N
19 5 1 0 N
26 13 0 0 N
26 0 2 2 N
26 22 1 1 N
