41 7 2 0 S
7 12 2 2 N
12 2 2 2 N
2 20 2 1 N
20 37 0 1 N
37 15 2 1 N
15 5 1 0 N
5 32 0 0 N
32 18 1 2 N
18 4 1 0 N
4 39 2 0 N
39 8 2 1 N
8 14 2 0 N
14 29 2 0 N
29 34 1 2 N
34 31 2 2 N
31 6 2 0 N
6 44 1 1 N
44 21 0 1 N
21 16 2 1 N
16 3 2 0 N
3 23 0 2 N
23 24 1 0 N
24 42 1 0 N
42 38 2 2 N
38 13 2 1 N
13 26 0 1 N
26 22 0 1 N
22 27 2 1 N
27 40 2 1 N
40 17 1 2 N
17 33 1 1 N
33 9 2 2 N
9 25 2 0 N
25 0 0 2 N
0 30 1 1 N
30 36 2 2 N
36 1 2 1 N
1 19 1 2 N
19 11 1 0 N
11 10 0 2 N
10 28 2 1 N
28 43 2 1 N
43 35 2 2 N
