41 30 1 1 S
41 8 2 2 S
41 29 0 0 S
30 17 2 0 N
30 6 1 2 N
30 30 0 1 N
17 2 1 2 N
17 15 0 0 N
17 44 2 1 N
2 38 1 1 N
2 27 2 2 N
2 7 0 0 N
38 33 1 1 N
38 7 0 2 N
38 36 2 0 N
33 26 2 2 N
33 19 0 1 N
33 39 1 0 N
26 20 1 0 N
26 9 2 2 N
26 30 0 1 N
20 9 2 0 N
20 0 0 1 N
20 7 1 2 N
9 14 0 1 N
9 37 1 0 N
9 24 2 2 N
14 21 0 2 N
14 10 1 1 N
14 6 2 0 N
21 6 1 0 N
21 26 0 2 N
21 6 2 1 N
6 44 0 1 N
6 39 1 0 N
6 30 2 2 N
44 0 2 0 N
44 4 1 1 N
44 14 0 2 N
0 40 0 2 N
0 40 2 1 N
0 33 1 0 N
40 19 2 0 N
40 22 1 2 N
40 0 0 1 N
19 5 0 2 N
19 9 2 0 N
19 16 1 1 N
5 16 2 0 N
5 16 1 1 N
5 22 0 2 N
16 4 2 1 N
16 37 0 2 N
16 33 1 0 N
4 28 2 2 N
4 25 1 0 N
4 34 0 1 N
28 13 0 1 N
28 36 1 2 N
28 11 2 0 N
13 34 1 2 N
13 44 2 1 N
13 2 0 0 N
34 25 2 1 N
34 37 1 2 N
34 24 0 0 N
25 23 0 2 N
25 0 2 1 N
25 14 1 0 N
23 12 1 2 N
23 8 2 1 N
23 8 0 0 N
12 18 1 1 N
12 4 0 2 N
12 29 2 0 N
18 36 0 2 N
18 30 1 1 N
18 42 2 0 N
36 39 2 0 N
36 5 1 2 N
36 27 0 1 N
39 32 1 2 N
39 23 2 0 N
39 6 0 1 N
32 10 1 2 N
32 2 2 0 N
32 24 0 1 N
10 8 1 0 N
10 7 2 2 N
10 34 0 1 N
8 31 1 1 N
8 6 0 2 N
8 30 2 0 N
31 1 1 0 N
31 39 2 2 N
31 33 0 1 N
1 42 2 2 N
1 0 0 1 N
1 10 1 0 N
42 11 0 1 N
42 37 1 0 N
42 37 2 2 N
11 37 2 1 N
11 5 0 2 N
11 10 1 0 N
37 29 0 1 N
37 18 1 2 N
37 30 2 0 N
29 22 1 2 N
29 1 2 0 N
29 0 0 1 N
22 35 0 0 N
22 37 2 1 N
22 23 1 2 N
35 3 2 2 N
35 33 0 0 N
35 44 1 1 N
3 24 2 0 N
3 15 0 2 N
3 19 1 1 N
24 15 1 1 N
24 29 0 2 N
24 42 2 0 N
15 43 1 0 N
15 8 0 2 N
15 29 2 1 N
43 7 0 2 N
43 38 2 1 N
43 8 1 0 N
7 27 2 1 N
7 29 1 0 N
7 30 0 2 N
27 18 1 2 N
27 42 0 1 N
27 44 2 0 N
