5 6 2 1 S
6 8 2 2 N
8 9 0 2 N
9 15 1 2 N
15 30 2 2 N
30 19 1 2 N
19 43 2 0 N
43 31 1 2 N
31 10 0 0 N
10 17 0 2 N
17 35 1 1 N
35 33 0 1 N
33 24 2 0 N
24 25 0 0 N
25 11 0 0 N
11 32 1 2 N
32 34 1 2 N
34 21 0 2 N
21 41 1 2 N
41 12 2 0 N
12 4 1 2 N
4 37 0 2 N
37 18 0 1 N
18 26 2 2 N
26 16 1 0 N
16 3 0 0 N
3 42 0 0 N
42 29 1 0 N
29 23 0 2 N
23 1 1 0 N
1 0 2 0 N
0 20 2 2 N
20 38 1 0 N
38 13 2 1 N
13 7 0 2 N
7 44 1 2 N
44 39 0 0 N
39 14 1 2 N
14 40 2 2 N
40 2 0 2 N
2 36 2 2 N
36 27 1 0 N
27 28 2 0 N
28 22 2 0 N
