0 24 0 1 S
24 13 0 2 N
13 18 0 0 N
18 42 0 2 N
42 20 2 2 N
20 44 1 1 N
44 36 0 0 N
36 12 1 2 N
12 10 1 2 N
10 7 0 0 N
7 14 0 1 N
14 28 1 2 N
28 4 1 0 N
4 33 0 0 N
33 1 1 1 N
1 40 0 0 N
40 39 2 0 N
39 29 1 1 N
29 38 0 0 N
38 26 0 1 N
26 22 2 0 N
22 11 0 0 N
11 25 0 2 N
25 27 1 1 N
27 2 1 2 N
2 3 0 2 N
3 15 1 2 N
15 32 1 2 N
32 31 0 0 N
31 34 1 0 N
34 43 0 0 N
43 17 2 0 N
17 6 2 2 N
6 9 1 2 N
9 23 1 2 N
23 41 2 2 N
41 21 1 0 N
21 30 2 2 N
30 8 2 1 N
8 19 0 1 N
19 35 2 1 N
35 16 0 1 N
16 5 1 0 N
5 37 2 1 N
