37 28 0 0 S
37 38 2 1 S
37 43 1 2 S
28 30 2 2 N
28 31 1 0 N
28 21 0 1 N
30 10 2 1 N
30 34 1 0 N
30 35 0 2 N
10 17 0 2 N
10 40 1 1 N
10 40 2 0 N
17 5 2 2 N
17 7 0 0 N
17 40 1 1 N
5 12 1 1 N
5 43 2 2 N
5 23 0 0 N
12 20 0 1 N
12 25 1 2 N
12 14 2 0 N
20 15 0 0 N
20 16 2 1 N
20 40 1 2 N
15 14 1 2 N
15 27 0 1 N
15 14 2 0 N
14 34 0 0 N
14 34 2 1 N
14 3 1 2 N
34 44 0 1 N
34 25 1 0 N
34 3 2 2 N
44 16 0 1 N
44 0 1 2 N
44 24 2 0 N
16 3 0 2 N
16 7 2 1 N
16 19 1 0 N
3 13 0 2 N
3 35 1 1 N
3 3 2 0 N
13 8 1 0 N
13 30 0 1 N
13 38 2 2 N
8 41 0 0 N
8 30 1 2 N
8 10 2 1 N
41 0 1 0 N
41 30 2 1 N
41 12 0 2 N
0 23 0 2 N
0 24 2 1 N
0 20 1 0 N
23 26 0 0 N
23 40 2 1 N
23 14 1 2 N
26 6 1 0 N
26 35 2 2 N
26 21 0 1 N
6 1 0 0 N
6 9 1 2 N
6 10 2 1 N
1 29 2 1 N
1 15 0 2 N
1 24 1 0 N
29 27 0 1 N
29 35 2 0 N
29 33 1 2 N
27 7 2 1 N
27 39 0 0 N
27 12 1 2 N
7 2 2 1 N
7 40 0 2 N
7 9 1 0 N
2 32 1 2 N
2 21 2 0 N
2 24 0 1 N
32 36 1 2 N
32 4 0 0 N
32 8 2 1 N
36 19 0 0 N
36 15 1 2 N
36 21 2 1 N
19 11 1 2 N
19 23 2 0 N
19 33 0 1 N
11 9 2 1 N
11 6 1 2 N
11 0 0 0 N
9 38 2 2 N
9 2 1 0 N
9 34 0 1 N
38 33 2 2 N
38 41 0 0 N
38 28 1 1 N
33 42 1 2 N
33 42 2 1 N
33 20 0 0 N
42 43 2 0 N
42 30 0 1 N
42 31 1 2 N
43 24 0 1 N
43 9 2 0 N
43 10 1 2 N
24 25 0 2 N
24 37 2 1 N
24 34 1 0 N
25 21 0 1 N
25 44 2 0 N
25 21 1 2 N
21 22 0 2 N
21 14 2 1 N
21 3 1 0 N
22 35 0 1 N
22 25 1 2 N
22 21 2 0 N
35 4 1 2 N
35 17 0 1 N
35 3 2 0 N
4 39 2 2 N
4 5 1 0 N
4 2 0 1 N
39 31 0 0 N
39 34 1 2 N
39 15 2 1 N
31 18 1 2 N
31 21 0 0 N
31 8 2 1 N
18 40 2 0 N
18 21 1 1 N
18 14 0 2 N
40 3 1 2 N
40 3 0 1 N
40 35 2 0 N
