24 44 2 2 S
24 5 0 0 S
24 3 1 1 S
44 1 2 1 N
44 16 1 2 N
44 37 0 0 N
1 8 1 1 N
1 21 2 0 N
1 30 0 2 N
8 17 0 1 N
8 40 1 2 N
8 35 2 0 N
17 4 2 0 N
17 30 0 2 N
17 9 1 1 N
4 19 2 0 N
4 32 1 1 N
4 34 0 2 N
19 43 0 0 N
19 17 2 2 N
19 9 1 1 N
43 6 0 2 N
43 4 2 1 N
43 6 1 0 N
6 39 2 2 N
6 33 0 0 N
6 9 1 1 N
39 0 0 0 N
39 19 1 2 N
39 22 2 1 N
0 35 0 2 N
0 44 1 1 N
0 34 2 0 N
35 14 1 1 N
35 34 2 2 N
35 36 0 0 N
14 21 1 1 N
14 12 0 0 N
14 13 2 2 N
21 12 2 2 N
21 14 0 0 N
21 41 1 1 N
12 42 2 1 N
12 2 0 0 N
12 11 1 2 N
42 23 0 0 N
42 12 2 1 N
42 2 1 2 N
23 18 0 0 N
23 34 2 1 N
23 36 1 2 N
18 3 2 1 N
18 32 1 0 N
18 7 0 2 N
3 22 2 1 N
3 17 0 0 N
3 41 1 2 N
22 37 0 2 N
22 35 2 1 N
22 32 1 0 N
37 41 1 1 N
37 27 0 0 N
37 19 2 2 N
41 31 0 1 N
41 9 2 0 N
41 36 1 2 N
31 29 2 1 N
31 15 0 2 N
31 18 1 0 N
29 36 2 1 N
29 43 0 2 N
29 44 1 0 N
36 20 1 0 N
36 6 0 1 N
36 30 2 2 N
20 28 1 1 N
20 19 2 0 N
20 6 0 2 N
28 10 0 1 N
28 32 1 2 N
28 33 2 0 N
10 7 1 0 N
10 7 0 1 N
10 30 2 2 N
7 32 2 2 N
7 11 0 0 N
7 30 1 1 N
32 9 1 2 N
32 44 0 0 N
32 2 2 1 N
9 13 1 1 N
9 36 2 0 N
9 9 0 2 N
13 27 0 2 N
13 24 1 0 N
13 2 2 1 N
27 38 0 0 N
27 28 1 2 N
27 3 2 1 N
38 2 1 0 N
38 24 0 2 N
38 26 2 1 N
2 11 1 2 N
2 18 0 0 N
2 30 2 1 N
11 25 1 0 N
11 2 0 1 N
11 13 2 2 N
25 33 1 0 N
25 0 0 2 N
25 14 2 1 N
33 5 0 1 N
33 20 2 2 N
33 17 1 0 N
5 34 1 2 N
5 2 2 1 N
5 40 0 0 N
34 16 0 2 N
34 3 2 1 N
34 36 1 0 N
16 40 0 2 N
16 18 1 1 N
16 37 2 0 N
40 15 2 0 N
40 22 0 2 N
40 6 1 1 N
15 26 2 1 N
15 10 0 2 N
15 2 1 0 N
26 30 2 0 N
26 27 0 2 N
26 41 1 1 N
30 35 2 2 N
30 9 0 0 N
30 9 1 1 N
