4 9 0 0 S
4 42 2 1 S
4 21 1 2 S
9 39 2 1 N
9 20 0 0 N
9 21 1 2 N
39 41 0 0 N
39 34 2 1 N
39 42 1 2 N
41 2 0 2 N
41 30 2 0 N
41 24 1 1 N
2 0 0 2 N
2 23 1 0 N
2 24 2 1 N
0 28 1 1 N
0 8 2 0 N
0 1 0 2 N
28 40 0 2 N
28 34 1 1 N
28 32 2 0 N
40 32 0 0 N
40 38 2 1 N
40 9 1 2 N
32 38 0 0 N
32 15 2 2 N
32 23 1 1 N
38 19 1 2 N
38 9 0 1 N
38 23 2 0 N
19 33 2 1 N
19 7 0 0 N
19 24 1 2 N
33 20 2 2 N
33 13 1 0 N
33 35 0 1 N
20 43 0 2 N
20 18 2 0 N
20 13 1 1 N
43 8 2 2 N
43 20 0 1 N
43 13 1 0 N
8 35 2 2 N
8 42 0 1 N
8 24 1 0 N
35 29 1 0 N
35 23 2 1 N
35 23 0 2 N
29 31 2 1 N
29 36 0 2 N
29 7 1 0 N
31 11 1 0 N
31 9 0 1 N
31 23 2 2 N
11 22 0 1 N
11 18 2 0 N
11 2 1 2 N
22 34 2 0 N
22 32 1 1 N
22 40 0 2 N
34 16 2 1 N
34 32 0 0 N
34 40 1 2 N
16 1 0 0 N
16 9 2 2 N
16 24 1 1 N
1 24 1 1 N
1 20 0 0 N
1 21 2 2 N
24 10 1 2 N
24 21 2 1 N
24 26 0 0 N
10 5 0 2 N
10 32 2 1 N
10 2 1 0 N
5 25 0 2 N
5 24 2 0 N
5 38 1 1 N
25 7 2 0 N
25 15 1 2 N
25 19 0 1 N
7 12 2 0 N
7 44 0 2 N
7 8 1 1 N
12 30 2 2 N
12 21 1 0 N
12 34 0 1 N
30 23 1 0 N
30 42 0 2 N
30 23 2 1 N
23 21 1 0 N
23 24 0 1 N
23 21 2 2 N
21 6 0 0 N
21 20 2 2 N
21 26 1 1 N
6 14 2 1 N
6 7 1 0 N
6 18 0 2 N
14 36 1 0 N
14 9 0 1 N
14 15 2 2 N
36 37 2 1 N
36 42 0 0 N
36 20 1 2 N
37 3 2 2 N
37 31 1 0 N
37 32 0 1 N
3 27 1 1 N
3 41 2 2 N
3 16 0 0 N
27 13 1 1 N
27 7 2 2 N
27 32 0 0 N
13 44 1 2 N
13 25 2 0 N
13 24 0 1 N
44 18 2 1 N
44 20 1 2 N
44 2 0 0 N
18 15 0 2 N
18 3 2 1 N
18 3 1 0 N
15 17 2 0 N
15 4 0 1 N
15 31 1 2 N
17 26 2 1 N
17 5 0 0 N
17 41 1 2 N
26 42 2 0 N
26 23 0 1 N
26 26 1 2 N
42 2 1 2 N
42 0 0 0 N
42 16 2 1 N
