14 6 1 0 S
6 15 1 1 N
15 31 2 2 N
31 2 1 1 N
2 37 1 0 N
37 42 2 1 N
42 44 1 0 N
44 21 2 2 N
21 29 0 0 N
29 8 1 1 N
8 36 2 2 N
36 24 0 1 N
24 41 2 1 N
41 1 0 1 N
1 11 0 2 N
11 3 0 0 N
3 17 1 1 N
17 33 1 2 N
33 38 0 1 N
38 43 2 1 N
43 7 1 0 N
7 20 0 0 N
20 27 1 1 N
27 18 0 0 N
18 23 0 2 N
23 10 1 2 N
10 5 1 1 N
5 26 2 1 N
26 4 0 2 N
4 25 1 0 N
25 35 2 0 N
35 0 1 2 N
0 19 2 1 N
19 34 0 1 N
34 39 1 2 N
39 16 1 2 N
16 32 1 0 N
32 40 1 0 N
40 30 0 0 N
30 12 1 2 N
12 9 1 2 N
9 13 1 0 N
13 28 0 1 N
28 22 1 2 N
