23 1 0 1 S
23 1 1 2 S
23 37 2 0 S
1 30 0 2 N
1 18 2 0 N
1 3 1 1 N
30 19 2 2 N
30 8 1 0 N
30 42 0 1 N
19 11 1 1 N
19 28 0 0 N
19 34 2 2 N
11 4 0 1 N
11 16 2 0 N
11 30 1 2 N
4 38 0 1 N
4 36 2 0 N
4 27 1 2 N
38 12 1 2 N
38 3 2 1 N
38 15 0 0 N
12 18 0 0 N
12 33 2 2 N
12 31 1 1 N
18 40 2 2 N
18 39 0 1 N
18 3 1 0 N
40 22 1 2 N
40 4 2 1 N
40 3 0 0 N
22 35 0 2 N
22 8 2 1 N
22 29 1 0 N
35 27 1 2 N
35 9 2 1 N
35 19 0 0 N
27 26 1 0 N
27 7 0 1 N
27 3 2 2 N
26 28 0 0 N
26 22 2 2 N
26 21 1 1 N
28 3 0 1 N
28 30 2 2 N
28 13 1 0 N
3 17 1 0 N
3 3 0 2 N
3 3 2 1 N
17 8 1 1 N
17 6 0 0 N
17 26 2 2 N
8 9 2 1 N
8 37 0 2 N
8 3 1 0 N
9 24 1 2 N
9 1 0 1 N
9 29 2 0 N
24 34 0 0 N
24 13 1 1 N
24 8 2 2 N
34 25 2 1 N
34 30 0 2 N
34 16 1 0 N
25 13 0 1 N
25 42 2 2 N
25 38 1 0 N
13 16 1 0 N
13 27 2 2 N
13 14 0 1 N
16 14 1 1 N
16 2 2 0 N
16 36 0 2 N
14 31 2 0 N
14 15 1 2 N
14 3 0 1 N
31 0 0 0 N
31 21 1 1 N
31 22 2 2 N
0 42 0 2 N
0 40 1 1 N
0 40 2 0 N
42 10 1 1 N
42 11 2 0 N
42 1 0 2 N
10 6 0 2 N
10 42 2 1 N
10 8 1 0 N
6 32 1 2 N
6 28 0 1 N
6 24 2 0 N
32 7 2 0 N
32 11 0 2 N
32 2 1 1 N
7 39 1 1 N
7 4 0 2 N
7 24 2 0 N
39 41 0 1 N
39 2 2 2 N
39 0 1 0 N
41 2 0 0 N
41 11 1 1 N
41 27 2 2 N
2 29 1 1 N
2 0 2 2 N
2 15 0 0 N
29 5 1 2 N
29 8 0 0 N
29 8 2 1 N
5 36 0 1 N
5 30 1 0 N
5 38 2 2 N
36 43 1 0 N
36 26 2 2 N
36 4 0 1 N
43 44 2 1 N
43 35 1 0 N
43 13 0 2 N
44 37 0 1 N
44 10 2 0 N
44 0 1 2 N
37 33 1 2 N
37 22 2 1 N
37 3 0 0 N
33 20 0 2 N
33 3 1 1 N
33 32 2 0 N
20 15 2 0 N
20 40 0 1 N
20 21 1 2 N
15 21 1 0 N
15 0 0 1 N
15 36 2 2 N
21 28 0 0 N
21 38 1 2 N
21 36 2 1 N
