15 38 1 2 S
15 30 2 0 S
15 34 0 1 S
38 1 1 1 N
38 13 2 0 N
38 17 0 2 N
1 5 2 2 N
1 9 0 1 N
1 23 1 0 N
5 16 1 0 N
5 23 0 2 N
5 23 2 1 N
16 4 0 1 N
16 30 2 0 N
16 21 1 2 N
4 40 1 1 N
4 13 2 0 N
4 20 0 2 N
40 24 2 0 N
40 14 0 2 N
40 9 1 1 N
24 8 1 1 N
24 43 2 0 N
24 16 0 2 N
8 35 0 1 N
8 10 2 0 N
8 34 1 2 N
35 31 2 1 N
35 17 1 2 N
35 2 0 0 N
31 25 2 0 N
31 2 0 2 N
31 20 1 1 N
25 33 0 1 N
25 6 1 0 N
25 24 2 2 N
33 43 2 1 N
33 13 0 2 N
33 23 1 0 N
43 36 2 2 N
43 30 0 1 N
43 17 1 0 N
36 37 1 2 N
36 41 0 0 N
36 41 2 1 N
37 14 1 1 N
37 31 2 0 N
37 21 0 2 N
14 11 2 1 N
14 13 1 0 N
14 32 0 2 N
11 39 2 0 N
11 38 0 2 N
11 23 1 1 N
39 18 0 1 N
39 13 1 0 N
39 21 2 2 N
18 30 2 0 N
18 17 0 1 N
18 9 1 2 N
30 0 0 1 N
30 25 1 0 N
30 9 2 2 N
0 29 2 2 N
0 41 0 1 N
0 33 1 0 N
29 26 0 1 N
29 22 1 0 N
29 21 2 2 N
26 13 2 2 N
26 24 1 1 N
26 33 0 0 N
13 21 2 2 N
13 30 0 1 N
13 12 1 0 N
21 27 0 0 N
21 27 2 2 N
21 12 1 1 N
27 22 0 2 N
27 22 2 1 N
27 30 1 0 N
22 17 0 0 N
22 34 1 2 N
22 41 2 1 N
17 42 2 0 N
17 37 0 1 N
17 21 1 2 N
42 28 2 2 N
42 7 0 1 N
42 41 1 0 N
28 19 1 1 N
28 30 2 2 N
28 31 0 0 N
19 23 2 2 N
19 36 0 0 N
19 2 1 1 N
23 34 1 0 N
23 42 2 1 N
23 13 0 2 N
34 2 0 2 N
34 18 2 0 N
34 41 1 1 N
2 20 0 2 N
2 37 1 1 N
2 16 2 0 N
20 44 1 0 N
20 6 2 1 N
20 13 0 2 N
44 3 2 0 N
44 15 1 2 N
44 34 0 1 N
3 7 0 0 N
3 28 1 1 N
3 30 2 2 N
7 12 0 0 N
7 19 1 2 N
7 21 2 1 N
12 10 1 0 N
12 38 0 2 N
12 12 2 1 N
10 41 2 2 N
10 12 1 1 N
10 32 0 0 N
41 9 0 2 N
41 0 2 1 N
41 9 1 0 N
9 32 0 0 N
9 20 1 1 N
9 12 2 2 N
32 6 2 2 N
32 0 0 0 N
32 39 1 1 N
6 41 0 1 N
6 30 2 0 N
6 41 1 2 N
