11 0 2 0 S
11 5 1 2 S
11 36 0 1 S
0 20 2 2 N
0 25 0 1 N
0 28 1 0 N
20 14 2 1 N
20 1 0 0 N
20 25 1 2 N
14 13 0 1 N
14 1 1 0 N
14 32 2 2 N
13 34 0 2 N
13 25 2 1 N
13 8 1 0 N
34 8 1 1 N
34 17 2 2 N
34 6 0 0 N
8 7 2 2 N
8 28 1 0 N
8 21 0 1 N
7 38 2 1 N
7 20 1 0 N
7 4 0 2 N
38 33 0 0 N
38 15 1 2 N
38 20 2 1 N
33 2 0 2 N
33 26 1 1 N
33 1 2 0 N
2 29 1 1 N
2 10 0 0 N
2 20 2 2 N
29 23 1 1 N
29 32 2 0 N
29 1 0 2 N
23 39 2 2 N
23 6 0 0 N
23 6 1 1 N
39 30 1 0 N
39 19 0 1 N
39 32 2 2 N
30 41 0 2 N
30 0 1 0 N
30 18 2 1 N
41 28 0 0 N
41 15 1 1 N
41 21 2 2 N
28 44 0 1 N
28 4 2 0 N
28 40 1 2 N
44 1 1 1 N
44 31 2 0 N
44 7 0 2 N
1 19 0 2 N
1 19 1 0 N
1 37 2 1 N
19 21 1 0 N
19 12 0 2 N
19 21 2 1 N
21 16 0 1 N
21 12 1 2 N
21 10 2 0 N
16 3 1 2 N
16 35 2 0 N
16 34 0 1 N
3 31 1 2 N
3 1 0 0 N
3 37 2 1 N
31 27 0 0 N
31 8 2 2 N
31 42 1 1 N
27 10 0 2 N
27 35 1 1 N
27 1 2 0 N
10 24 1 1 N
10 21 0 0 N
10 17 2 2 N
24 22 1 1 N
24 12 2 2 N
24 10 0 0 N
22 18 2 1 N
22 10 1 0 N
22 20 0 2 N
18 32 0 0 N
18 43 2 1 N
18 37 1 2 N
32 25 0 0 N
32 17 1 1 N
32 25 2 2 N
25 4 2 1 N
25 1 1 0 N
25 1 0 2 N
4 40 2 1 N
4 41 0 0 N
4 22 1 2 N
40 37 0 1 N
40 41 1 2 N
40 20 2 0 N
37 5 0 1 N
37 6 2 0 N
37 17 1 2 N
5 35 1 2 N
5 20 0 0 N
5 35 2 1 N
35 43 2 2 N
35 43 0 1 N
35 2 1 0 N
43 42 1 1 N
43 7 2 0 N
43 22 0 2 N
42 17 1 0 N
42 22 0 1 N
42 17 2 2 N
17 15 2 1 N
17 37 0 2 N
17 12 1 0 N
15 9 1 2 N
15 7 2 1 N
15 25 0 0 N
9 26 1 1 N
9 4 2 0 N
9 33 0 2 N
26 6 1 1 N
26 38 2 0 N
26 14 0 2 N
6 36 0 1 N
6 14 1 0 N
6 22 2 2 N
36 12 1 1 N
36 2 0 2 N
36 42 2 0 N
12 2 2 1 N
12 2 0 2 N
12 12 1 0 N
