15 44 0 2 S
44 4 1 1 N
4 2 0 0 N
2 28 2 0 N
28 6 1 1 N
6 41 2 1 N
41 26 1 0 N
26 27 1 0 N
27 23 1 2 N
23 3 2 0 N
3 25 0 2 N
25 39 0 2 N
39 36 2 2 N
36 14 0 1 N
14 24 2 2 N
24 7 0 2 N
7 30 1 1 N
30 31 2 0 N
31 12 2 1 N
12 34 0 0 N
34 8 2 0 N
8 43 1 0 N
43 35 0 2 N
35 19 2 1 N
19 33 2 2 N
33 37 1 0 N
37 17 2 1 N
17 29 0 2 N
29 20 2 2 N
20 32 1 1 N
32 1 1 2 N
1 13 2 2 N
13 11 1 2 N
11 38 2 0 N
38 10 1 2 N
10 5 2 1 N
5 21 1 1 N
21 18 0 2 N
18 9 2 1 N
9 0 2 0 N
0 42 2 0 N
42 40 2 1 N
40 16 2 0 N
16 22 2 1 N
