38 34 1 1 S
38 40 2 2 S
38 16 0 0 S
34 0 0 0 N
34 39 2 1 N
34 25 1 2 N
0 1 1 0 N
0 28 0 1 N
0 30 2 2 N
1 23 0 2 N
1 8 2 1 N
1 32 1 0 N
23 28 0 1 N
23 34 1 2 N
23 16 2 0 N
28 15 2 1 N
28 25 0 0 N
28 10 1 2 N
15 30 2 0 N
15 42 0 1 N
15 31 1 2 N
30 29 2 1 N
30 42 0 2 N
30 16 1 0 N
29 26 1 2 N
29 10 2 1 N
29 3 0 0 N
26 11 2 1 N
26 16 1 0 N
26 37 0 2 N
11 4 0 0 N
11 22 1 1 N
11 4 2 2 N
4 2 0 2 N
4 16 1 1 N
4 3 2 0 N
2 8 2 2 N
2 27 0 1 N
2 26 1 0 N
8 31 1 1 N
8 42 0 0 N
8 21 2 2 N
31 24 1 0 N
31 30 0 1 N
31 16 2 2 N
24 13 1 1 N
24 44 2 0 N
24 28 0 2 N
13 5 2 0 N
13 7 1 2 N
13 25 0 1 N
5 19 0 0 N
5 17 2 2 N
5 4 1 1 N
19 32 0 2 N
19 25 1 1 N
19 25 2 0 N
32 39 1 1 N
32 7 2 2 N
32 37 0 0 N
39 6 0 1 N
39 17 2 0 N
39 37 1 2 N
6 17 1 1 N
6 32 2 2 N
6 42 0 0 N
17 25 2 0 N
17 31 0 1 N
17 36 1 2 N
25 12 0 1 N
25 29 2 2 N
25 16 1 0 N
12 33 1 2 N
12 1 2 1 N
12 37 0 0 N
33 27 0 0 N
33 20 2 1 N
33 25 1 2 N
27 42 0 0 N
27 23 2 2 N
27 41 1 1 N
42 21 2 0 N
42 3 1 1 N
42 29 0 2 N
21 35 0 2 N
21 33 1 0 N
21 25 2 1 N
35 16 1 0 N
35 26 2 2 N
35 44 0 1 N
16 20 2 1 N
16 35 0 0 N
16 20 1 2 N
20 18 0 2 N
20 29 2 1 N
20 29 1 0 N
18 37 1 0 N
18 35 0 1 N
18 17 2 2 N
37 43 0 2 N
37 39 2 0 N
37 29 1 1 N
43 22 0 2 N
43 11 1 0 N
43 24 2 1 N
22 14 0 2 N
22 33 1 0 N
22 24 2 1 N
14 44 0 2 N
14 32 1 1 N
14 10 2 0 N
44 36 0 2 N
44 16 1 0 N
44 21 2 1 N
36 10 2 1 N
36 30 1 0 N
36 25 0 2 N
10 40 0 0 N
10 16 1 1 N
10 35 2 2 N
40 7 0 2 N
40 14 2 0 N
40 3 1 1 N
7 9 1 2 N
7 33 0 0 N
7 10 2 1 N
9 3 2 2 N
9 31 1 0 N
9 39 0 1 N
3 41 2 1 N
3 37 0 2 N
3 3 1 0 N
41 21 1 0 N
41 42 0 1 N
41 4 2 2 N
