16 38 1 2 S
38 23 0 0 N
23 42 2 1 N
42 5 0 2 N
5 43 1 2 N
43 14 2 2 N
14 12 2 1 N
12 26 0 1 N
26 41 2 2 N
41 9 2 2 N
9 25 1 1 N
25 13 2 2 N
13 6 1 0 N
6 21 2 2 N
21 32 2 0 N
32 34 2 2 N
34 4 0 0 N
4 30 0 1 N
30 44 0 1 N
44 22 2 1 N
22 3 0 2 N
3 37 2 1 N
37 31 0 0 N
31 0 1 1 N
0 19 2 1 N
19 17 0 1 N
17 33 2 0 N
33 1 0 0 N
1 27 2 1 N
27 18 1 2 N
18 10 2 1 N
10 15 1 1 N
15 8 2 0 N
8 40 0 0 N
40 39 1 1 N
39 20 1 1 N
20 11 1 1 N
11 24 2 2 N
24 35 1 0 N
35 29 0 1 N
29 28 1 1 N
28 2 0 0 N
2 7 2 2 N
7 36 2 0 N
