30 9 2 2 S
30 10 0 0 S
30 25 1 1 S
9 6 0 2 N
9 22 1 0 N
9 29 2 1 N
6 0 1 2 N
6 39 0 1 N
6 31 2 0 N
0 32 1 1 N
0 35 0 2 N
0 5 2 0 N
32 39 0 1 N
32 34 1 2 N
32 25 2 0 N
39 26 0 1 N
39 31 2 2 N
39 38 1 0 N
26 1 1 0 N
26 3 0 2 N
26 6 2 1 N
1 28 0 1 N
1 20 2 2 N
1 24 1 0 N
28 5 2 0 N
28 8 1 2 N
28 7 0 1 N
5 18 1 0 N
5 31 0 2 N
5 22 2 1 N
18 36 1 0 N
18 24 2 2 N
18 7 0 1 N
36 23 0 2 N
36 44 1 1 N
36 6 2 0 N
23 21 0 2 N
23 34 1 1 N
23 42 2 0 N
21 16 2 2 N
21 34 0 1 N
21 14 1 0 N
16 42 1 1 N
16 44 0 0 N
16 37 2 2 N
42 20 2 0 N
42 25 0 1 N
42 24 1 2 N
20 34 1 2 N
20 24 0 0 N
20 2 2 1 N
34 40 1 0 N
34 12 2 2 N
34 28 0 1 N
40 31 0 2 N
40 16 1 0 N
40 32 2 1 N
31 12 2 0 N
31 8 0 2 N
31 13 1 1 N
12 14 2 2 N
12 44 1 1 N
12 41 0 0 N
14 7 1 1 N
14 18 0 2 N
14 6 2 0 N
7 4 0 2 N
7 6 2 1 N
7 31 1 0 N
4 38 1 0 N
4 14 0 2 N
4 7 2 1 N
38 41 1 2 N
38 39 0 1 N
38 6 2 0 N
41 43 0 0 N
41 11 2 1 N
41 18 1 2 N
43 19 2 1 N
43 5 1 0 N
43 31 0 2 N
19 33 1 2 N
19 39 0 1 N
19 39 2 0 N
33 29 2 2 N
33 40 0 1 N
33 5 1 0 N
29 8 2 1 N
29 29 0 2 N
29 29 1 0 N
8 2 1 0 N
8 6 0 2 N
8 9 2 1 N
2 17 0 0 N
2 30 2 2 N
2 28 1 1 N
17 44 0 2 N
17 5 1 1 N
17 43 2 0 N
44 35 0 2 N
44 7 1 0 N
44 29 2 1 N
35 37 0 2 N
35 0 1 1 N
35 29 2 0 N
37 3 0 0 N
37 26 1 2 N
37 13 2 1 N
3 22 2 0 N
3 37 0 2 N
3 5 1 1 N
22 27 1 2 N
22 7 0 1 N
22 26 2 0 N
27 15 2 0 N
27 38 1 1 N
27 29 0 2 N
15 25 2 1 N
15 22 1 2 N
15 16 0 0 N
25 11 1 0 N
25 20 2 2 N
25 3 0 1 N
11 24 1 2 N
11 18 0 0 N
11 27 2 1 N
24 13 1 2 N
24 28 2 1 N
24 11 0 0 N
13 10 1 1 N
13 31 2 0 N
13 29 0 2 N
10 42 0 2 N
10 11 2 0 N
10 5 1 1 N
