28 21 2 1 S
28 34 1 2 S
28 14 0 0 S
21 39 2 1 N
21 41 0 0 N
21 41 1 2 N
39 41 1 2 N
39 11 2 1 N
39 8 0 0 N
41 27 1 1 N
41 9 2 2 N
41 41 0 0 N
27 19 2 1 N
27 11 1 0 N
27 8 0 2 N
19 32 1 2 N
19 8 0 1 N
19 3 2 0 N
32 43 0 1 N
32 26 2 2 N
32 13 1 0 N
43 15 0 0 N
43 9 1 2 N
43 44 2 1 N
15 18 1 0 N
15 21 0 1 N
15 5 2 2 N
18 0 2 1 N
18 23 0 0 N
18 36 1 2 N
0 38 2 1 N
0 42 0 2 N
0 7 1 0 N
38 23 0 0 N
38 17 2 1 N
38 41 1 2 N
23 36 0 1 N
23 43 2 0 N
23 41 1 2 N
36 35 2 2 N
36 7 0 0 N
36 19 1 1 N
35 2 0 2 N
35 21 1 0 N
35 13 2 1 N
2 33 2 0 N
2 43 1 1 N
2 10 0 2 N
33 34 0 2 N
33 40 1 1 N
33 9 2 0 N
34 29 1 0 N
34 3 2 2 N
34 1 0 1 N
29 11 1 0 N
29 17 2 2 N
29 17 0 1 N
11 22 1 1 N
11 39 2 0 N
11 9 0 2 N
22 31 1 0 N
22 35 2 1 N
22 1 0 2 N
31 5 2 0 N
31 11 0 1 N
31 40 1 2 N
5 37 1 1 N
5 20 0 2 N
5 4 2 0 N
37 3 0 1 N
37 23 1 2 N
37 38 2 0 N
3 30 1 0 N
3 44 0 2 N
3 27 2 1 N
30 13 0 0 N
30 24 1 1 N
30 10 2 2 N
13 25 0 1 N
13 29 2 2 N
13 1 1 0 N
25 20 0 0 N
25 13 1 1 N
25 38 2 2 N
20 24 0 0 N
20 11 1 2 N
20 8 2 1 N
24 17 2 0 N
24 20 0 2 N
24 3 1 1 N
17 6 2 2 N
17 6 1 0 N
17 16 0 1 N
6 16 2 2 N
6 39 1 1 N
6 41 0 0 N
16 44 1 1 N
16 32 2 0 N
16 8 0 2 N
44 26 0 0 N
44 1 2 2 N
44 40 1 1 N
26 42 0 1 N
26 22 2 2 N
26 41 1 0 N
42 8 2 1 N
42 44 0 2 N
42 7 1 0 N
8 1 1 0 N
8 40 0 2 N
8 40 2 1 N
1 40 2 1 N
1 21 1 0 N
1 8 0 2 N
40 14 0 0 N
40 31 2 1 N
40 21 1 2 N
14 9 0 2 N
14 34 2 1 N
14 8 1 0 N
9 7 0 2 N
9 11 2 1 N
9 40 1 0 N
7 12 2 0 N
7 17 0 2 N
7 19 1 1 N
12 4 1 0 N
12 40 2 1 N
12 9 0 2 N
4 10 0 2 N
4 44 1 1 N
4 11 2 0 N
10 17 0 0 N
10 38 2 1 N
10 7 1 2 N
