20 42 0 0 S
20 18 1 1 S
20 19 2 2 S
42 1 1 1 N
42 34 2 0 N
42 34 0 2 N
1 16 0 0 N
1 0 1 1 N
1 11 2 2 N
16 7 1 1 N
16 21 0 2 N
16 29 2 0 N
7 43 2 2 N
7 37 1 0 N
7 44 0 1 N
43 2 2 0 N
43 28 0 1 N
43 32 1 2 N
2 4 2 2 N
2 34 1 0 N
2 44 0 1 N
4 21 2 2 N
4 21 0 1 N
4 26 1 0 N
21 17 0 0 N
21 23 1 2 N
21 42 2 1 N
17 11 0 1 N
17 35 2 2 N
17 43 1 0 N
11 12 0 1 N
11 44 2 0 N
11 34 1 2 N
12 44 0 2 N
12 15 1 1 N
12 14 2 0 N
44 33 0 2 N
44 0 1 0 N
44 31 2 1 N
33 25 1 0 N
33 17 2 2 N
33 42 0 1 N
25 37 1 0 N
25 7 0 1 N
25 7 2 2 N
37 36 1 0 N
37 2 2 1 N
37 19 0 2 N
36 27 2 2 N
36 19 1 1 N
36 32 0 0 N
27 18 1 1 N
27 24 0 2 N
27 26 2 0 N
18 8 0 1 N
18 9 1 0 N
18 25 2 2 N
8 13 1 0 N
8 13 2 1 N
8 44 0 2 N
13 26 1 1 N
13 16 0 2 N
13 44 2 0 N
26 15 2 1 N
26 32 0 0 N
26 10 1 2 N
15 0 0 0 N
15 12 2 2 N
15 22 1 1 N
0 3 1 2 N
0 38 0 1 N
0 27 2 0 N
3 31 0 0 N
3 26 1 2 N
3 11 2 1 N
31 5 2 1 N
31 29 1 2 N
31 31 0 0 N
5 41 0 1 N
5 43 1 2 N
5 3 2 0 N
41 40 2 2 N
41 3 0 1 N
41 33 1 0 N
40 29 2 2 N
40 27 0 1 N
40 19 1 0 N
29 22 0 2 N
29 13 1 1 N
29 31 2 0 N
22 19 2 1 N
22 21 0 2 N
22 26 1 0 N
19 24 0 0 N
19 29 2 1 N
19 7 1 2 N
24 39 2 0 N
24 19 1 1 N
24 6 0 2 N
39 30 1 1 N
39 8 2 2 N
39 31 0 0 N
30 6 0 0 N
30 33 2 1 N
30 22 1 2 N
6 32 2 2 N
6 35 0 0 N
6 2 1 1 N
32 35 0 0 N
32 10 1 2 N
32 11 2 1 N
35 34 1 2 N
35 33 2 1 N
35 27 0 0 N
34 10 0 0 N
34 31 2 2 N
34 10 1 1 N
10 28 1 1 N
10 39 0 0 N
10 31 2 2 N
28 38 1 2 N
28 36 2 0 N
28 32 0 1 N
38 23 0 1 N
38 3 2 0 N
38 11 1 2 N
23 14 0 2 N
23 25 1 1 N
23 29 2 0 N
14 9 1 2 N
14 23 2 0 N
14 39 0 1 N
9 5 2 1 N
9 21 0 0 N
9 6 1 2 N
