38 9 1 2 S
38 17 2 0 S
38 43 0 1 S
9 10 0 2 N
9 24 1 1 N
9 15 2 0 N
10 32 1 1 N
10 42 0 0 N
10 3 2 2 N
32 26 1 2 N
32 15 0 1 N
32 11 2 0 N
26 0 2 2 N
26 3 0 1 N
26 40 1 0 N
0 2 0 2 N
0 15 1 1 N
0 18 2 0 N
2 15 2 0 N
2 38 1 2 N
2 37 0 1 N
15 17 0 0 N
15 11 1 1 N
15 11 2 2 N
17 42 0 1 N
17 34 2 2 N
17 12 1 0 N
42 13 1 0 N
42 6 2 1 N
42 16 0 2 N
13 33 2 0 N
13 18 1 2 N
13 38 0 1 N
33 29 2 0 N
33 22 1 2 N
33 27 0 1 N
29 39 1 1 N
29 14 0 2 N
29 16 2 0 N
39 44 2 2 N
39 13 0 1 N
39 13 1 0 N
44 25 0 1 N
44 27 1 2 N
44 13 2 0 N
25 16 1 0 N
25 32 2 1 N
25 14 0 2 N
16 6 2 2 N
16 36 1 1 N
16 11 0 0 N
6 21 2 1 N
6 36 0 0 N
6 40 1 2 N
21 14 0 0 N
21 11 1 1 N
21 7 2 2 N
14 37 1 1 N
14 12 2 2 N
14 22 0 0 N
37 23 2 2 N
37 7 0 1 N
37 23 1 0 N
23 18 1 0 N
23 11 2 1 N
23 15 0 2 N
18 35 2 0 N
18 12 1 2 N
18 3 0 1 N
35 27 0 1 N
35 33 2 2 N
35 38 1 0 N
27 1 2 0 N
27 40 0 2 N
27 11 1 1 N
1 20 1 1 N
1 35 2 0 N
1 40 0 2 N
20 4 2 1 N
20 24 0 0 N
20 30 1 2 N
4 7 0 1 N
4 23 1 0 N
4 26 2 2 N
7 30 1 0 N
7 9 2 2 N
7 26 0 1 N
30 36 1 0 N
30 8 0 2 N
30 43 2 1 N
36 34 0 0 N
36 32 1 1 N
36 43 2 2 N
34 43 1 2 N
34 36 2 0 N
34 11 0 1 N
43 31 0 2 N
43 14 2 1 N
43 12 1 0 N
31 3 2 2 N
31 3 1 0 N
31 11 0 1 N
3 24 0 2 N
3 8 2 0 N
3 31 1 1 N
24 12 0 2 N
24 19 2 1 N
24 26 1 0 N
12 28 2 2 N
12 43 0 1 N
12 15 1 0 N
28 19 1 2 N
28 40 2 1 N
28 38 0 0 N
19 5 0 1 N
19 13 1 0 N
19 31 2 2 N
5 41 0 2 N
5 36 2 0 N
5 13 1 1 N
41 22 0 0 N
41 33 1 2 N
41 33 2 1 N
22 8 2 1 N
22 40 1 2 N
22 9 0 0 N
8 11 0 1 N
8 7 1 0 N
8 32 2 2 N
11 40 1 0 N
11 32 2 2 N
11 11 0 1 N
40 34 0 2 N
40 15 2 0 N
40 8 1 1 N
