22 1 0 0 S
1 4 1 2 N
4 31 1 0 N
31 15 1 1 N
15 37 1 0 N
37 26 0 1 N
26 18 0 1 N
18 30 1 1 N
30 19 1 2 N
19 20 1 0 N
20 5 0 1 N
5 17 1 2 N
17 23 0 0 N
23 25 1 1 N
25 2 0 0 N
2 43 0 0 N
43 36 0 1 N
36 16 0 2 N
16 12 2 0 N
12 34 1 1 N
34 11 0 2 N
11 29 0 0 N
29 44 1 1 N
44 7 1 0 N
7 21 2 2 N
21 42 1 2 N
42 0 1 1 N
0 24 1 2 N
24 14 2 1 N
14 33 1 0 N
33 6 1 2 N
6 13 1 2 N
13 10 2 1 N
10 40 1 0 N
40 9 2 1 N
9 27 1 2 N
27 32 1 1 N
32 39 1 1 N
39 8 1 1 N
8 28 0 1 N
28 35 0 0 N
35 41 1 0 N
41 38 0 2 N
38 3 0 2 N
