29 32 1 2 S
29 26 2 1 S
29 0 0 0 S
32 6 1 0 N
32 1 0 2 N
32 27 2 1 N
6 27 0 1 N
6 0 2 2 N
6 2 1 0 N
27 9 2 2 N
27 15 1 0 N
27 35 0 1 N
9 5 1 2 N
9 27 2 0 N
9 7 0 1 N
5 28 1 0 N
5 0 2 1 N
5 18 0 2 N
28 0 2 0 N
28 34 0 1 N
28 27 1 2 N
0 13 2 2 N
0 44 1 0 N
0 36 0 1 N
13 22 1 0 N
13 5 2 1 N
13 28 0 2 N
22 19 2 1 N
22 44 0 0 N
22 30 1 2 N
19 30 1 0 N
19 30 0 2 N
19 37 2 1 N
30 33 0 2 N
30 41 1 1 N
30 12 2 0 N
33 23 1 2 N
33 32 2 0 N
33 43 0 1 N
23 24 1 1 N
23 5 2 0 N
23 21 0 2 N
24 18 1 0 N
24 21 2 2 N
24 36 0 1 N
18 35 1 2 N
18 38 2 0 N
18 27 0 1 N
35 26 2 2 N
35 17 1 1 N
35 1 0 0 N
26 8 0 0 N
26 31 1 2 N
26 35 2 1 N
8 7 2 2 N
8 12 1 0 N
8 35 0 1 N
7 43 1 1 N
7 40 0 2 N
7 1 2 0 N
43 25 2 2 N
43 34 1 0 N
43 2 0 1 N
25 16 2 0 N
25 38 1 1 N
25 31 0 2 N
16 4 1 0 N
16 1 0 2 N
16 40 2 1 N
4 15 0 0 N
4 26 2 2 N
4 19 1 1 N
15 3 0 2 N
15 13 1 0 N
15 1 2 1 N
3 10 1 0 N
3 18 0 2 N
3 14 2 1 N
10 2 1 1 N
10 17 2 0 N
10 3 0 2 N
2 39 0 1 N
2 28 2 2 N
2 36 1 0 N
39 17 1 2 N
39 15 2 1 N
39 0 0 0 N
17 12 0 1 N
17 42 1 2 N
17 1 2 0 N
12 21 0 0 N
12 7 2 1 N
12 8 1 2 N
21 38 0 1 N
21 1 1 0 N
21 7 2 2 N
38 14 1 2 N
38 31 0 1 N
38 27 2 0 N
14 44 0 0 N
14 15 1 1 N
14 1 2 2 N
44 20 0 0 N
44 30 1 2 N
44 21 2 1 N
20 41 2 1 N
20 0 0 0 N
20 17 1 2 N
41 36 2 1 N
41 20 1 2 N
41 12 0 0 N
36 34 0 2 N
36 1 2 1 N
36 1 1 0 N
34 37 0 1 N
34 35 2 2 N
34 0 1 0 N
37 40 2 2 N
37 38 0 0 N
37 31 1 1 N
40 11 2 0 N
40 24 0 1 N
40 12 1 2 N
11 31 2 1 N
11 23 1 0 N
11 40 0 2 N
31 42 2 1 N
31 35 0 0 N
31 29 1 2 N
42 1 2 1 N
42 43 1 2 N
42 24 0 0 N
1 21 1 1 N
1 36 2 2 N
1 1 0 0 N
