33 22 2 0 S
33 34 1 1 S
33 31 0 2 S
22 5 0 2 N
22 37 2 0 N
22 22 1 1 N
5 32 1 0 N
5 7 0 1 N
5 25 2 2 N
32 2 0 1 N
32 35 2 2 N
32 6 1 0 N
2 40 0 0 N
2 20 1 2 N
2 0 2 1 N
40 26 0 0 N
40 36 2 1 N
40 6 1 2 N
26 0 0 2 N
26 0 2 1 N
26 25 1 0 N
0 13 2 0 N
0 22 0 2 N
0 18 1 1 N
13 27 0 1 N
13 32 1 0 N
13 2 2 2 N
27 36 0 2 N
27 12 1 1 N
27 31 2 0 N
36 14 1 2 N
36 21 0 1 N
36 18 2 0 N
14 17 2 0 N
14 41 1 1 N
14 36 0 2 N
17 19 1 1 N
17 6 2 0 N
17 41 0 2 N
19 8 1 1 N
19 24 2 0 N
19 21 0 2 N
8 38 2 1 N
8 17 0 2 N
8 1 1 0 N
38 30 2 0 N
38 2 1 1 N
38 3 0 2 N
30 1 2 2 N
30 34 0 1 N
30 6 1 0 N
1 37 0 0 N
1 31 2 2 N
1 20 1 1 N
37 15 0 2 N
37 23 1 0 N
37 44 2 1 N
15 11 2 1 N
15 12 0 2 N
15 41 1 0 N
11 29 2 1 N
11 21 0 2 N
11 4 1 0 N
29 24 0 2 N
29 44 1 1 N
29 31 2 0 N
24 16 1 1 N
24 13 0 2 N
24 41 2 0 N
16 7 1 1 N
16 31 0 2 N
16 18 2 0 N
7 42 0 1 N
7 37 2 0 N
7 41 1 2 N
42 20 1 1 N
42 41 2 0 N
42 22 0 2 N
20 39 1 2 N
20 18 0 0 N
20 41 2 1 N
39 21 2 2 N
39 24 1 0 N
39 2 0 1 N
21 28 2 1 N
21 41 1 2 N
21 41 0 0 N
28 43 2 2 N
28 16 0 1 N
28 40 1 0 N
43 10 0 2 N
43 36 2 0 N
43 33 1 1 N
10 23 2 1 N
10 21 1 0 N
10 20 0 2 N
23 9 0 1 N
23 7 1 2 N
23 1 2 0 N
9 4 0 0 N
9 12 2 1 N
9 35 1 2 N
4 18 1 0 N
4 10 2 2 N
4 36 0 1 N
18 12 0 0 N
18 21 2 1 N
18 22 1 2 N
12 34 2 0 N
12 42 1 2 N
12 26 0 1 N
34 35 0 0 N
34 3 2 1 N
34 2 1 2 N
35 25 2 0 N
35 40 0 1 N
35 8 1 2 N
25 3 0 1 N
25 36 2 2 N
25 36 1 0 N
3 41 0 1 N
3 20 1 2 N
3 11 2 0 N
41 31 2 0 N
41 7 0 1 N
41 18 1 2 N
31 44 1 1 N
31 2 2 0 N
31 8 0 2 N
44 6 2 0 N
44 20 0 2 N
44 6 1 1 N
6 43 1 0 N
6 8 2 1 N
6 18 0 2 N
