41 31 0 0 S
41 5 2 2 S
41 24 1 1 S
31 2 1 1 N
31 16 0 0 N
31 18 2 2 N
2 18 1 0 N
2 31 0 1 N
2 21 2 2 N
18 12 0 0 N
18 20 1 1 N
18 18 2 2 N
12 7 1 0 N
12 14 2 1 N
12 1 0 2 N
7 30 1 0 N
7 1 2 2 N
7 33 0 1 N
30 43 2 2 N
30 32 1 0 N
30 22 0 1 N
43 25 2 0 N
43 19 1 2 N
43 29 0 1 N
25 27 2 0 N
25 24 0 2 N
25 41 1 1 N
27 22 0 0 N
27 36 2 2 N
27 18 1 1 N
22 9 2 2 N
22 38 0 1 N
22 9 1 0 N
9 4 1 0 N
9 3 0 1 N
9 0 2 2 N
4 15 1 2 N
4 44 0 1 N
4 5 2 0 N
15 35 0 0 N
15 16 2 2 N
15 19 1 1 N
35 1 0 1 N
35 16 2 0 N
35 38 1 2 N
1 23 1 0 N
1 31 0 1 N
1 20 2 2 N
23 11 1 0 N
23 35 2 1 N
23 19 0 2 N
11 13 1 2 N
11 31 2 0 N
11 3 0 1 N
13 33 2 0 N
13 14 1 2 N
13 2 0 1 N
33 29 1 0 N
33 39 2 2 N
33 44 0 1 N
29 8 0 2 N
29 40 2 1 N
29 39 1 0 N
8 37 1 0 N
8 16 0 1 N
8 27 2 2 N
37 32 0 0 N
37 2 1 1 N
37 34 2 2 N
32 40 2 1 N
32 15 1 2 N
32 27 0 0 N
40 38 0 0 N
40 8 1 2 N
40 31 2 1 N
38 19 1 0 N
38 16 0 2 N
38 20 2 1 N
19 16 2 1 N
19 3 0 0 N
19 14 1 2 N
16 26 0 0 N
16 17 1 2 N
16 27 2 1 N
26 17 2 2 N
26 29 0 0 N
26 35 1 1 N
17 14 1 2 N
17 15 0 1 N
17 9 2 0 N
14 20 0 1 N
14 3 1 2 N
14 21 2 0 N
20 24 2 1 N
20 2 0 0 N
20 18 1 2 N
24 5 1 2 N
24 28 2 0 N
24 21 0 1 N
5 21 1 2 N
5 16 2 1 N
5 14 0 0 N
21 39 1 0 N
21 2 0 2 N
21 27 2 1 N
39 0 0 0 N
39 27 2 1 N
39 3 1 2 N
0 3 0 0 N
0 36 1 1 N
0 35 2 2 N
3 10 2 0 N
3 28 0 1 N
3 31 1 2 N
10 42 2 1 N
10 4 0 0 N
10 43 1 2 N
42 36 2 1 N
42 29 0 2 N
42 34 1 0 N
36 34 2 2 N
36 40 1 0 N
36 14 0 1 N
34 6 1 0 N
34 8 0 2 N
34 29 2 1 N
6 44 2 0 N
6 19 0 1 N
6 19 1 2 N
44 28 2 2 N
44 12 1 1 N
44 18 0 0 N
28 39 2 1 N
28 15 0 0 N
28 44 1 2 N
