22 41 2 1 S
41 14 1 2 N
14 18 0 2 N
18 3 2 1 N
3 5 2 2 N
5 9 0 0 N
9 34 1 2 N
34 32 1 2 N
32 10 0 2 N
10 2 2 0 N
2 25 1 1 N
25 6 2 0 N
6 39 2 1 N
39 15 2 1 N
15 17 0 1 N
17 13 2 0 N
13 36 1 0 N
36 40 2 1 N
40 33 0 1 N
33 12 0 1 N
12 27 0 1 N
27 44 2 0 N
44 29 2 1 N
29 0 2 0 N
0 30 2 2 N
30 42 2 1 N
42 4 2 1 N
4 19 1 0 N
19 11 2 0 N
11 23 0 0 N
23 7 1 2 N
7 20 0 2 N
20 8 2 1 N
8 24 0 0 N
24 31 0 1 N
31 35 1 2 N
35 16 1 2 N
16 26 0 1 N
26 43 0 0 N
43 37 2 1 N
37 21 0 0 N
21 38 2 0 N
38 28 1 0 N
28 1 2 2 N
