26 5 1 2 S
5 40 2 2 N
40 44 0 2 N
44 33 0 0 N
33 28 2 0 N
28 21 0 0 N
21 9 1 1 N
9 16 1 0 N
16 20 2 2 N
20 42 2 2 N
42 23 2 0 N
23 41 0 1 N
41 12 1 0 N
12 38 2 1 N
38 13 1 0 N
13 4 0 1 N
4 3 0 0 N
3 36 1 2 N
36 10 0 2 N
10 11 0 1 N
11 18 0 0 N
18 30 0 1 N
30 31 0 0 N
31 8 2 1 N
8 29 0 2 N
29 22 0 1 N
22 43 2 1 N
43 17 2 2 N
17 19 2 2 N
19 25 0 0 N
25 2 0 2 N
2 37 0 2 N
37 27 0 1 N
27 39 2 2 N
39 35 1 1 N
35 15 0 2 N
15 24 2 0 N
24 32 0 1 N
32 6 0 0 N
6 7 2 0 N
7 34 0 0 N
34 0 1 0 N
0 1 1 1 N
1 14 1 0 N
