2 9 2 2 S
2 5 0 0 S
2 5 1 1 S
9 4 1 2 N
9 10 0 0 N
9 11 2 1 N
4 16 0 2 N
4 15 2 1 N
4 15 1 0 N
16 5 1 1 N
16 4 0 0 N
16 13 2 2 N
5 17 1 0 N
5 10 0 1 N
5 17 2 2 N
17 8 1 1 N
17 1 0 2 N
17 18 2 0 N
8 18 0 0 N
8 7 2 2 N
8 17 1 1 N
18 10 1 2 N
18 6 2 1 N
18 18 0 0 N
10 6 2 1 N
10 6 0 0 N
10 11 1 2 N
6 3 0 1 N
6 17 1 2 N
6 18 2 0 N
3 7 2 2 N
3 16 1 0 N
3 12 0 1 N
7 11 0 1 N
7 10 2 2 N
7 18 1 0 N
11 1 0 2 N
11 17 2 0 N
11 18 1 1 N
1 14 1 0 N
1 5 0 1 N
1 12 2 2 N
14 13 2 2 N
14 18 0 1 N
14 17 1 0 N
13 12 1 0 N
13 9 0 2 N
13 5 2 1 N
12 15 0 1 N
12 6 1 0 N
12 6 2 2 N
15 0 0 2 N
15 13 2 0 N
15 1 1 1 N
0 6 0 1 N
0 4 2 2 N
0 9 1 0 N
