1 10 2 0 S
1 15 0 1 S
1 12 1 2 S
10 11 2 0 N
10 15 0 2 N
10 10 1 1 N
11 3 2 1 N
11 5 1 2 N
11 2 0 0 N
3 17 1 2 N
3 0 2 0 N
3 2 0 1 N
17 6 1 1 N
17 16 2 2 N
17 10 0 0 N
6 9 1 2 N
6 1 0 1 N
6 13 2 0 N
9 18 0 1 N
9 11 2 2 N
9 7 1 0 N
18 15 1 2 N
18 14 2 1 N
18 5 0 0 N
15 14 0 2 N
15 2 1 1 N
15 7 2 0 N
14 16 0 1 N
14 7 2 0 N
14 0 1 2 N
16 8 1 1 N
16 11 0 2 N
16 12 2 0 N
8 4 0 2 N
8 16 2 0 N
8 10 1 1 N
4 13 1 2 N
4 2 0 0 N
4 10 2 1 N
13 2 2 0 N
13 14 1 1 N
13 1 0 2 N
2 0 0 2 N
2 12 1 0 N
2 1 2 1 N
0 7 1 0 N
0 14 2 2 N
0 5 0 1 N
7 5 0 1 N
7 13 2 2 N
7 4 1 0 N
5 12 2 2 N
5 17 0 1 N
5 3 1 0 N
12 3 0 2 N
12 7 1 0 N
12 10 2 1 N
