17 3 2 1 S
17 3 0 2 S
17 7 1 0 S
3 15 1 0 N
3 13 0 1 N
3 6 2 2 N
15 2 0 2 N
15 16 2 0 N
15 13 1 1 N
2 7 0 2 N
2 18 2 0 N
2 18 1 1 N
7 10 0 1 N
7 17 1 2 N
7 13 2 0 N
10 1 2 2 N
10 15 0 0 N
10 0 1 1 N
1 16 1 2 N
1 9 0 1 N
1 8 2 0 N
16 4 0 1 N
16 3 2 0 N
16 17 1 2 N
4 5 2 1 N
4 7 1 2 N
4 6 0 0 N
5 12 0 0 N
5 16 1 2 N
5 15 2 1 N
12 9 1 1 N
12 6 2 2 N
12 18 0 0 N
9 14 1 2 N
9 14 2 1 N
9 10 0 0 N
14 8 1 0 N
14 11 0 1 N
14 12 2 2 N
8 18 0 1 N
8 16 1 2 N
8 6 2 0 N
18 6 0 1 N
18 6 1 0 N
18 4 2 2 N
6 11 1 0 N
6 13 2 1 N
6 13 0 2 N
11 13 1 1 N
11 15 0 2 N
11 3 2 0 N
13 0 1 2 N
13 0 0 1 N
13 13 2 0 N
0 6 2 0 N
0 13 0 2 N
0 18 1 1 N
