18 17 1 1 S
18 9 2 2 S
18 14 0 0 S
17 5 0 0 N
17 0 2 2 N
17 11 1 1 N
5 14 2 0 N
5 17 1 1 N
5 16 0 2 N
14 4 2 0 N
14 12 0 1 N
14 3 1 2 N
4 8 2 1 N
4 9 0 2 N
4 2 1 0 N
8 1 1 1 N
8 18 2 0 N
8 11 0 2 N
1 15 2 2 N
1 12 0 1 N
1 17 1 0 N
15 6 2 1 N
15 7 1 0 N
15 1 0 2 N
6 16 2 0 N
6 15 0 1 N
6 9 1 2 N
16 12 1 0 N
16 9 0 1 N
16 16 2 2 N
12 7 2 2 N
12 4 0 1 N
12 13 1 0 N
7 0 1 0 N
7 17 0 2 N
7 9 2 1 N
0 10 0 0 N
0 5 2 2 N
0 8 1 1 N
10 2 1 0 N
10 3 2 1 N
10 11 0 2 N
2 11 0 2 N
2 9 1 1 N
2 16 2 0 N
11 13 1 1 N
11 10 0 2 N
11 16 2 0 N
13 9 0 2 N
13 10 2 1 N
13 7 1 0 N
9 3 0 1 N
9 16 2 0 N
9 16 1 2 N
3 5 0 0 N
3 17 1 1 N
3 8 2 2 N
