8 13 0 2 S
8 16 2 0 S
8 13 1 1 S
13 15 1 1 N
13 5 2 2 N
13 16 0 0 N
15 1 0 2 N
15 13 1 1 N
15 16 2 0 N
1 0 1 2 N
1 18 0 1 N
1 13 2 0 N
0 3 1 1 N
0 8 0 2 N
0 12 2 0 N
3 2 2 2 N
3 15 0 1 N
3 10 1 0 N
2 7 0 2 N
2 10 1 1 N
2 13 2 0 N
7 17 2 1 N
7 18 1 2 N
7 10 0 0 N
17 14 1 1 N
17 13 0 2 N
17 2 2 0 N
14 5 0 0 N
14 5 2 2 N
14 6 1 1 N
5 6 1 0 N
5 9 2 2 N
5 8 0 1 N
6 4 1 1 N
6 3 2 2 N
6 1 0 0 N
4 9 1 2 N
4 0 0 1 N
4 1 2 0 N
9 11 0 2 N
9 1 2 0 N
9 12 1 1 N
11 16 1 2 N
11 4 0 0 N
11 18 2 1 N
16 12 2 0 N
16 18 1 2 N
16 16 0 1 N
12 18 0 0 N
12 18 1 1 N
12 5 2 2 N
18 10 0 2 N
18 13 2 0 N
18 16 1 1 N
10 15 0 1 N
10 2 1 0 N
10 8 2 2 N
