10 9 1 0 S
10 7 2 2 S
10 6 0 1 S
9 4 1 0 N
9 15 0 1 N
9 12 2 2 N
4 18 1 2 N
4 10 0 1 N
4 0 2 0 N
18 2 0 1 N
18 11 2 0 N
18 9 1 2 N
2 6 1 1 N
2 10 2 0 N
2 10 0 2 N
6 0 0 2 N
6 13 1 0 N
6 12 2 1 N
0 5 2 1 N
0 1 0 0 N
0 6 1 2 N
5 17 1 1 N
5 12 0 0 N
5 7 2 2 N
17 13 0 1 N
17 0 2 2 N
17 9 1 0 N
13 3 1 2 N
13 17 2 1 N
13 0 0 0 N
3 8 0 2 N
3 7 2 0 N
3 15 1 1 N
8 12 1 0 N
8 3 0 2 N
8 5 2 1 N
12 14 2 0 N
12 12 1 1 N
12 12 0 2 N
14 15 1 0 N
14 7 0 1 N
14 12 2 2 N
15 1 2 2 N
15 5 0 0 N
15 7 1 1 N
1 7 1 0 N
1 10 2 2 N
1 6 0 1 N
7 16 0 2 N
7 15 1 1 N
7 9 2 0 N
16 11 1 1 N
16 8 2 2 N
16 7 0 0 N
11 8 2 1 N
11 12 1 2 N
11 7 0 0 N
