0 1 2 0 S
0 3 0 2 S
0 9 1 1 S
1 5 1 2 N
1 1 2 1 N
1 1 0 0 N
5 16 1 2 N
5 1 2 0 N
5 9 0 1 N
16 18 2 0 N
16 17 1 1 N
16 2 0 2 N
18 15 1 2 N
18 8 2 0 N
18 12 0 1 N
15 2 0 1 N
15 17 2 2 N
15 6 1 0 N
2 3 2 2 N
2 17 0 1 N
2 13 1 0 N
3 17 2 1 N
3 16 0 0 N
3 15 1 2 N
17 7 2 0 N
17 15 1 1 N
17 1 0 2 N
7 6 1 1 N
7 2 0 2 N
7 15 2 0 N
6 10 0 2 N
6 1 1 0 N
6 1 2 1 N
10 4 0 0 N
10 4 2 2 N
10 6 1 1 N
4 12 0 0 N
4 3 2 1 N
4 15 1 2 N
12 11 2 2 N
12 6 1 0 N
12 1 0 1 N
11 9 0 0 N
11 2 2 2 N
11 3 1 1 N
9 8 1 0 N
9 13 2 2 N
9 1 0 1 N
8 13 1 1 N
8 0 0 2 N
8 9 2 0 N
13 14 1 2 N
13 10 2 1 N
13 10 0 0 N
14 18 0 0 N
14 11 1 2 N
14 0 2 1 N
