11 2 1 1 S
11 2 2 0 S
11 7 0 2 S
2 3 1 2 N
2 17 2 0 N
2 18 0 1 N
3 5 0 0 N
3 5 1 2 N
3 7 2 1 N
5 17 2 0 N
5 1 0 1 N
5 17 1 2 N
17 14 0 2 N
17 18 2 1 N
17 4 1 0 N
14 10 0 2 N
14 13 1 0 N
14 13 2 1 N
10 18 0 1 N
10 7 2 2 N
10 16 1 0 N
18 4 0 0 N
18 0 2 2 N
18 4 1 1 N
4 13 0 0 N
4 9 1 2 N
4 4 2 1 N
13 15 0 2 N
13 15 2 1 N
13 18 1 0 N
15 6 0 2 N
15 0 2 1 N
15 18 1 0 N
6 0 1 0 N
6 13 2 1 N
6 2 0 2 N
0 16 0 0 N
0 9 2 2 N
0 9 1 1 N
16 12 1 2 N
16 5 0 1 N
16 15 2 0 N
12 8 0 2 N
12 5 2 1 N
12 13 1 0 N
8 1 0 0 N
8 3 2 1 N
8 9 1 2 N
1 9 1 1 N
1 9 2 2 N
1 11 0 0 N
9 7 0 0 N
9 4 2 1 N
9 4 1 2 N
7 16 2 1 N
7 6 0 0 N
7 15 1 2 N
