3 7 2 1 S
3 6 1 0 S
3 3 0 2 S
7 14 1 2 N
7 0 0 1 N
7 2 2 0 N
14 15 2 0 N
14 6 0 2 N
14 13 1 1 N
15 17 2 0 N
15 4 0 1 N
15 10 1 2 N
17 1 0 1 N
17 13 1 0 N
17 16 2 2 N
1 8 0 1 N
1 13 2 0 N
1 3 1 2 N
8 4 2 2 N
8 18 0 0 N
8 11 1 1 N
4 10 1 2 N
4 13 0 0 N
4 14 2 1 N
10 2 1 2 N
10 2 2 0 N
10 3 0 1 N
2 5 0 1 N
2 4 1 0 N
2 15 2 2 N
5 9 2 2 N
5 16 0 0 N
5 14 1 1 N
9 6 1 2 N
9 18 0 1 N
9 15 2 0 N
6 16 2 0 N
6 12 1 1 N
6 3 0 2 N
16 18 2 2 N
16 6 1 1 N
16 15 0 0 N
18 11 2 0 N
18 4 0 2 N
18 6 1 1 N
11 0 0 2 N
11 15 2 1 N
11 2 1 0 N
0 12 1 1 N
0 5 0 0 N
0 9 2 2 N
12 13 1 0 N
12 13 2 1 N
12 14 0 2 N
13 18 1 1 N
13 7 0 2 N
13 3 2 0 N
