16 12 0 2 S
16 18 1 0 S
16 7 2 1 S
12 2 2 1 N
12 14 1 2 N
12 2 0 0 N
2 5 2 1 N
2 11 1 0 N
2 7 0 2 N
5 9 2 2 N
5 10 0 1 N
5 11 1 0 N
9 15 2 1 N
9 14 0 2 N
9 2 1 0 N
15 6 1 2 N
15 4 2 1 N
15 12 0 0 N
6 11 1 0 N
6 5 0 2 N
6 9 2 1 N
11 0 0 1 N
11 7 1 0 N
11 2 2 2 N
0 1 0 2 N
0 14 2 0 N
0 2 1 1 N
1 4 0 2 N
1 11 2 0 N
1 18 1 1 N
4 14 0 1 N
4 1 1 0 N
4 11 2 2 N
14 13 0 0 N
14 2 2 2 N
14 7 1 1 N
13 3 2 0 N
13 16 0 2 N
13 1 1 1 N
3 17 2 0 N
3 9 0 2 N
3 18 1 1 N
17 10 0 0 N
17 7 2 1 N
17 7 1 2 N
10 8 0 2 N
10 11 2 0 N
10 7 1 1 N
8 7 2 2 N
8 17 1 0 N
8 18 0 1 N
7 18 0 1 N
7 5 1 0 N
7 7 2 2 N
18 11 2 0 N
18 11 0 2 N
18 2 1 1 N
