13 4 2 1 S
13 11 1 2 S
13 14 0 0 S
4 14 2 2 N
4 17 0 0 N
4 11 1 1 N
14 15 2 0 N
14 0 1 1 N
14 14 0 2 N
15 6 2 0 N
15 6 0 1 N
15 4 1 2 N
6 7 0 2 N
6 7 1 1 N
6 17 2 0 N
7 10 1 2 N
7 10 2 0 N
7 12 0 1 N
10 2 2 2 N
10 4 0 1 N
10 18 1 0 N
2 0 2 0 N
2 11 1 1 N
2 16 0 2 N
0 12 2 1 N
0 14 0 2 N
0 14 1 0 N
12 5 0 1 N
12 16 2 0 N
12 0 1 2 N
5 3 0 0 N
5 11 1 1 N
5 14 2 2 N
3 16 1 2 N
3 12 2 1 N
3 14 0 0 N
16 9 1 1 N
16 3 0 2 N
16 0 2 0 N
9 18 1 1 N
9 7 0 0 N
9 0 2 2 N
18 11 2 0 N
18 5 1 2 N
18 17 0 1 N
11 8 1 1 N
11 18 2 0 N
11 0 0 2 N
8 1 1 1 N
8 0 0 2 N
8 1 2 0 N
1 17 1 2 N
1 15 0 0 N
1 18 2 1 N
17 2 0 0 N
17 3 1 2 N
17 0 2 1 N
