11 8 1 1 S
11 15 0 2 S
11 6 2 0 S
8 18 1 1 N
8 6 2 0 N
8 11 0 2 N
18 16 2 1 N
18 18 0 0 N
18 18 1 2 N
16 1 2 1 N
16 14 0 2 N
16 10 1 0 N
1 2 0 0 N
1 3 1 2 N
1 11 2 1 N
2 12 0 0 N
2 16 2 1 N
2 6 1 2 N
12 0 0 0 N
12 5 1 2 N
12 8 2 1 N
0 14 0 2 N
0 5 1 0 N
0 5 2 1 N
14 5 1 1 N
14 9 0 0 N
14 11 2 2 N
5 15 2 1 N
5 14 0 2 N
5 8 1 0 N
15 9 2 0 N
15 14 0 2 N
15 4 1 1 N
9 10 0 0 N
9 4 2 1 N
9 2 1 2 N
10 3 2 1 N
10 4 0 2 N
10 4 1 0 N
3 13 0 2 N
3 10 2 1 N
3 4 1 0 N
13 7 0 1 N
13 12 2 2 N
13 18 1 0 N
7 4 1 2 N
7 17 2 1 N
7 6 0 0 N
4 17 0 1 N
4 18 2 0 N
4 8 1 2 N
17 6 2 0 N
17 6 0 2 N
17 2 1 1 N
6 15 2 2 N
6 18 0 1 N
6 18 1 0 N
