18 3 2 2 S
18 5 0 0 S
18 14 1 1 S
3 5 0 2 N
3 18 2 1 N
3 10 1 0 N
5 13 2 0 N
5 8 1 1 N
5 7 0 2 N
13 16 1 1 N
13 14 2 0 N
13 3 0 2 N
16 9 1 1 N
16 18 0 2 N
16 8 2 0 N
9 12 2 0 N
9 17 1 2 N
9 13 0 1 N
12 14 0 1 N
12 1 1 2 N
12 14 2 0 N
14 11 1 2 N
14 8 0 1 N
14 10 2 0 N
11 15 1 0 N
11 2 2 1 N
11 7 0 2 N
15 1 2 2 N
15 18 0 1 N
15 10 1 0 N
1 7 1 2 N
1 8 0 1 N
1 8 2 0 N
7 6 2 0 N
7 11 0 1 N
7 7 1 2 N
6 8 2 1 N
6 8 0 2 N
6 3 1 0 N
8 4 1 1 N
8 7 2 2 N
8 7 0 0 N
4 2 0 2 N
4 3 1 0 N
4 13 2 1 N
2 0 1 0 N
2 10 2 1 N
2 16 0 2 N
0 17 0 2 N
0 6 2 0 N
0 10 1 1 N
17 10 1 2 N
17 14 2 0 N
17 5 0 1 N
10 13 2 2 N
10 13 1 0 N
10 8 0 1 N
