17 9 1 1 S
17 14 2 0 S
17 10 0 2 S
9 7 0 1 N
9 18 1 0 N
9 18 2 2 N
7 0 2 1 N
7 16 1 0 N
7 16 0 2 N
0 5 1 1 N
0 4 2 0 N
0 1 0 2 N
5 14 2 0 N
5 8 1 2 N
5 11 0 1 N
14 8 2 1 N
14 2 1 2 N
14 5 0 0 N
8 18 0 0 N
8 0 1 2 N
8 9 2 1 N
18 3 1 0 N
18 9 2 2 N
18 18 0 1 N
3 6 2 0 N
3 5 1 2 N
3 13 0 1 N
6 4 1 1 N
6 16 0 0 N
6 16 2 2 N
4 10 1 0 N
4 3 0 2 N
4 18 2 1 N
10 2 0 1 N
10 0 1 2 N
10 1 2 0 N
2 13 0 0 N
2 1 1 2 N
2 0 2 1 N
13 15 2 2 N
13 17 0 0 N
13 16 1 1 N
15 11 0 1 N
15 12 1 2 N
15 11 2 0 N
11 16 2 0 N
11 16 1 1 N
11 6 0 2 N
16 1 2 2 N
16 0 1 1 N
16 18 0 0 N
1 12 2 1 N
1 14 1 2 N
1 16 0 0 N
12 9 0 2 N
12 16 2 1 N
12 0 1 0 N
