10 15 2 1 S
10 3 0 2 S
10 3 1 0 S
15 6 1 0 N
15 17 2 1 N
15 6 0 2 N
6 7 0 2 N
6 16 2 0 N
6 9 1 1 N
7 16 0 0 N
7 14 1 1 N
7 18 2 2 N
16 5 1 1 N
16 14 0 0 N
16 7 2 2 N
5 12 2 2 N
5 4 1 1 N
5 16 0 0 N
12 17 0 1 N
12 9 1 2 N
12 0 2 0 N
17 2 1 2 N
17 11 0 1 N
17 12 2 0 N
2 9 2 0 N
2 3 1 2 N
2 7 0 1 N
9 14 1 0 N
9 0 2 1 N
9 7 0 2 N
14 18 1 2 N
14 4 0 1 N
14 12 2 0 N
18 3 1 0 N
18 3 0 2 N
18 18 2 1 N
3 8 1 0 N
3 16 0 1 N
3 1 2 2 N
8 11 2 1 N
8 18 0 0 N
8 1 1 2 N
11 4 1 0 N
11 7 0 2 N
11 9 2 1 N
4 0 0 0 N
4 11 2 1 N
4 12 1 2 N
0 13 2 1 N
0 9 1 2 N
0 9 0 0 N
13 1 2 2 N
13 12 0 0 N
13 14 1 1 N
1 3 1 2 N
1 12 0 0 N
1 9 2 1 N
