10 15 2 2 S
10 3 0 0 S
10 13 1 1 S
15 0 0 0 N
15 0 1 1 N
15 4 2 2 N
0 12 1 1 N
0 8 2 2 N
0 10 0 0 N
12 5 2 2 N
12 17 0 0 N
12 3 1 1 N
5 1 2 0 N
5 4 1 1 N
5 11 0 2 N
1 18 2 1 N
1 11 1 2 N
1 0 0 0 N
18 8 0 0 N
18 13 2 1 N
18 16 1 2 N
8 17 1 0 N
8 16 0 2 N
8 3 2 1 N
17 2 2 0 N
17 11 1 1 N
17 13 0 2 N
2 9 0 0 N
2 8 2 1 N
2 11 1 2 N
9 14 0 2 N
9 10 2 0 N
9 10 1 1 N
14 16 1 1 N
14 10 0 0 N
14 12 2 2 N
16 7 0 2 N
16 13 2 1 N
16 4 1 0 N
7 4 2 0 N
7 13 0 2 N
7 10 1 1 N
4 11 2 2 N
4 13 1 1 N
4 6 0 0 N
11 3 0 0 N
11 1 1 1 N
11 16 2 2 N
3 6 1 0 N
3 17 0 2 N
3 3 2 1 N
6 13 1 1 N
6 15 2 2 N
6 3 0 0 N
13 10 1 0 N
13 17 2 2 N
13 3 0 1 N
