17 5 2 1 S
17 4 1 0 S
17 8 0 2 S
5 9 1 0 N
5 2 2 1 N
5 2 0 2 N
9 14 1 2 N
9 4 2 0 N
9 6 0 1 N
14 3 2 0 N
14 1 0 2 N
14 15 1 1 N
3 4 1 0 N
3 1 0 1 N
3 6 2 2 N
4 1 0 0 N
4 14 1 1 N
4 13 2 2 N
1 13 1 1 N
1 10 2 0 N
1 11 0 2 N
13 11 1 1 N
13 8 0 0 N
13 10 2 2 N
11 0 0 0 N
11 2 2 1 N
11 16 1 2 N
0 2 2 1 N
0 9 1 0 N
0 8 0 2 N
2 18 1 0 N
2 10 0 1 N
2 6 2 2 N
18 7 2 1 N
18 13 1 0 N
18 13 0 2 N
7 6 2 0 N
7 6 0 2 N
7 13 1 1 N
6 12 2 2 N
6 13 0 1 N
6 10 1 0 N
12 10 2 2 N
12 11 1 0 N
12 16 0 1 N
10 16 2 0 N
10 10 0 1 N
10 10 1 2 N
16 15 1 1 N
16 13 0 2 N
16 10 2 0 N
15 8 0 0 N
15 2 2 1 N
15 10 1 2 N
8 10 1 0 N
8 6 0 2 N
8 10 2 1 N
