10 6 2 1 S
10 6 0 2 S
10 11 1 0 S
6 3 1 0 N
6 0 0 2 N
6 0 2 1 N
3 13 0 2 N
3 7 2 0 N
3 16 1 1 N
13 2 0 2 N
13 10 1 1 N
13 0 2 0 N
2 0 1 1 N
2 10 2 0 N
2 8 0 2 N
0 5 1 1 N
0 14 2 2 N
0 0 0 0 N
5 16 1 0 N
5 8 0 2 N
5 14 2 1 N
16 8 0 0 N
16 14 1 1 N
16 14 2 2 N
8 17 2 1 N
8 7 0 0 N
8 0 1 2 N
17 1 0 2 N
17 8 1 1 N
17 5 2 0 N
1 4 2 1 N
1 15 0 0 N
1 18 1 2 N
4 7 2 0 N
4 0 0 2 N
4 18 1 1 N
7 11 0 2 N
7 16 2 0 N
7 8 1 1 N
11 15 1 0 N
11 16 0 1 N
11 2 2 2 N
15 12 1 2 N
15 18 0 1 N
15 0 2 0 N
12 14 2 0 N
12 8 0 2 N
12 4 1 1 N
14 9 0 2 N
14 7 1 1 N
14 8 2 0 N
9 18 2 0 N
9 13 1 1 N
9 5 0 2 N
18 5 2 0 N
18 5 0 2 N
18 0 1 1 N
