12 18 2 2 S
12 5 1 0 S
12 14 0 1 S
18 0 2 2 N
18 3 0 0 N
18 2 1 1 N
0 11 1 2 N
0 17 2 1 N
0 16 0 0 N
11 13 1 2 N
11 13 0 0 N
11 9 2 1 N
13 16 0 2 N
13 16 2 0 N
13 14 1 1 N
16 10 0 2 N
16 15 1 0 N
16 14 2 1 N
10 4 2 2 N
10 5 1 0 N
10 1 0 1 N
4 14 1 1 N
4 11 2 2 N
4 12 0 0 N
14 8 1 0 N
14 0 2 2 N
14 14 0 1 N
8 9 1 1 N
8 3 0 0 N
8 9 2 2 N
9 1 1 0 N
9 4 2 1 N
9 5 0 2 N
1 17 0 0 N
1 16 2 1 N
1 12 1 2 N
17 2 1 1 N
17 1 2 2 N
17 4 0 0 N
2 7 0 1 N
2 18 1 2 N
2 16 2 0 N
7 5 1 1 N
7 14 0 0 N
7 0 2 2 N
5 3 1 1 N
5 4 0 0 N
5 14 2 2 N
3 6 2 1 N
3 7 1 0 N
3 16 0 2 N
6 15 2 2 N
6 2 1 0 N
6 0 0 1 N
15 14 1 0 N
15 11 0 2 N
15 10 2 1 N
