17 15 0 2 S
17 3 1 1 S
17 5 2 0 S
15 10 2 0 N
15 8 0 1 N
15 3 1 2 N
10 5 0 2 N
10 14 1 1 N
10 4 2 0 N
5 4 0 0 N
5 10 1 1 N
5 10 2 2 N
4 9 1 0 N
4 9 0 1 N
4 3 2 2 N
9 12 2 1 N
9 4 1 0 N
9 3 0 2 N
12 1 2 1 N
12 7 0 0 N
12 3 1 2 N
1 16 0 1 N
1 10 2 0 N
1 13 1 2 N
16 2 2 2 N
16 7 1 1 N
16 8 0 0 N
2 6 1 0 N
2 10 0 1 N
2 17 2 2 N
6 18 2 0 N
6 14 0 1 N
6 9 1 2 N
18 7 0 2 N
18 16 1 0 N
18 10 2 1 N
7 14 1 1 N
7 4 0 2 N
7 8 2 0 N
14 11 0 1 N
14 12 2 0 N
14 7 1 2 N
11 3 2 0 N
11 16 0 2 N
11 16 1 1 N
3 13 1 1 N
3 0 0 0 N
3 8 2 2 N
13 0 1 2 N
13 15 2 1 N
13 10 0 0 N
0 8 2 1 N
0 9 0 0 N
0 3 1 2 N
8 9 1 2 N
8 8 0 0 N
8 8 2 1 N
