4 6 2 2 S
4 6 1 1 S
4 12 0 0 S
6 18 1 2 N
6 1 0 0 N
6 0 2 1 N
18 5 2 0 N
18 17 1 1 N
18 7 0 2 N
5 16 2 0 N
5 7 1 1 N
5 6 0 2 N
16 9 1 1 N
16 1 0 2 N
16 15 2 0 N
9 15 0 1 N
9 5 1 0 N
9 13 2 2 N
15 12 2 0 N
15 3 1 2 N
15 0 0 1 N
12 3 1 2 N
12 0 2 0 N
12 13 0 1 N
3 2 1 1 N
3 11 0 0 N
3 1 2 2 N
2 10 1 2 N
2 13 0 1 N
2 1 2 0 N
10 13 2 1 N
10 8 0 2 N
10 15 1 0 N
13 11 0 1 N
13 17 1 0 N
13 17 2 2 N
11 7 1 0 N
11 6 2 2 N
11 7 0 1 N
7 1 0 1 N
7 8 1 0 N
7 0 2 2 N
1 8 0 1 N
1 6 1 0 N
1 17 2 2 N
8 17 0 1 N
8 9 1 0 N
8 0 2 2 N
17 0 2 1 N
17 17 0 0 N
17 17 1 2 N
0 14 2 0 N
0 13 0 1 N
0 17 1 2 N
14 2 2 0 N
14 0 1 2 N
14 13 0 1 N
