14 18 2 1 S
14 11 0 2 S
14 5 1 0 S
18 12 2 1 N
18 7 0 2 N
18 6 1 0 N
12 9 2 0 N
12 7 0 1 N
12 9 1 2 N
9 5 2 1 N
9 1 0 0 N
9 14 1 2 N
5 13 0 2 N
5 2 2 0 N
5 1 1 1 N
13 11 1 0 N
13 3 0 2 N
13 9 2 1 N
11 0 2 0 N
11 3 0 2 N
11 8 1 1 N
0 7 1 1 N
0 10 0 0 N
0 1 2 2 N
7 10 1 2 N
7 3 2 1 N
7 11 0 0 N
10 4 2 1 N
10 8 1 2 N
10 14 0 0 N
4 6 0 1 N
4 17 2 0 N
4 11 1 2 N
6 16 0 1 N
6 8 2 2 N
6 1 1 0 N
16 8 0 1 N
16 9 2 0 N
16 5 1 2 N
8 17 0 0 N
8 0 2 1 N
8 1 1 2 N
17 2 1 2 N
17 5 2 1 N
17 8 0 0 N
2 3 1 0 N
2 15 2 2 N
2 14 0 1 N
3 1 0 0 N
3 0 2 2 N
3 0 1 1 N
1 15 1 1 N
1 8 0 0 N
1 1 2 2 N
15 14 2 0 N
15 5 0 2 N
15 3 1 1 N
