16 22 1 2 S
16 40 0 1 S
16 17 2 0 S
22 30 0 1 N
22 11 2 0 N
22 26 1 2 N
30 31 0 1 N
30 23 2 0 N
30 34 1 2 N
31 37 2 0 N
31 23 0 1 N
31 13 1 2 N
37 14 0 1 N
37 7 2 0 N
37 21 1 2 N
14 33 1 1 N
14 38 0 2 N
14 28 2 0 N
33 18 2 1 N
33 39 1 0 N
33 20 0 2 N
18 2 0 2 N
18 0 1 1 N
18 17 2 0 N
2 24 0 2 N
2 31 1 0 N
2 4 2 1 N
24 17 0 0 N
24 15 2 1 N
24 15 1 2 N
17 12 1 1 N
17 20 2 0 N
17 20 0 2 N
12 19 1 0 N
12 8 2 1 N
12 18 0 2 N
19 5 2 0 N
19 27 0 2 N
19 8 1 1 N
5 35 2 0 N
5 12 0 1 N
5 40 1 2 N
35 39 1 0 N
35 15 2 2 N
35 2 0 1 N
39 10 0 0 N
39 18 2 1 N
39 12 1 2 N
10 32 2 0 N
10 38 0 1 N
10 11 1 2 N
32 38 1 2 N
32 36 0 1 N
32 8 2 0 N
38 40 1 1 N
38 27 2 0 N
38 20 0 2 N
40 25 1 1 N
40 23 2 2 N
40 36 0 0 N
25 28 1 1 N
25 24 0 0 N
25 39 2 2 N
28 27 2 1 N
28 6 1 0 N
28 23 0 2 N
27 1 0 0 N
27 24 2 2 N
27 17 1 1 N
1 9 1 0 N
1 13 0 1 N
1 10 2 2 N
9 34 0 0 N
9 19 2 2 N
9 7 1 1 N
34 15 1 1 N
34 20 0 2 N
34 8 2 0 N
15 6 1 1 N
15 24 2 2 N
15 17 0 0 N
6 7 1 0 N
6 24 2 1 N
6 15 0 2 N
7 8 0 0 N
7 19 1 2 N
7 15 2 1 N
8 21 0 1 N
8 0 1 2 N
8 17 2 0 N
21 13 2 2 N
21 36 0 0 N
21 33 1 1 N
13 41 1 2 N
13 15 0 1 N
13 36 2 0 N
41 29 0 1 N
41 23 2 0 N
41 6 1 2 N
29 20 0 1 N
29 39 2 0 N
29 8 1 2 N
20 3 0 1 N
20 8 2 0 N
20 20 1 2 N
3 23 1 1 N
3 20 0 0 N
3 40 2 2 N
23 11 2 2 N
23 28 0 0 N
23 15 1 1 N
11 26 2 0 N
11 14 1 2 N
11 23 0 1 N
26 0 2 1 N
26 17 1 2 N
26 0 0 0 N
0 36 1 1 N
0 15 2 0 N
0 17 0 2 N
36 4 2 1 N
36 4 0 2 N
36 39 1 0 N
4 19 1 1 N
4 34 2 0 N
4 19 0 2 N
