2 27 1 0 S
2 19 2 1 S
2 8 0 2 S
27 22 2 0 N
27 21 1 2 N
27 8 0 1 N
22 37 0 1 N
22 8 1 0 N
22 40 2 2 N
37 19 2 2 N
37 40 1 0 N
37 26 0 1 N
19 15 2 0 N
19 5 1 2 N
19 26 0 1 N
15 16 2 2 N
15 6 0 0 N
15 17 1 1 N
16 14 1 1 N
16 5 2 0 N
16 7 0 2 N
14 25 1 1 N
14 6 2 2 N
14 19 0 0 N
25 13 1 0 N
25 26 2 2 N
25 19 0 1 N
13 10 1 1 N
13 4 0 0 N
13 25 2 2 N
10 6 2 0 N
10 41 0 1 N
10 33 1 2 N
6 4 0 1 N
6 15 1 2 N
6 27 2 0 N
4 8 1 2 N
4 38 0 0 N
4 27 2 1 N
8 30 2 1 N
8 32 1 2 N
8 30 0 0 N
30 23 0 0 N
30 7 1 2 N
30 33 2 1 N
23 40 0 2 N
23 12 1 0 N
23 0 2 1 N
40 18 1 2 N
40 31 0 0 N
40 19 2 1 N
18 7 2 0 N
18 34 0 1 N
18 26 1 2 N
7 24 1 1 N
7 8 2 0 N
7 35 0 2 N
24 34 0 1 N
24 14 2 2 N
24 9 1 0 N
34 39 1 2 N
34 32 2 0 N
34 33 0 1 N
39 41 0 0 N
39 40 1 1 N
39 3 2 2 N
41 5 0 1 N
41 14 1 0 N
41 25 2 2 N
5 32 1 1 N
5 35 2 0 N
5 24 0 2 N
32 38 2 2 N
32 26 1 0 N
32 17 0 1 N
38 17 0 2 N
38 9 1 0 N
38 25 2 1 N
17 31 0 1 N
17 30 2 2 N
17 9 1 0 N
31 36 1 1 N
31 9 0 2 N
31 35 2 0 N
36 26 0 2 N
36 15 2 0 N
36 24 1 1 N
26 35 1 1 N
26 33 2 2 N
26 9 0 0 N
35 9 2 0 N
35 30 0 1 N
35 33 1 2 N
9 12 1 2 N
9 9 2 0 N
9 9 0 1 N
12 21 0 0 N
12 19 1 2 N
12 31 2 1 N
21 29 2 0 N
21 33 0 2 N
21 9 1 1 N
29 20 1 2 N
29 38 0 1 N
29 4 2 0 N
20 1 0 2 N
20 35 2 0 N
20 31 1 1 N
1 11 1 0 N
1 37 0 1 N
1 30 2 2 N
11 0 2 2 N
11 30 0 1 N
11 28 1 0 N
0 28 2 1 N
0 14 1 0 N
0 1 0 2 N
28 3 0 1 N
28 34 2 0 N
28 9 1 2 N
3 33 1 0 N
3 17 2 1 N
3 36 0 2 N
33 22 0 1 N
33 5 2 2 N
33 9 1 0 N
