12 41 0 1 S
12 5 2 0 S
12 33 1 2 S
41 38 2 0 N
41 15 1 2 N
41 18 0 1 N
38 27 0 0 N
38 15 2 2 N
38 7 1 1 N
27 39 0 0 N
27 18 1 1 N
27 2 2 2 N
39 4 1 2 N
39 8 0 1 N
39 17 2 0 N
4 25 1 1 N
4 36 2 0 N
4 0 0 2 N
25 31 2 0 N
25 9 1 2 N
25 18 0 1 N
31 15 2 1 N
31 1 0 2 N
31 7 1 0 N
15 35 0 0 N
15 38 1 1 N
15 9 2 2 N
35 36 0 1 N
35 32 1 2 N
35 33 2 0 N
36 30 2 1 N
36 27 1 2 N
36 31 0 0 N
30 5 0 1 N
30 17 2 2 N
30 35 1 0 N
5 29 2 0 N
5 32 0 2 N
5 3 1 1 N
29 10 1 0 N
29 0 2 2 N
29 26 0 1 N
10 8 0 0 N
10 31 1 2 N
10 9 2 1 N
8 6 1 1 N
8 0 2 0 N
8 38 0 2 N
6 0 1 2 N
6 3 2 1 N
6 18 0 0 N
0 3 1 1 N
0 39 2 2 N
0 38 0 0 N
3 13 2 2 N
3 0 1 0 N
3 17 0 1 N
13 26 1 2 N
13 17 0 1 N
13 9 2 0 N
26 23 0 2 N
26 19 2 1 N
26 0 1 0 N
23 2 1 0 N
23 34 0 1 N
23 34 2 2 N
2 17 1 2 N
2 4 0 0 N
2 32 2 1 N
17 20 1 1 N
17 3 2 2 N
17 18 0 0 N
20 24 0 1 N
20 32 1 0 N
20 4 2 2 N
24 7 1 1 N
24 9 2 0 N
24 4 0 2 N
7 22 0 0 N
7 7 1 2 N
7 7 2 1 N
22 18 0 2 N
22 32 2 0 N
22 33 1 1 N
18 21 1 2 N
18 41 2 1 N
18 7 0 0 N
21 19 2 2 N
21 16 1 1 N
21 17 0 0 N
19 28 0 0 N
19 1 2 2 N
19 0 1 1 N
28 37 1 1 N
28 5 0 0 N
28 15 2 2 N
37 1 0 0 N
37 38 2 2 N
37 29 1 1 N
1 32 1 2 N
1 6 2 1 N
1 5 0 0 N
32 14 1 1 N
32 11 0 0 N
32 3 2 2 N
14 11 1 2 N
14 5 0 0 N
14 11 2 1 N
11 33 0 1 N
11 21 1 2 N
11 25 2 0 N
33 34 1 0 N
33 0 2 2 N
33 18 0 1 N
34 16 2 0 N
34 0 0 2 N
34 9 1 1 N
16 40 2 2 N
16 41 0 0 N
16 15 1 1 N
40 9 0 1 N
40 2 1 0 N
40 2 2 2 N
9 25 0 2 N
9 15 1 1 N
9 7 2 0 N
