7 17 0 1 S
7 26 1 2 S
7 13 2 0 S
17 36 1 1 N
17 20 0 2 N
17 8 2 0 N
36 41 1 0 N
36 16 2 2 N
36 1 0 1 N
41 3 2 2 N
41 15 0 1 N
41 20 1 0 N
3 8 2 0 N
3 18 1 1 N
3 36 0 2 N
8 9 1 2 N
8 13 2 0 N
8 20 0 1 N
9 14 0 0 N
9 32 1 1 N
9 14 2 2 N
14 1 2 2 N
14 13 0 0 N
14 29 1 1 N
1 10 0 1 N
1 18 1 0 N
1 1 2 2 N
10 30 0 2 N
10 4 2 1 N
10 12 1 0 N
30 34 0 0 N
30 41 1 1 N
30 26 2 2 N
34 13 1 2 N
34 9 0 1 N
34 29 2 0 N
13 4 2 1 N
13 39 1 0 N
13 20 0 2 N
4 15 1 1 N
4 35 2 0 N
4 41 0 2 N
15 40 2 2 N
15 22 0 1 N
15 41 1 0 N
40 22 2 1 N
40 17 0 2 N
40 1 1 0 N
22 6 1 0 N
22 35 0 2 N
22 20 2 1 N
6 23 1 1 N
6 8 2 2 N
6 1 0 0 N
23 0 1 2 N
23 29 2 1 N
23 7 0 0 N
0 27 2 1 N
0 35 1 2 N
0 32 0 0 N
27 33 1 0 N
27 0 0 2 N
27 11 2 1 N
33 16 1 1 N
33 40 2 2 N
33 7 0 0 N
16 2 2 0 N
16 1 1 1 N
16 8 0 2 N
2 29 0 1 N
2 29 2 2 N
2 35 1 0 N
29 39 1 1 N
29 0 2 2 N
29 17 0 0 N
39 24 1 1 N
39 22 2 2 N
39 14 0 0 N
24 28 1 2 N
24 22 0 0 N
24 27 2 1 N
28 5 2 1 N
28 4 1 0 N
28 8 0 2 N
5 32 2 0 N
5 37 1 2 N
5 16 0 1 N
32 19 0 2 N
32 14 1 0 N
32 8 2 1 N
19 35 0 1 N
19 3 2 2 N
19 36 1 0 N
35 31 1 1 N
35 41 2 0 N
35 38 0 2 N
31 25 1 1 N
31 35 0 0 N
31 0 2 2 N
25 12 1 2 N
25 8 2 0 N
25 8 0 1 N
12 11 1 2 N
12 32 2 0 N
12 6 0 1 N
11 18 2 2 N
11 25 1 1 N
11 1 0 0 N
18 38 0 0 N
18 40 1 2 N
18 1 2 1 N
38 37 2 0 N
38 1 0 1 N
38 26 1 2 N
37 21 1 2 N
37 8 2 0 N
37 25 0 1 N
21 26 2 0 N
21 22 0 2 N
21 35 1 1 N
26 20 2 2 N
26 25 1 1 N
26 25 0 0 N
20 18 0 2 N
20 6 2 0 N
20 1 1 1 N
