17 18 0 0 S
17 29 2 2 S
17 0 1 1 S
18 20 0 0 N
18 7 1 1 N
18 9 2 2 N
20 5 2 2 N
20 26 0 0 N
20 41 1 1 N
5 19 2 2 N
5 38 0 0 N
5 38 1 1 N
19 15 2 1 N
19 36 1 2 N
19 9 0 0 N
15 11 2 2 N
15 33 0 1 N
15 38 1 0 N
11 27 1 1 N
11 21 2 0 N
11 36 0 2 N
27 34 0 1 N
27 22 1 2 N
27 15 2 0 N
34 32 1 2 N
34 9 2 0 N
34 41 0 1 N
32 36 2 0 N
32 17 0 1 N
32 33 1 2 N
36 6 2 1 N
36 22 0 0 N
36 21 1 2 N
6 9 2 1 N
6 3 1 2 N
6 40 0 0 N
9 37 1 2 N
9 6 2 0 N
9 41 0 1 N
37 35 1 1 N
37 0 2 0 N
37 25 0 2 N
35 23 1 1 N
35 37 2 0 N
35 27 0 2 N
23 0 0 1 N
23 9 1 0 N
23 1 2 2 N
0 13 1 2 N
0 1 0 1 N
0 36 2 0 N
13 28 1 2 N
13 32 2 1 N
13 38 0 0 N
28 12 0 2 N
28 21 1 1 N
28 34 2 0 N
12 26 0 1 N
12 13 2 0 N
12 19 1 2 N
26 4 2 1 N
26 38 1 0 N
26 22 0 2 N
4 22 1 2 N
4 19 0 0 N
4 24 2 1 N
22 14 1 0 N
22 5 0 2 N
22 1 2 1 N
14 8 1 0 N
14 32 0 2 N
14 40 2 1 N
8 3 1 1 N
8 0 0 2 N
8 15 2 0 N
3 30 0 1 N
3 41 2 0 N
3 29 1 2 N
30 16 0 1 N
30 40 2 0 N
30 7 1 2 N
16 2 1 0 N
16 12 2 1 N
16 33 0 2 N
2 29 0 0 N
2 26 1 2 N
2 32 2 1 N
29 1 1 0 N
29 1 2 2 N
29 7 0 1 N
1 21 0 1 N
1 38 1 0 N
1 38 2 2 N
21 31 0 0 N
21 4 2 2 N
21 5 1 1 N
31 38 2 0 N
31 25 1 2 N
31 25 0 1 N
38 25 1 2 N
38 5 2 0 N
38 38 0 1 N
25 33 2 1 N
25 41 0 2 N
25 7 1 0 N
33 10 0 1 N
33 36 1 0 N
33 38 2 2 N
10 41 0 0 N
10 29 1 1 N
10 25 2 2 N
41 40 2 2 N
41 15 1 1 N
41 21 0 0 N
40 7 0 2 N
40 8 1 1 N
40 9 2 0 N
7 39 0 1 N
7 38 1 0 N
7 5 2 2 N
39 24 1 1 N
39 31 0 2 N
39 41 2 0 N
24 2 2 1 N
24 26 1 2 N
24 1 0 0 N
