31 39 0 2 S
31 26 2 1 S
31 24 1 0 S
39 20 2 1 N
39 29 1 2 N
39 8 0 0 N
20 26 2 2 N
20 29 1 1 N
20 21 0 0 N
26 36 0 0 N
26 20 1 1 N
26 27 2 2 N
36 28 1 1 N
36 20 0 0 N
36 2 2 2 N
28 8 2 0 N
28 12 0 1 N
28 33 1 2 N
8 22 2 1 N
8 32 1 2 N
8 7 0 0 N
22 16 1 2 N
22 23 2 0 N
22 38 0 1 N
16 40 0 0 N
16 5 1 2 N
16 18 2 1 N
40 34 1 0 N
40 36 0 1 N
40 29 2 2 N
34 6 1 0 N
34 38 0 1 N
34 8 2 2 N
6 1 2 2 N
6 7 1 0 N
6 7 0 1 N
1 32 0 1 N
1 2 1 2 N
1 38 2 0 N
32 29 2 1 N
32 18 1 0 N
32 41 0 2 N
29 9 1 0 N
29 22 0 1 N
29 21 2 2 N
9 24 1 0 N
9 22 2 1 N
9 22 0 2 N
24 12 1 1 N
24 16 2 0 N
24 40 0 2 N
12 3 2 0 N
12 25 1 1 N
12 1 0 2 N
3 27 2 2 N
3 15 1 0 N
3 24 0 1 N
27 10 1 0 N
27 30 2 1 N
27 40 0 2 N
10 25 2 0 N
10 27 0 1 N
10 6 1 2 N
25 23 1 2 N
25 30 2 0 N
25 12 0 1 N
23 7 1 0 N
23 21 2 1 N
23 7 0 2 N
7 30 0 1 N
7 33 1 0 N
7 11 2 2 N
30 14 2 1 N
30 21 0 0 N
30 2 1 2 N
14 4 1 0 N
14 22 0 2 N
14 21 2 1 N
4 0 2 2 N
4 30 0 0 N
4 31 1 1 N
0 38 0 1 N
0 4 1 0 N
0 30 2 2 N
38 33 2 0 N
38 29 1 1 N
38 29 0 2 N
33 5 0 1 N
33 41 1 2 N
33 18 2 0 N
5 35 1 2 N
5 38 0 1 N
5 23 2 0 N
35 19 0 1 N
35 6 2 2 N
35 19 1 0 N
19 17 0 0 N
19 38 1 1 N
19 33 2 2 N
17 13 1 1 N
17 8 0 2 N
17 34 2 0 N
13 11 1 1 N
13 30 0 0 N
13 12 2 2 N
11 21 2 0 N
11 1 0 2 N
11 12 1 1 N
21 2 0 0 N
21 18 1 2 N
21 21 2 1 N
2 18 1 0 N
2 1 2 1 N
2 20 0 2 N
18 41 0 1 N
18 21 2 2 N
18 29 1 0 N
41 15 2 2 N
41 14 1 0 N
41 22 0 1 N
15 37 1 1 N
15 11 2 0 N
15 40 0 2 N
37 22 0 0 N
37 33 2 2 N
37 7 1 1 N
