2 40 2 0 S
2 11 0 2 S
2 21 1 1 S
40 27 1 0 N
40 26 0 1 N
40 28 2 2 N
27 24 1 2 N
27 8 2 1 N
27 2 0 0 N
24 37 0 2 N
24 25 1 0 N
24 22 2 1 N
37 41 1 2 N
37 34 0 0 N
37 17 2 1 N
41 14 2 2 N
41 9 1 0 N
41 12 0 1 N
14 35 1 0 N
14 19 2 1 N
14 7 0 2 N
35 1 2 2 N
35 19 0 0 N
35 10 1 1 N
1 18 1 1 N
1 21 0 2 N
1 1 2 0 N
18 19 0 2 N
18 27 2 0 N
18 16 1 1 N
19 32 0 1 N
19 21 2 2 N
19 13 1 0 N
32 13 2 1 N
32 22 0 2 N
32 19 1 0 N
13 5 1 1 N
13 10 0 0 N
13 31 2 2 N
5 33 2 2 N
5 6 1 0 N
5 7 0 1 N
33 20 0 0 N
33 15 2 2 N
33 35 1 1 N
20 23 0 2 N
20 16 1 1 N
20 33 2 0 N
23 26 0 2 N
23 40 2 1 N
23 10 1 0 N
26 11 1 2 N
26 8 0 0 N
26 36 2 1 N
11 4 0 2 N
11 21 1 1 N
11 33 2 0 N
4 15 0 0 N
4 8 2 2 N
4 22 1 1 N
15 39 1 2 N
15 2 2 0 N
15 2 0 1 N
39 3 1 1 N
39 35 2 0 N
39 13 0 2 N
3 16 2 0 N
3 9 0 1 N
3 39 1 2 N
16 17 1 1 N
16 9 0 2 N
16 22 2 0 N
17 9 0 0 N
17 39 1 2 N
17 31 2 1 N
9 30 2 2 N
9 36 0 1 N
9 36 1 0 N
30 10 2 0 N
30 2 0 1 N
30 10 1 2 N
10 36 1 0 N
10 39 2 2 N
10 21 0 1 N
36 22 1 2 N
36 28 0 0 N
36 27 2 1 N
22 25 0 2 N
22 31 1 0 N
22 32 2 1 N
25 21 0 1 N
25 35 2 2 N
25 27 1 0 N
21 6 1 1 N
21 1 2 0 N
21 1 0 2 N
6 12 2 2 N
6 17 1 0 N
6 13 0 1 N
12 28 2 0 N
12 2 1 1 N
12 31 0 2 N
28 29 0 2 N
28 27 2 1 N
28 21 1 0 N
29 31 2 1 N
29 18 1 0 N
29 12 0 2 N
31 0 2 2 N
31 34 0 0 N
31 10 1 1 N
0 7 2 1 N
0 26 0 2 N
0 10 1 0 N
7 38 1 1 N
7 21 2 0 N
7 1 0 2 N
38 34 0 0 N
38 35 2 1 N
38 30 1 2 N
34 8 0 1 N
34 7 1 0 N
34 8 2 2 N
8 10 0 0 N
8 27 1 2 N
8 15 2 1 N
