14 32 2 0 S
14 15 1 1 S
14 36 0 2 S
32 23 2 1 N
32 30 1 0 N
32 16 0 2 N
23 13 1 0 N
23 30 2 1 N
23 20 0 2 N
13 10 2 1 N
13 24 1 0 N
13 41 0 2 N
10 19 1 1 N
10 21 2 2 N
10 32 0 0 N
19 20 2 0 N
19 2 1 1 N
19 18 0 2 N
20 28 1 1 N
20 24 2 0 N
20 35 0 2 N
28 36 2 0 N
28 14 1 1 N
28 32 0 2 N
36 40 2 1 N
36 29 1 0 N
36 31 0 2 N
40 0 1 1 N
40 11 2 2 N
40 35 0 0 N
0 5 1 1 N
0 28 2 0 N
0 28 0 2 N
5 9 0 1 N
5 4 2 0 N
5 12 1 2 N
9 39 2 2 N
9 35 1 0 N
9 0 0 1 N
39 21 0 1 N
39 14 1 2 N
39 14 2 0 N
21 8 1 2 N
21 11 0 1 N
21 20 2 0 N
8 2 2 1 N
8 7 0 2 N
8 3 1 0 N
2 26 1 2 N
2 31 2 1 N
2 1 0 0 N
26 22 2 0 N
26 8 1 1 N
26 10 0 2 N
22 38 2 1 N
22 35 1 0 N
22 31 0 2 N
38 35 2 2 N
38 3 1 1 N
38 37 0 0 N
35 31 2 1 N
35 35 0 0 N
35 35 1 2 N
31 7 2 1 N
31 3 0 0 N
31 20 1 2 N
7 4 2 1 N
7 5 1 2 N
7 11 0 0 N
4 12 2 1 N
4 9 1 2 N
4 16 0 0 N
12 1 2 1 N
12 20 0 0 N
12 31 1 2 N
1 33 2 0 N
1 21 0 1 N
1 32 1 2 N
33 6 1 0 N
33 6 0 1 N
33 24 2 2 N
6 11 1 2 N
6 33 0 0 N
6 18 2 1 N
11 30 2 2 N
11 25 0 0 N
11 20 1 1 N
30 15 1 1 N
30 40 2 0 N
30 9 0 2 N
15 17 1 2 N
15 31 2 0 N
15 35 0 1 N
17 24 2 1 N
17 33 0 0 N
17 2 1 2 N
24 25 2 2 N
24 20 1 1 N
24 35 0 0 N
25 3 0 2 N
25 18 1 1 N
25 40 2 0 N
3 34 1 2 N
3 25 0 1 N
3 35 2 0 N
34 27 1 1 N
34 24 0 0 N
34 20 2 2 N
27 16 0 2 N
27 6 2 0 N
27 36 1 1 N
16 18 2 0 N
16 0 0 1 N
16 24 1 2 N
18 41 1 0 N
18 21 0 2 N
18 34 2 1 N
41 37 1 1 N
41 16 2 0 N
41 21 0 2 N
37 29 1 2 N
37 5 0 0 N
37 16 2 1 N
29 0 0 0 N
29 20 2 1 N
29 24 1 2 N
