25 23 2 0 S
25 20 1 1 S
25 0 0 2 S
23 7 1 0 N
23 28 2 2 N
23 39 0 1 N
7 17 2 2 N
7 34 1 1 N
7 26 0 0 N
17 21 2 1 N
17 13 0 0 N
17 10 1 2 N
21 2 2 1 N
21 3 0 2 N
21 10 1 0 N
2 0 2 0 N
2 37 0 2 N
2 17 1 1 N
0 35 1 0 N
0 17 0 1 N
0 18 2 2 N
35 36 2 0 N
35 9 1 1 N
35 10 0 2 N
36 39 1 2 N
36 0 0 1 N
36 16 2 0 N
39 18 0 2 N
39 15 1 0 N
39 12 2 1 N
18 14 2 1 N
18 17 1 2 N
18 17 0 0 N
14 5 0 2 N
14 19 2 0 N
14 10 1 1 N
5 1 1 2 N
5 36 0 0 N
5 32 2 1 N
1 13 1 2 N
1 13 2 0 N
1 17 0 1 N
13 31 1 2 N
13 21 0 1 N
13 21 2 0 N
31 40 1 0 N
31 21 0 2 N
31 10 2 1 N
40 33 1 2 N
40 8 0 0 N
40 9 2 1 N
33 3 2 1 N
33 8 0 2 N
33 27 1 0 N
3 41 0 1 N
3 32 2 2 N
3 13 1 0 N
41 16 2 0 N
41 25 1 2 N
41 17 0 1 N
16 29 2 0 N
16 17 1 2 N
16 17 0 1 N
29 9 1 0 N
29 2 2 1 N
29 36 0 2 N
9 27 1 2 N
9 13 2 0 N
9 35 0 1 N
27 28 0 0 N
27 20 1 1 N
27 10 2 2 N
28 4 1 1 N
28 0 2 2 N
28 1 0 0 N
4 20 1 2 N
4 3 2 1 N
4 0 0 0 N
20 11 0 1 N
20 40 2 2 N
20 27 1 0 N
11 12 2 0 N
11 5 0 1 N
11 27 1 2 N
12 22 1 2 N
12 23 2 0 N
12 13 0 1 N
22 6 0 0 N
22 27 1 1 N
22 34 2 2 N
6 8 0 2 N
6 17 2 1 N
6 32 1 0 N
8 38 0 0 N
8 13 2 2 N
8 10 1 1 N
38 37 2 2 N
38 9 1 0 N
38 0 0 1 N
37 34 1 0 N
37 20 0 1 N
37 3 2 2 N
34 32 1 1 N
34 1 2 0 N
34 33 0 2 N
32 15 0 0 N
32 34 2 1 N
32 3 1 2 N
15 24 1 1 N
15 39 2 2 N
15 9 0 0 N
24 30 1 0 N
24 38 0 2 N
24 10 2 1 N
30 19 0 2 N
30 6 2 0 N
30 5 1 1 N
19 10 0 1 N
19 7 1 0 N
19 8 2 2 N
10 26 2 2 N
10 25 1 0 N
10 10 0 1 N
26 40 2 1 N
26 38 0 2 N
26 3 1 0 N
