27 7 1 0 S
27 33 2 2 S
27 7 0 1 S
7 2 1 2 N
7 8 0 0 N
7 24 2 1 N
2 16 2 2 N
2 8 1 1 N
2 23 0 0 N
16 38 0 1 N
16 38 1 2 N
16 38 2 0 N
38 15 0 0 N
38 40 1 2 N
38 12 2 1 N
15 10 1 0 N
15 34 2 1 N
15 19 0 2 N
10 26 0 2 N
10 7 2 1 N
10 9 1 0 N
26 18 0 0 N
26 41 2 1 N
26 9 1 2 N
18 3 0 1 N
18 29 2 2 N
18 36 1 0 N
3 36 0 2 N
3 23 2 1 N
3 1 1 0 N
36 41 0 2 N
36 8 1 1 N
36 3 2 0 N
41 17 2 2 N
41 17 0 1 N
41 12 1 0 N
17 24 0 1 N
17 24 2 2 N
17 12 1 0 N
24 33 1 2 N
24 25 0 0 N
24 24 2 1 N
33 13 2 1 N
33 25 0 0 N
33 39 1 2 N
13 37 0 2 N
13 7 2 0 N
13 30 1 1 N
37 28 2 0 N
37 11 1 2 N
37 27 0 1 N
28 40 2 2 N
28 39 0 0 N
28 12 1 1 N
40 31 2 2 N
40 23 0 1 N
40 24 1 0 N
31 21 1 0 N
31 14 0 1 N
31 23 2 2 N
21 19 1 1 N
21 35 0 2 N
21 31 2 0 N
19 11 0 0 N
19 14 2 1 N
19 29 1 2 N
11 35 0 0 N
11 14 1 2 N
11 36 2 1 N
35 8 2 1 N
35 15 1 2 N
35 9 0 0 N
8 1 2 0 N
8 18 0 1 N
8 9 1 2 N
1 5 2 1 N
1 8 0 2 N
1 29 1 0 N
5 14 2 2 N
5 41 1 1 N
5 21 0 0 N
14 9 1 0 N
14 33 2 2 N
14 7 0 1 N
9 6 1 2 N
9 38 2 1 N
9 17 0 0 N
6 12 2 1 N
6 31 0 2 N
6 40 1 0 N
12 0 1 1 N
12 35 2 2 N
12 24 0 0 N
0 25 0 1 N
0 16 2 2 N
0 27 1 0 N
25 32 1 2 N
25 27 0 1 N
25 40 2 0 N
32 34 0 1 N
32 27 1 0 N
32 13 2 2 N
34 22 0 0 N
34 22 2 2 N
34 7 1 1 N
22 20 0 1 N
22 10 1 0 N
22 7 2 2 N
20 23 1 0 N
20 7 0 1 N
20 38 2 2 N
23 4 2 1 N
23 33 0 0 N
23 38 1 2 N
4 30 0 2 N
4 25 2 0 N
4 33 1 1 N
30 39 2 0 N
30 41 0 2 N
30 33 1 1 N
39 29 0 2 N
39 12 2 1 N
39 1 1 0 N
29 23 1 0 N
29 38 0 2 N
29 17 2 1 N
