5 38 1 1 S
5 12 0 0 S
5 21 2 2 S
38 37 0 2 N
38 14 1 0 N
38 9 2 1 N
37 18 0 1 N
37 30 2 0 N
37 7 1 2 N
18 20 2 1 N
18 30 1 0 N
18 30 0 2 N
20 40 1 1 N
20 25 0 0 N
20 0 2 2 N
40 33 0 1 N
40 27 1 2 N
40 6 2 0 N
33 28 2 0 N
33 21 0 1 N
33 6 1 2 N
28 30 1 1 N
28 18 0 0 N
28 34 2 2 N
30 3 0 0 N
30 7 1 1 N
30 4 2 2 N
3 15 2 1 N
3 35 1 2 N
3 21 0 0 N
15 36 0 1 N
15 38 1 2 N
15 23 2 0 N
36 14 0 0 N
36 34 1 2 N
36 20 2 1 N
14 16 0 2 N
14 41 2 0 N
14 37 1 1 N
16 22 1 1 N
16 10 2 2 N
16 13 0 0 N
22 8 1 1 N
22 7 0 0 N
22 30 2 2 N
8 10 1 2 N
8 21 0 1 N
8 32 2 0 N
10 25 1 2 N
10 4 0 0 N
10 32 2 1 N
25 6 2 0 N
25 15 0 1 N
25 3 1 2 N
6 35 1 1 N
6 35 0 0 N
6 19 2 2 N
35 17 0 2 N
35 13 2 0 N
35 31 1 1 N
17 29 0 1 N
17 39 1 2 N
17 15 2 0 N
29 11 0 0 N
29 41 1 2 N
29 31 2 1 N
11 26 1 0 N
11 3 0 2 N
11 3 2 1 N
26 39 2 0 N
26 12 0 1 N
26 11 1 2 N
39 7 1 1 N
39 27 0 0 N
39 0 2 2 N
7 13 0 1 N
7 31 1 0 N
7 10 2 2 N
13 19 1 0 N
13 4 2 2 N
13 7 0 1 N
19 24 2 0 N
19 10 0 1 N
19 30 1 2 N
24 27 1 2 N
24 19 0 1 N
24 17 2 0 N
27 12 2 2 N
27 16 1 0 N
27 21 0 1 N
12 0 2 1 N
12 27 1 2 N
12 8 0 0 N
0 34 1 1 N
0 32 0 2 N
0 18 2 0 N
34 9 2 0 N
34 20 1 1 N
34 27 0 2 N
9 31 1 0 N
9 20 2 1 N
9 3 0 2 N
31 32 1 2 N
31 6 2 0 N
31 22 0 1 N
32 2 0 1 N
32 13 1 2 N
32 4 2 0 N
2 23 0 2 N
2 6 1 0 N
2 7 2 1 N
23 1 0 1 N
23 0 1 2 N
23 21 2 0 N
1 21 1 0 N
1 31 2 2 N
1 33 0 1 N
21 41 2 0 N
21 0 1 1 N
21 7 0 2 N
41 4 2 2 N
41 2 1 0 N
41 35 0 1 N
4 7 0 2 N
4 32 2 0 N
4 4 1 1 N
