11 4 2 0 S
11 2 1 2 S
11 12 0 1 S
4 9 1 1 N
4 10 0 0 N
4 19 2 2 N
9 35 2 0 N
9 20 0 1 N
9 20 1 2 N
35 18 0 1 N
35 32 2 2 N
35 20 1 0 N
18 38 1 1 N
18 4 2 2 N
18 20 0 0 N
38 40 2 0 N
38 33 0 1 N
38 32 1 2 N
40 36 0 2 N
40 8 2 1 N
40 35 1 0 N
36 30 2 0 N
36 9 0 1 N
36 19 1 2 N
30 3 2 1 N
30 2 1 0 N
30 8 0 2 N
3 29 0 0 N
3 0 2 1 N
3 23 1 2 N
29 21 1 0 N
29 26 2 2 N
29 33 0 1 N
21 41 2 2 N
21 6 0 1 N
21 8 1 0 N
41 0 2 0 N
41 23 0 1 N
41 8 1 2 N
0 24 2 2 N
0 5 1 0 N
0 14 0 1 N
24 26 2 1 N
24 35 1 2 N
24 39 0 0 N
26 25 0 2 N
26 17 2 1 N
26 25 1 0 N
25 10 1 1 N
25 35 0 2 N
25 9 2 0 N
10 13 0 0 N
10 24 1 2 N
10 38 2 1 N
13 16 2 0 N
13 25 0 2 N
13 32 1 1 N
16 22 1 0 N
16 31 0 1 N
16 7 2 2 N
22 8 1 1 N
22 2 2 2 N
22 39 0 0 N
8 7 1 0 N
8 36 0 2 N
8 2 2 1 N
7 6 2 1 N
7 24 0 0 N
7 20 1 2 N
6 17 2 0 N
6 38 0 1 N
6 35 1 2 N
17 27 2 0 N
17 13 0 1 N
17 18 1 2 N
27 15 2 2 N
27 14 1 1 N
27 13 0 0 N
15 32 2 0 N
15 39 0 1 N
15 40 1 2 N
32 34 2 0 N
32 38 0 2 N
32 9 1 1 N
34 1 1 1 N
34 35 2 2 N
34 17 0 0 N
1 33 2 2 N
1 35 1 1 N
1 19 0 0 N
33 37 2 0 N
33 30 0 2 N
33 35 1 1 N
37 19 1 0 N
37 3 2 2 N
37 38 0 1 N
19 20 1 0 N
19 23 2 1 N
19 10 0 2 N
20 23 2 2 N
20 9 0 0 N
20 20 1 1 N
23 5 0 0 N
23 27 2 2 N
23 18 1 1 N
5 12 2 0 N
5 36 1 1 N
5 32 0 2 N
12 39 1 0 N
12 23 2 2 N
12 8 0 1 N
39 2 1 1 N
39 18 2 2 N
39 18 0 0 N
2 28 1 2 N
2 4 2 0 N
2 9 0 1 N
28 14 2 1 N
28 34 0 0 N
28 17 1 2 N
14 31 0 1 N
14 1 1 2 N
14 30 2 0 N
31 36 1 1 N
31 23 2 2 N
31 4 0 0 N
