24 23 2 2 S
24 12 0 1 S
24 26 1 0 S
23 7 1 2 N
23 35 2 0 N
23 23 0 1 N
7 32 1 0 N
7 5 0 1 N
7 4 2 2 N
32 33 1 1 N
32 21 0 2 N
32 18 2 0 N
33 5 0 2 N
33 13 1 0 N
33 20 2 1 N
5 34 1 1 N
5 18 2 0 N
5 31 0 2 N
34 8 1 2 N
34 15 0 0 N
34 6 2 1 N
8 37 2 1 N
8 27 0 0 N
8 18 1 2 N
37 31 0 2 N
37 14 1 0 N
37 12 2 1 N
31 19 2 2 N
31 21 1 0 N
31 15 0 1 N
19 20 1 2 N
19 14 2 1 N
19 28 0 0 N
20 6 1 0 N
20 33 0 1 N
20 28 2 2 N
6 35 1 1 N
6 37 2 2 N
6 15 0 0 N
35 26 2 2 N
35 38 1 1 N
35 23 0 0 N
26 38 1 2 N
26 3 0 1 N
26 40 2 0 N
38 28 2 1 N
38 26 0 2 N
38 12 1 0 N
28 11 2 1 N
28 23 1 2 N
28 23 0 0 N
11 27 0 1 N
11 19 1 2 N
11 38 2 0 N
27 39 1 2 N
27 4 0 0 N
27 23 2 1 N
39 3 0 1 N
39 28 2 2 N
39 15 1 0 N
3 12 1 2 N
3 25 2 0 N
3 40 0 1 N
12 17 2 2 N
12 7 1 1 N
12 23 0 0 N
17 14 2 2 N
17 37 0 0 N
17 14 1 1 N
14 16 2 2 N
14 18 1 0 N
14 5 0 1 N
16 22 1 0 N
16 33 0 1 N
16 11 2 2 N
22 13 0 2 N
22 0 2 1 N
22 38 1 0 N
13 29 1 2 N
13 20 2 1 N
13 4 0 0 N
29 30 2 2 N
29 34 1 0 N
29 21 0 1 N
30 10 0 2 N
30 28 2 0 N
30 25 1 1 N
10 4 0 1 N
10 4 2 0 N
10 12 1 2 N
4 0 2 0 N
4 6 1 1 N
4 5 0 2 N
0 9 0 1 N
0 10 2 2 N
0 18 1 0 N
9 40 0 2 N
9 19 2 0 N
9 39 1 1 N
40 18 1 1 N
40 6 2 0 N
40 19 0 2 N
18 1 0 0 N
18 32 2 2 N
18 15 1 1 N
1 21 0 2 N
1 36 1 1 N
1 41 2 0 N
21 25 2 0 N
21 19 0 1 N
21 35 1 2 N
25 15 2 1 N
25 0 0 0 N
25 23 1 2 N
15 41 0 1 N
15 25 2 0 N
15 12 1 2 N
41 2 2 1 N
41 30 1 0 N
41 35 0 2 N
2 36 2 1 N
2 40 0 0 N
2 4 1 2 N
36 23 0 1 N
36 25 1 2 N
36 5 2 0 N
