15 5 1 2 S
15 1 2 0 S
15 39 0 1 S
5 19 0 0 N
5 25 2 2 N
5 30 1 1 N
19 29 2 0 N
19 7 1 2 N
19 21 0 1 N
29 41 0 1 N
29 2 1 0 N
29 21 2 2 N
41 3 1 0 N
41 32 0 2 N
41 37 2 1 N
3 9 1 1 N
3 38 0 0 N
3 33 2 2 N
9 22 1 2 N
9 23 0 0 N
9 14 2 1 N
22 6 2 0 N
22 10 1 2 N
22 35 0 1 N
6 12 2 0 N
6 19 1 2 N
6 38 0 1 N
12 25 1 1 N
12 27 2 0 N
12 0 0 2 N
25 7 1 0 N
25 41 0 1 N
25 4 2 2 N
7 26 1 2 N
7 30 2 0 N
7 37 0 1 N
26 35 0 1 N
26 0 2 0 N
26 21 1 2 N
35 36 0 1 N
35 21 2 2 N
35 14 1 0 N
36 27 1 0 N
36 29 0 2 N
36 12 2 1 N
27 18 0 1 N
27 34 1 0 N
27 30 2 2 N
18 28 2 0 N
18 24 0 2 N
18 30 1 1 N
28 33 1 0 N
28 29 2 2 N
28 20 0 1 N
33 11 2 1 N
33 22 0 2 N
33 14 1 0 N
11 23 1 1 N
11 37 2 2 N
11 9 0 0 N
23 30 0 2 N
23 14 1 0 N
23 4 2 1 N
30 10 0 2 N
30 39 1 1 N
30 32 2 0 N
10 32 1 1 N
10 9 2 0 N
10 32 0 2 N
32 37 1 2 N
32 30 2 0 N
32 32 0 1 N
37 2 1 2 N
37 0 0 1 N
37 10 2 0 N
2 16 1 1 N
2 35 2 2 N
2 10 0 0 N
16 8 0 1 N
16 13 1 2 N
16 12 2 0 N
8 1 1 1 N
8 31 0 0 N
8 32 2 2 N
1 34 0 0 N
1 24 1 2 N
1 0 2 1 N
34 17 2 2 N
34 27 1 1 N
34 14 0 0 N
17 14 0 1 N
17 22 1 2 N
17 40 2 0 N
14 21 2 1 N
14 0 0 0 N
14 32 1 2 N
21 4 2 1 N
21 31 1 0 N
21 35 0 2 N
4 39 0 1 N
4 27 2 2 N
4 10 1 0 N
39 38 1 1 N
39 34 2 0 N
39 37 0 2 N
38 20 0 1 N
38 27 2 0 N
38 34 1 2 N
20 40 1 1 N
20 15 2 2 N
20 9 0 0 N
40 24 2 2 N
40 22 0 1 N
40 8 1 0 N
24 13 0 0 N
24 38 2 2 N
24 9 1 1 N
13 31 2 0 N
13 11 1 1 N
13 0 0 2 N
31 0 2 0 N
31 10 1 2 N
31 10 0 1 N
0 9 1 2 N
0 7 2 0 N
0 20 0 1 N
