11 3 0 2 S
11 23 2 1 S
11 19 1 0 S
3 28 0 1 N
3 21 2 2 N
3 30 1 0 N
28 27 0 0 N
28 37 2 1 N
28 2 1 2 N
27 9 1 0 N
27 26 0 2 N
27 22 2 1 N
9 31 2 2 N
9 5 1 0 N
9 22 0 1 N
31 25 0 0 N
31 4 2 1 N
31 8 1 2 N
25 40 0 0 N
25 28 2 1 N
25 22 1 2 N
40 21 0 0 N
40 3 1 1 N
40 18 2 2 N
21 19 0 0 N
21 36 1 1 N
21 12 2 2 N
19 34 2 2 N
19 8 1 0 N
19 2 0 1 N
34 6 2 2 N
34 19 1 1 N
34 12 0 0 N
6 17 0 1 N
6 0 2 0 N
6 34 1 2 N
17 16 2 0 N
17 31 0 2 N
17 25 1 1 N
16 20 2 0 N
16 23 1 1 N
16 31 0 2 N
20 1 1 0 N
20 23 0 2 N
20 0 2 1 N
1 35 2 0 N
1 35 0 2 N
1 31 1 1 N
35 13 0 0 N
35 16 2 2 N
35 18 1 1 N
13 23 1 0 N
13 27 0 2 N
13 19 2 1 N
23 24 2 1 N
23 24 1 2 N
23 12 0 0 N
24 32 1 0 N
24 3 0 1 N
24 32 2 2 N
32 12 1 1 N
32 38 0 0 N
32 26 2 2 N
12 10 1 0 N
12 36 2 2 N
12 0 0 1 N
10 18 2 2 N
10 22 1 1 N
10 41 0 0 N
18 39 1 2 N
18 30 0 1 N
18 8 2 0 N
39 30 0 0 N
39 9 2 1 N
39 26 1 2 N
30 41 2 1 N
30 34 0 2 N
30 19 1 0 N
41 5 0 1 N
41 10 1 0 N
41 19 2 2 N
5 38 0 2 N
5 25 1 0 N
5 2 2 1 N
38 22 1 2 N
38 9 2 1 N
38 23 0 0 N
22 36 1 2 N
22 29 2 1 N
22 5 0 0 N
36 7 1 2 N
36 37 2 0 N
36 30 0 1 N
7 15 1 2 N
7 1 0 0 N
7 41 2 1 N
15 8 0 1 N
15 33 2 2 N
15 8 1 0 N
8 4 1 0 N
8 37 0 2 N
8 8 2 1 N
4 33 1 2 N
4 26 2 0 N
4 31 0 1 N
33 26 1 2 N
33 10 0 0 N
33 26 2 1 N
26 14 2 0 N
26 30 1 1 N
26 5 0 2 N
14 37 1 2 N
14 33 0 0 N
14 29 2 1 N
37 29 0 0 N
37 34 1 2 N
37 30 2 1 N
29 0 1 1 N
29 19 2 0 N
29 33 0 2 N
0 2 0 2 N
0 34 1 0 N
0 8 2 1 N
2 9 1 1 N
2 19 2 2 N
2 8 0 0 N
