36 11 2 1 S
36 9 0 0 S
36 17 1 2 S
11 27 1 1 N
11 29 0 2 N
11 35 2 0 N
27 20 1 2 N
27 30 0 0 N
27 32 2 1 N
20 7 0 0 N
20 8 1 2 N
20 4 2 1 N
7 23 0 0 N
7 25 2 2 N
7 33 1 1 N
23 21 2 2 N
23 32 1 1 N
23 32 0 0 N
21 32 0 0 N
21 9 1 1 N
21 18 2 2 N
32 37 1 0 N
32 9 0 1 N
32 32 2 2 N
37 24 1 2 N
37 8 2 0 N
37 33 0 1 N
24 9 2 1 N
24 25 0 0 N
24 28 1 2 N
9 6 0 2 N
9 0 2 0 N
9 4 1 1 N
6 39 1 0 N
6 40 2 1 N
6 34 0 2 N
39 25 2 2 N
39 37 0 1 N
39 28 1 0 N
25 33 0 1 N
25 0 2 0 N
25 3 1 2 N
33 34 0 2 N
33 10 1 1 N
33 38 2 0 N
34 18 0 1 N
34 28 1 2 N
34 10 2 0 N
18 22 0 0 N
18 10 1 2 N
18 32 2 1 N
22 41 0 0 N
22 26 2 1 N
22 28 1 2 N
41 0 2 1 N
41 16 1 2 N
41 10 0 0 N
0 3 1 1 N
0 40 0 2 N
0 18 2 0 N
3 30 2 1 N
3 17 0 0 N
3 23 1 2 N
30 4 0 2 N
30 37 1 1 N
30 27 2 0 N
4 19 0 2 N
4 26 1 1 N
4 26 2 0 N
19 40 2 0 N
19 1 0 1 N
19 23 1 2 N
40 2 1 2 N
40 30 0 0 N
40 29 2 1 N
2 28 2 2 N
2 7 1 1 N
2 27 0 0 N
28 8 0 2 N
28 25 2 0 N
28 23 1 1 N
8 1 0 1 N
8 32 1 0 N
8 10 2 2 N
1 12 2 1 N
1 17 0 0 N
1 32 1 2 N
12 13 0 1 N
12 25 2 2 N
12 38 1 0 N
13 10 1 1 N
13 15 0 0 N
13 30 2 2 N
10 26 1 1 N
10 9 2 0 N
10 38 0 2 N
26 38 1 2 N
26 1 2 0 N
26 23 0 1 N
38 15 1 2 N
38 1 2 0 N
38 9 0 1 N
15 16 2 0 N
15 18 1 2 N
15 9 0 1 N
16 29 1 2 N
16 14 2 1 N
16 33 0 0 N
29 35 2 0 N
29 18 1 1 N
29 27 0 2 N
35 31 0 2 N
35 4 2 0 N
35 8 1 1 N
31 14 1 2 N
31 9 0 0 N
31 32 2 1 N
14 5 2 1 N
14 22 0 0 N
14 18 1 2 N
5 17 2 2 N
5 1 1 0 N
5 22 0 1 N
17 25 1 1 N
17 28 0 0 N
17 32 2 2 N
