12 33 1 1 S
12 31 2 0 S
12 20 0 2 S
33 13 0 0 N
33 4 2 2 N
33 4 1 1 N
13 17 0 0 N
13 30 2 2 N
13 6 1 1 N
17 36 0 2 N
17 12 1 1 N
17 29 2 0 N
36 37 2 1 N
36 21 1 2 N
36 20 0 0 N
37 14 1 1 N
37 35 0 0 N
37 4 2 2 N
14 29 2 2 N
14 38 0 0 N
14 26 1 1 N
29 24 0 2 N
29 36 1 1 N
29 19 2 0 N
24 10 2 1 N
24 40 1 0 N
24 12 0 2 N
10 40 1 2 N
10 15 2 1 N
10 10 0 0 N
40 27 2 2 N
40 18 0 0 N
40 0 1 1 N
27 41 1 2 N
27 35 0 1 N
27 18 2 0 N
41 30 2 1 N
41 21 0 0 N
41 6 1 2 N
30 34 0 1 N
30 29 1 2 N
30 20 2 0 N
34 0 1 1 N
34 19 0 2 N
34 21 2 0 N
0 2 0 1 N
0 33 1 0 N
0 18 2 2 N
2 16 1 0 N
2 10 2 1 N
2 17 0 2 N
16 26 2 0 N
16 40 1 2 N
16 12 0 1 N
26 6 2 2 N
26 13 0 0 N
26 30 1 1 N
6 9 2 2 N
6 0 0 1 N
6 31 1 0 N
9 23 0 1 N
9 12 2 0 N
9 20 1 2 N
23 32 2 1 N
23 37 0 0 N
23 18 1 2 N
32 22 1 0 N
32 5 2 2 N
32 12 0 1 N
22 8 1 0 N
22 18 0 1 N
22 0 2 2 N
8 18 0 0 N
8 7 2 1 N
8 21 1 2 N
18 35 2 1 N
18 20 0 2 N
18 10 1 0 N
35 1 1 2 N
35 30 2 1 N
35 39 0 0 N
1 11 0 0 N
1 17 2 1 N
1 20 1 2 N
11 4 1 2 N
11 21 0 1 N
11 13 2 0 N
4 21 1 0 N
4 15 2 2 N
4 15 0 1 N
21 5 0 1 N
21 41 1 2 N
21 0 2 0 N
5 25 0 0 N
5 41 1 2 N
5 2 2 1 N
25 3 2 2 N
25 31 1 1 N
25 20 0 0 N
3 7 0 2 N
3 33 1 0 N
3 6 2 1 N
7 19 1 1 N
7 40 2 2 N
7 33 0 0 N
19 15 1 2 N
19 13 0 1 N
19 31 2 0 N
15 28 1 2 N
15 30 0 0 N
15 31 2 1 N
28 31 0 0 N
28 13 2 1 N
28 33 1 2 N
31 39 2 2 N
31 10 0 0 N
31 10 1 1 N
39 38 1 2 N
39 36 2 1 N
39 17 0 0 N
38 20 0 2 N
38 39 1 0 N
38 19 2 1 N
20 38 0 0 N
20 25 2 1 N
20 18 1 2 N
