36 27 0 0 S
36 16 2 2 S
36 8 1 1 S
27 19 1 2 N
27 15 0 1 N
27 2 2 0 N
19 26 2 2 N
19 9 0 1 N
19 8 1 0 N
26 32 2 1 N
26 24 0 2 N
26 2 1 0 N
32 12 1 1 N
32 33 0 2 N
32 31 2 0 N
12 28 1 2 N
12 39 0 1 N
12 25 2 0 N
28 40 1 1 N
28 20 0 2 N
28 26 2 0 N
40 8 0 1 N
40 7 1 2 N
40 7 2 0 N
8 20 0 1 N
8 25 2 2 N
8 34 1 0 N
20 37 2 1 N
20 32 1 2 N
20 24 0 0 N
37 21 1 2 N
37 14 2 1 N
37 21 0 0 N
21 38 1 1 N
21 32 2 2 N
21 29 0 0 N
38 2 0 1 N
38 36 1 0 N
38 2 2 2 N
2 30 0 1 N
2 3 2 0 N
2 7 1 2 N
30 31 2 0 N
30 21 1 2 N
30 8 0 1 N
31 9 0 0 N
31 35 1 1 N
31 41 2 2 N
9 3 2 1 N
9 29 0 2 N
9 2 1 0 N
3 1 1 0 N
3 34 0 2 N
3 26 2 1 N
1 13 1 2 N
1 18 0 1 N
1 24 2 0 N
13 5 1 1 N
13 36 0 0 N
13 33 2 2 N
5 15 2 1 N
5 8 1 2 N
5 7 0 0 N
15 10 1 0 N
15 7 0 2 N
15 41 2 1 N
10 39 2 0 N
10 24 0 1 N
10 2 1 2 N
39 29 2 1 N
39 35 1 2 N
39 26 0 0 N
29 23 1 0 N
29 7 0 2 N
29 2 2 1 N
23 11 2 2 N
23 2 1 0 N
23 2 0 1 N
11 34 0 1 N
11 26 2 2 N
11 26 1 0 N
34 14 1 1 N
34 39 2 2 N
34 40 0 0 N
14 4 0 1 N
14 4 2 2 N
14 26 1 0 N
4 41 2 1 N
4 2 1 2 N
4 34 0 0 N
41 22 1 0 N
41 3 2 1 N
41 16 0 2 N
22 35 2 1 N
22 24 1 0 N
22 20 0 2 N
35 16 1 2 N
35 2 2 0 N
35 10 0 1 N
16 7 2 0 N
16 8 1 2 N
16 8 0 1 N
7 6 2 2 N
7 40 0 0 N
7 7 1 1 N
6 0 1 1 N
6 37 0 2 N
6 34 2 0 N
0 17 2 1 N
0 1 1 0 N
0 23 0 2 N
17 33 2 1 N
17 22 1 2 N
17 24 0 0 N
33 25 0 2 N
33 34 2 1 N
33 4 1 0 N
25 18 1 1 N
25 15 0 2 N
25 10 2 0 N
18 24 2 2 N
18 31 1 0 N
18 34 0 1 N
24 8 1 2 N
24 29 2 1 N
24 40 0 0 N
