28 19 2 1 S
28 38 0 0 S
28 0 1 2 S
19 4 0 2 N
19 8 1 0 N
19 25 2 1 N
4 14 2 1 N
4 33 1 0 N
4 11 0 2 N
14 2 0 2 N
14 5 2 0 N
14 25 1 1 N
2 30 1 2 N
2 28 2 1 N
2 13 0 0 N
30 29 1 0 N
30 13 0 1 N
30 34 2 2 N
29 27 2 0 N
29 20 0 1 N
29 31 1 2 N
27 23 1 0 N
27 18 0 1 N
27 21 2 2 N
23 3 1 0 N
23 12 2 2 N
23 21 0 1 N
3 41 0 2 N
3 35 2 0 N
3 28 1 1 N
41 21 0 2 N
41 21 1 0 N
41 39 2 1 N
21 7 2 2 N
21 28 0 0 N
21 28 1 1 N
7 35 1 2 N
7 1 2 1 N
7 1 0 0 N
35 24 1 2 N
35 36 2 1 N
35 18 0 0 N
24 40 0 2 N
24 0 2 1 N
24 31 1 0 N
40 12 2 1 N
40 38 1 0 N
40 6 0 2 N
12 34 1 2 N
12 20 2 0 N
12 38 0 1 N
34 9 1 1 N
34 5 2 0 N
34 10 0 2 N
9 18 1 0 N
9 8 0 1 N
9 11 2 2 N
18 13 1 0 N
18 0 0 1 N
18 31 2 2 N
13 37 1 1 N
13 20 0 2 N
13 13 2 0 N
37 0 2 0 N
37 5 1 2 N
37 27 0 1 N
0 36 2 0 N
0 28 0 2 N
0 13 1 1 N
36 32 1 0 N
36 14 2 2 N
36 20 0 1 N
32 1 1 2 N
32 26 0 1 N
32 24 2 0 N
1 16 0 1 N
1 9 1 0 N
1 28 2 2 N
16 25 1 1 N
16 8 2 2 N
16 13 0 0 N
25 39 1 2 N
25 12 0 0 N
25 0 2 1 N
39 31 2 0 N
39 5 1 2 N
39 0 0 1 N
31 17 1 1 N
31 8 2 0 N
31 38 0 2 N
17 10 0 2 N
17 29 2 0 N
17 32 1 1 N
10 5 1 0 N
10 9 2 1 N
10 39 0 2 N
5 15 2 1 N
5 8 0 0 N
5 38 1 2 N
15 26 2 2 N
15 11 0 0 N
15 8 1 1 N
26 8 0 2 N
26 5 1 1 N
26 0 2 0 N
8 33 2 2 N
8 4 1 0 N
8 13 0 1 N
33 22 1 2 N
33 27 0 1 N
33 8 2 0 N
22 20 0 2 N
22 18 1 0 N
22 33 2 1 N
20 11 1 0 N
20 0 2 2 N
20 25 0 1 N
11 38 2 1 N
11 25 1 2 N
11 24 0 0 N
38 6 0 0 N
38 28 2 1 N
38 0 1 2 N
6 22 2 2 N
6 37 0 1 N
6 21 1 0 N
