26 7 2 2 S
26 40 1 0 S
26 16 0 1 S
7 22 2 2 N
7 33 1 1 N
7 15 0 0 N
22 39 1 2 N
22 13 0 0 N
22 13 2 1 N
39 40 0 2 N
39 41 2 1 N
39 41 1 0 N
40 33 2 0 N
40 6 1 1 N
40 37 0 2 N
33 30 2 1 N
33 39 1 2 N
33 13 0 0 N
30 11 1 2 N
30 5 0 1 N
30 28 2 0 N
11 37 0 1 N
11 7 1 0 N
11 32 2 2 N
37 1 1 2 N
37 28 0 1 N
37 7 2 0 N
1 38 0 0 N
1 2 1 2 N
1 38 2 1 N
38 29 2 2 N
38 4 1 0 N
38 38 0 1 N
29 12 1 0 N
29 24 0 1 N
29 25 2 2 N
12 35 0 2 N
12 29 1 0 N
12 16 2 1 N
35 5 0 2 N
35 31 2 0 N
35 4 1 1 N
5 32 1 0 N
5 4 2 1 N
5 8 0 2 N
32 6 0 1 N
32 2 1 0 N
32 18 2 2 N
6 9 2 0 N
6 39 1 1 N
6 37 0 2 N
9 0 1 1 N
9 26 2 0 N
9 23 0 2 N
0 4 1 2 N
0 11 0 0 N
0 13 2 1 N
4 18 0 1 N
4 17 1 2 N
4 38 2 0 N
18 31 1 2 N
18 38 2 1 N
18 38 0 0 N
31 2 0 2 N
31 29 1 0 N
31 38 2 1 N
2 23 2 2 N
2 17 0 1 N
2 16 1 0 N
23 16 2 1 N
23 32 0 2 N
23 18 1 0 N
16 41 1 1 N
16 38 2 2 N
16 32 0 0 N
41 36 2 2 N
41 13 0 1 N
41 29 1 0 N
36 15 1 1 N
36 2 2 2 N
36 25 0 0 N
15 17 2 2 N
15 25 0 1 N
15 32 1 0 N
17 14 0 0 N
17 13 1 1 N
17 13 2 2 N
14 21 2 2 N
14 16 1 0 N
14 31 0 1 N
21 34 2 1 N
21 33 0 2 N
21 37 1 0 N
34 3 0 0 N
34 37 1 1 N
34 29 2 2 N
3 10 2 1 N
3 18 0 2 N
3 18 1 0 N
10 8 0 0 N
10 4 1 2 N
10 19 2 1 N
8 13 0 2 N
8 1 2 0 N
8 15 1 1 N
13 20 1 1 N
13 18 0 0 N
13 18 2 2 N
20 28 2 0 N
20 7 1 1 N
20 9 0 2 N
28 24 0 0 N
28 27 2 1 N
28 37 1 2 N
24 19 0 1 N
24 19 2 0 N
24 31 1 2 N
19 27 2 2 N
19 15 1 0 N
19 18 0 1 N
27 25 0 0 N
27 28 1 2 N
27 16 2 1 N
25 23 1 2 N
25 22 0 0 N
25 0 2 1 N
