41 32 2 1 S
41 13 0 0 S
41 17 1 2 S
32 0 2 2 N
32 7 1 1 N
32 4 0 0 N
0 11 2 2 N
0 10 0 1 N
0 4 1 0 N
11 17 0 1 N
11 15 1 0 N
11 25 2 2 N
17 24 2 0 N
17 5 0 1 N
17 25 1 2 N
24 14 1 2 N
24 32 2 1 N
24 29 0 0 N
14 36 1 0 N
14 4 0 1 N
14 23 2 2 N
36 25 2 0 N
36 32 0 1 N
36 37 1 2 N
25 39 2 0 N
25 23 0 2 N
25 32 1 1 N
39 8 1 0 N
39 27 2 1 N
39 5 0 2 N
8 10 0 1 N
8 19 2 2 N
8 2 1 0 N
10 4 0 0 N
10 25 2 1 N
10 2 1 2 N
4 22 2 2 N
4 23 1 1 N
4 4 0 0 N
22 5 0 2 N
22 29 1 1 N
22 26 2 0 N
5 37 1 0 N
5 9 2 2 N
5 4 0 1 N
37 13 2 0 N
37 2 0 2 N
37 32 1 1 N
13 2 0 0 N
13 24 1 1 N
13 40 2 2 N
2 16 0 0 N
2 18 2 1 N
2 1 1 2 N
16 6 1 0 N
16 29 2 2 N
16 37 0 1 N
6 33 1 2 N
6 14 2 0 N
6 23 0 1 N
33 18 2 0 N
33 17 0 2 N
33 12 1 1 N
18 20 1 2 N
18 7 2 1 N
18 6 0 0 N
20 27 0 1 N
20 37 2 0 N
20 26 1 2 N
27 9 1 2 N
27 23 0 1 N
27 39 2 0 N
9 26 1 2 N
9 14 2 1 N
9 7 0 0 N
26 1 2 0 N
26 38 0 1 N
26 14 1 2 N
1 15 2 0 N
1 37 0 1 N
1 4 1 2 N
15 29 2 1 N
15 7 0 2 N
15 4 1 0 N
29 28 2 2 N
29 22 1 1 N
29 15 0 0 N
28 21 0 2 N
28 32 1 1 N
28 23 2 0 N
21 30 2 2 N
21 14 1 1 N
21 28 0 0 N
30 40 0 0 N
30 31 1 2 N
30 1 2 1 N
40 34 2 0 N
40 0 0 1 N
40 6 1 2 N
34 12 0 0 N
34 23 1 2 N
34 18 2 1 N
12 23 1 0 N
12 2 2 2 N
12 4 0 1 N
23 7 2 2 N
23 1 1 1 N
23 32 0 0 N
7 3 2 1 N
7 28 1 2 N
7 26 0 0 N
3 19 2 2 N
3 30 1 0 N
3 35 0 1 N
19 31 0 0 N
19 12 1 1 N
19 25 2 2 N
31 38 1 0 N
31 1 0 1 N
31 2 2 2 N
38 35 2 0 N
38 11 0 1 N
38 6 1 2 N
35 21 2 0 N
35 30 1 2 N
35 6 0 1 N
