44 16 0 1 S
16 17 1 0 N
17 32 1 0 N
32 23 0 2 N
23 41 1 0 N
41 27 1 2 N
27 47 0 1 N
47 39 0 1 N
39 9 0 2 N
9 12 2 0 N
12 22 2 2 N
22 19 2 0 N
19 34 2 2 N
34 25 2 1 N
25 10 0 0 N
10 5 1 0 N
5 1 0 2 N
1 6 1 2 N
6 31 0 2 N
31 26 1 0 N
26 4 2 1 N
4 30 2 1 N
30 33 2 0 N
33 21 2 0 N
21 15 2 0 N
15 18 0 0 N
18 40 2 0 N
40 2 2 0 N
2 29 1 1 N
29 42 1 2 N
42 14 2 2 N
14 20 1 2 N
20 8 0 0 N
8 7 0 1 N
7 48 0 2 N
48 45 1 1 N
45 35 2 0 N
35 28 0 1 N
28 3 1 1 N
3 38 2 1 N
38 24 2 0 N
24 13 2 1 N
13 11 2 1 N
11 0 2 1 N
0 36 2 1 N
36 46 1 2 N
46 37 1 2 N
37 43 1 1 N
