19 26 2 1 S
26 27 2 0 N
27 31 1 0 N
31 24 1 1 N
24 0 1 1 N
0 14 2 1 N
14 21 1 1 N
21 34 1 2 N
34 37 2 0 N
37 6 1 0 N
6 8 0 0 N
8 44 0 0 N
44 23 0 0 N
23 45 1 0 N
45 46 1 2 N
46 35 2 1 N
35 13 2 2 N
13 40 1 1 N
40 29 2 0 N
29 2 1 0 N
2 43 0 2 N
43 9 2 1 N
9 15 0 1 N
15 36 1 2 N
36 38 1 2 N
38 4 2 2 N
4 16 0 2 N
16 25 2 1 N
25 41 2 0 N
41 22 1 0 N
22 1 0 1 N
1 18 0 2 N
18 12 1 2 N
12 39 0 1 N
39 20 2 1 N
20 33 1 1 N
33 28 0 0 N
28 32 0 2 N
32 47 0 2 N
47 11 0 0 N
11 7 0 2 N
7 3 2 1 N
3 48 1 2 N
48 42 0 1 N
42 30 2 1 N
30 17 1 1 N
17 5 2 2 N
5 10 0 0 N
