32 4 0 2 S
32 45 1 1 S
32 15 2 0 S
4 8 0 0 N
4 32 2 1 N
4 5 1 2 N
8 18 1 1 N
8 19 0 2 N
8 19 2 0 N
18 40 0 0 N
18 6 2 2 N
18 14 1 1 N
40 22 1 1 N
40 16 0 2 N
40 36 2 0 N
22 41 0 2 N
22 24 1 1 N
22 24 2 0 N
41 34 1 2 N
41 43 2 1 N
41 25 0 0 N
34 48 2 2 N
34 25 0 0 N
34 41 1 1 N
48 25 2 2 N
48 47 0 1 N
48 35 1 0 N
25 16 1 1 N
25 26 0 2 N
25 25 2 0 N
16 7 1 1 N
16 13 2 2 N
16 46 0 0 N
7 42 1 0 N
7 41 2 2 N
7 25 0 1 N
42 29 1 1 N
42 32 2 0 N
42 25 0 2 N
29 44 2 2 N
29 5 1 0 N
29 14 0 1 N
44 20 0 2 N
44 11 2 1 N
44 19 1 0 N
20 10 1 0 N
20 45 2 1 N
20 36 0 2 N
10 1 2 1 N
10 1 1 2 N
10 11 0 0 N
1 5 0 0 N
1 35 1 2 N
1 26 2 1 N
5 14 1 2 N
5 46 0 0 N
5 41 2 1 N
14 2 2 0 N
14 34 1 2 N
14 26 0 1 N
2 24 0 0 N
2 15 1 2 N
2 29 2 1 N
24 15 1 2 N
24 5 2 1 N
24 35 0 0 N
15 13 1 2 N
15 23 2 0 N
15 42 0 1 N
13 27 0 0 N
13 24 1 1 N
13 9 2 2 N
27 0 1 0 N
27 33 0 1 N
27 46 2 2 N
0 30 0 2 N
0 39 2 0 N
0 23 1 1 N
30 6 2 2 N
30 21 1 1 N
30 19 0 0 N
6 23 0 1 N
6 5 1 0 N
6 34 2 2 N
23 39 0 2 N
23 4 1 0 N
23 19 2 1 N
39 28 1 1 N
39 24 0 0 N
39 23 2 2 N
28 43 1 1 N
28 33 0 0 N
28 5 2 2 N
43 38 1 0 N
43 9 2 2 N
43 34 0 1 N
38 46 1 0 N
38 1 0 2 N
38 35 2 1 N
46 47 1 2 N
46 10 2 0 N
46 42 0 1 N
47 17 2 0 N
47 1 1 2 N
47 31 0 1 N
17 26 1 0 N
17 13 0 2 N
17 28 2 1 N
26 3 0 0 N
26 8 2 2 N
26 25 1 1 N
3 21 1 0 N
3 32 0 2 N
3 34 2 1 N
21 36 1 0 N
21 11 2 1 N
21 31 0 2 N
36 33 1 2 N
36 33 0 0 N
36 44 2 1 N
33 19 0 0 N
33 6 1 1 N
33 1 2 2 N
19 37 0 2 N
19 36 2 0 N
19 41 1 1 N
37 9 0 1 N
37 45 2 0 N
37 34 1 2 N
9 11 2 1 N
9 5 0 2 N
9 34 1 0 N
11 45 2 0 N
11 25 0 1 N
11 25 1 2 N
45 12 1 2 N
45 14 2 1 N
45 32 0 0 N
12 35 1 1 N
12 9 2 0 N
12 1 0 2 N
35 31 0 2 N
35 15 1 1 N
35 41 2 0 N
31 38 2 0 N
31 47 1 1 N
31 38 0 2 N
