9 21 2 2 S
21 14 2 0 N
14 22 1 0 N
22 31 2 1 N
31 30 2 1 N
30 10 1 2 N
10 0 0 1 N
0 32 2 1 N
32 25 0 1 N
25 28 2 2 N
28 36 1 1 N
36 3 0 1 N
3 33 2 2 N
33 7 2 0 N
7 27 0 2 N
27 42 2 1 N
42 26 1 0 N
26 43 1 1 N
43 1 1 1 N
1 45 0 0 N
45 46 2 0 N
46 37 2 0 N
37 47 2 1 N
47 4 0 0 N
4 5 0 0 N
5 12 0 1 N
12 6 2 1 N
6 40 2 1 N
40 35 1 1 N
35 41 2 1 N
41 17 1 2 N
17 23 2 2 N
23 44 1 0 N
44 34 2 1 N
34 29 1 0 N
29 13 1 2 N
13 15 1 1 N
15 16 0 2 N
16 11 2 1 N
11 38 0 0 N
38 18 0 2 N
18 20 0 1 N
20 48 1 1 N
48 8 2 2 N
8 24 0 0 N
24 19 1 1 N
19 39 0 2 N
39 2 1 2 N
