1 11 2 1 S
11 41 1 1 N
41 22 2 1 N
22 6 2 1 N
6 29 2 2 N
29 8 1 1 N
8 24 1 2 N
24 48 2 0 N
48 40 0 1 N
40 36 2 0 N
36 13 2 2 N
13 14 2 0 N
14 42 1 2 N
42 10 1 2 N
10 44 2 2 N
44 32 2 2 N
32 27 0 2 N
27 3 2 2 N
3 39 1 2 N
39 17 0 1 N
17 18 2 2 N
18 25 0 1 N
25 12 1 1 N
12 23 0 0 N
23 31 1 1 N
31 21 0 1 N
21 30 2 0 N
30 43 1 0 N
43 16 0 0 N
16 33 2 0 N
33 4 1 1 N
4 38 2 1 N
38 46 1 2 N
46 45 1 1 N
45 35 1 0 N
35 7 0 2 N
7 20 1 1 N
20 26 0 0 N
26 28 0 1 N
28 2 1 1 N
2 9 0 0 N
9 47 0 1 N
47 19 1 2 N
19 34 0 1 N
34 5 1 0 N
5 37 2 1 N
37 15 0 2 N
15 0 1 2 N
