17 10 0 0 S
10 38 2 2 N
38 12 2 2 N
12 13 1 1 N
13 9 2 1 N
9 19 1 2 N
19 48 0 2 N
48 3 0 1 N
3 5 0 2 N
5 33 1 0 N
33 22 2 2 N
22 40 2 2 N
40 7 0 1 N
7 36 2 0 N
36 29 1 1 N
29 25 1 1 N
25 30 1 2 N
30 23 2 2 N
23 18 2 0 N
18 37 1 0 N
37 35 1 2 N
35 1 1 0 N
1 46 0 2 N
46 15 0 0 N
15 6 1 2 N
6 43 2 2 N
43 28 2 0 N
28 41 2 0 N
41 26 2 1 N
26 21 0 2 N
21 16 2 2 N
16 45 2 1 N
45 2 1 2 N
2 0 0 0 N
0 32 1 2 N
32 24 2 1 N
24 31 1 2 N
31 8 2 2 N
8 44 1 0 N
44 27 2 1 N
27 34 1 2 N
34 14 1 2 N
14 4 0 0 N
4 42 0 0 N
42 39 0 1 N
39 47 1 1 N
47 11 0 0 N
11 20 0 0 N
