4 18 0 1 S
4 45 2 0 S
4 9 1 2 S
18 45 0 1 N
18 44 2 2 N
18 40 1 0 N
45 34 1 1 N
45 47 0 0 N
45 37 2 2 N
34 43 2 2 N
34 27 1 1 N
34 9 0 0 N
43 12 2 0 N
43 26 1 1 N
43 0 0 2 N
12 32 2 0 N
12 25 0 2 N
12 45 1 1 N
32 47 2 1 N
32 0 0 2 N
32 33 1 0 N
47 33 1 0 N
47 3 2 2 N
47 13 0 1 N
33 10 1 1 N
33 46 2 2 N
33 37 0 0 N
10 15 2 1 N
10 7 1 0 N
10 33 0 2 N
15 39 0 1 N
15 38 1 0 N
15 24 2 2 N
39 36 0 0 N
39 45 2 2 N
39 11 1 1 N
36 23 1 0 N
36 47 0 2 N
36 45 2 1 N
23 3 1 2 N
23 17 2 0 N
23 7 0 1 N
3 30 0 1 N
3 14 2 2 N
3 24 1 0 N
30 11 1 2 N
30 13 0 1 N
30 35 2 0 N
11 46 0 0 N
11 40 1 1 N
11 15 2 2 N
46 24 1 2 N
46 38 0 0 N
46 47 2 1 N
24 0 2 1 N
24 32 1 2 N
24 35 0 0 N
0 17 2 2 N
0 10 1 1 N
0 37 0 0 N
17 2 1 1 N
17 23 2 2 N
17 47 0 0 N
2 9 1 0 N
2 17 2 1 N
2 38 0 2 N
9 41 2 0 N
9 27 0 1 N
9 46 1 2 N
41 44 2 0 N
41 0 1 2 N
41 15 0 1 N
44 31 1 0 N
44 15 0 2 N
44 4 2 1 N
31 35 0 0 N
31 1 2 2 N
31 16 1 1 N
35 48 0 2 N
35 35 1 1 N
35 35 2 0 N
48 14 0 0 N
48 24 2 2 N
48 44 1 1 N
14 28 0 2 N
14 10 2 0 N
14 37 1 1 N
28 38 0 0 N
28 34 2 1 N
28 1 1 2 N
38 16 1 2 N
38 16 0 0 N
38 23 2 1 N
16 20 1 2 N
16 27 2 0 N
16 29 0 1 N
20 21 0 1 N
20 37 1 2 N
20 46 2 0 N
21 8 0 1 N
21 13 1 2 N
21 7 2 0 N
8 37 1 0 N
8 33 0 1 N
8 40 2 2 N
37 1 0 0 N
37 24 2 2 N
37 40 1 1 N
1 6 1 0 N
1 3 0 2 N
1 24 2 1 N
6 22 2 2 N
6 33 0 1 N
6 14 1 0 N
22 26 0 0 N
22 13 1 2 N
22 37 2 1 N
26 42 2 0 N
26 17 0 2 N
26 35 1 1 N
42 7 1 0 N
42 47 2 1 N
42 46 0 2 N
7 5 0 2 N
7 13 2 1 N
7 19 1 0 N
5 13 0 2 N
5 17 1 1 N
5 21 2 0 N
13 29 1 0 N
13 32 0 2 N
13 19 2 1 N
29 25 0 2 N
29 10 1 1 N
29 40 2 0 N
25 27 0 2 N
25 34 1 0 N
25 44 2 1 N
27 19 1 2 N
27 0 0 1 N
27 40 2 0 N
19 40 1 1 N
19 35 2 0 N
19 40 0 2 N
40 7 1 0 N
40 47 2 1 N
40 35 0 2 N
