15 8 0 1 S
15 21 1 2 S
15 28 2 0 S
8 44 1 0 N
8 27 2 2 N
8 11 0 1 N
44 24 1 0 N
44 1 0 1 N
44 3 2 2 N
24 21 1 2 N
24 3 2 0 N
24 17 0 1 N
21 35 2 0 N
21 39 0 1 N
21 21 1 2 N
35 34 0 0 N
35 26 2 2 N
35 4 1 1 N
34 29 0 2 N
34 41 1 0 N
34 26 2 1 N
29 42 1 1 N
29 36 2 0 N
29 36 0 2 N
42 10 1 0 N
42 48 0 2 N
42 4 2 1 N
10 31 0 2 N
10 48 2 0 N
10 28 1 1 N
31 33 0 2 N
31 3 1 1 N
31 43 2 0 N
33 7 0 2 N
33 29 2 1 N
33 8 1 0 N
7 13 1 2 N
7 23 2 0 N
7 36 0 1 N
13 41 2 2 N
13 33 1 0 N
13 26 0 1 N
41 17 2 1 N
41 1 1 2 N
41 15 0 0 N
17 11 2 2 N
17 24 1 1 N
17 21 0 0 N
11 18 2 1 N
11 17 0 2 N
11 39 1 0 N
18 23 0 0 N
18 37 2 1 N
18 17 1 2 N
23 3 2 2 N
23 9 0 1 N
23 27 1 0 N
3 9 1 0 N
3 21 0 1 N
3 20 2 2 N
9 5 0 0 N
9 23 1 2 N
9 8 2 1 N
5 39 1 0 N
5 23 0 1 N
5 17 2 2 N
39 12 1 0 N
39 3 2 2 N
39 21 0 1 N
12 43 2 1 N
12 21 0 0 N
12 6 1 2 N
43 38 2 1 N
43 30 1 0 N
43 21 0 2 N
38 25 2 1 N
38 43 0 2 N
38 20 1 0 N
25 26 2 1 N
25 21 0 0 N
25 17 1 2 N
26 4 0 2 N
26 35 2 1 N
26 43 1 0 N
4 0 2 2 N
4 27 0 1 N
4 27 1 0 N
0 19 1 1 N
0 14 2 0 N
0 45 0 2 N
19 28 1 2 N
19 14 0 0 N
19 7 2 1 N
28 22 0 2 N
28 27 2 0 N
28 3 1 1 N
22 27 0 2 N
22 6 1 0 N
22 8 2 1 N
27 32 2 2 N
27 46 1 0 N
27 43 0 1 N
32 1 0 1 N
32 39 2 2 N
32 24 1 0 N
1 16 1 0 N
1 25 0 2 N
1 21 2 1 N
16 6 2 1 N
16 34 1 0 N
16 34 0 2 N
6 30 0 2 N
6 39 1 0 N
6 20 2 1 N
30 2 0 1 N
30 45 2 2 N
30 21 1 0 N
2 46 2 1 N
2 27 0 2 N
2 4 1 0 N
46 36 0 2 N
46 45 1 0 N
46 30 2 1 N
36 47 0 0 N
36 43 2 1 N
36 20 1 2 N
47 20 1 0 N
47 45 2 2 N
47 6 0 1 N
20 48 2 1 N
20 39 1 2 N
20 17 0 0 N
48 45 2 1 N
48 30 0 2 N
48 20 1 0 N
45 14 2 2 N
45 37 0 0 N
45 11 1 1 N
14 40 0 0 N
14 16 1 2 N
14 40 2 1 N
40 37 0 2 N
40 46 1 0 N
40 27 2 1 N
37 1 0 2 N
37 8 1 1 N
37 3 2 0 N
