40 4 1 2 S
4 35 2 2 N
35 10 1 0 N
10 23 0 0 N
23 22 2 0 N
22 31 2 2 N
31 32 1 0 N
32 29 1 0 N
29 28 2 0 N
28 6 2 2 N
6 45 0 0 N
45 41 0 2 N
41 16 1 0 N
16 21 2 2 N
21 30 2 2 N
30 25 1 0 N
25 17 1 2 N
17 19 2 0 N
19 43 1 0 N
43 42 2 1 N
42 5 1 0 N
5 18 2 2 N
18 0 0 1 N
0 20 0 0 N
20 2 0 1 N
2 47 1 2 N
47 27 1 1 N
27 15 1 2 N
15 26 1 0 N
26 48 1 0 N
48 12 1 1 N
12 13 0 2 N
13 14 1 0 N
14 44 2 1 N
44 36 0 0 N
36 33 0 2 N
33 3 1 2 N
3 7 1 1 N
7 39 1 2 N
39 38 1 2 N
38 34 2 0 N
34 37 0 0 N
37 24 1 1 N
24 1 0 1 N
1 11 0 0 N
11 8 2 2 N
8 9 1 0 N
9 46 1 0 N
