20 22 2 1 S
20 38 0 0 S
20 11 1 2 S
22 2 1 1 N
22 42 0 0 N
22 26 2 2 N
2 21 1 0 N
2 47 2 2 N
2 47 0 1 N
21 25 1 1 N
21 32 0 2 N
21 38 2 0 N
25 30 2 0 N
25 1 1 2 N
25 47 0 1 N
30 12 1 2 N
30 24 0 0 N
30 34 2 1 N
12 48 0 2 N
12 30 1 1 N
12 38 2 0 N
48 43 1 0 N
48 22 2 1 N
48 18 0 2 N
43 23 1 0 N
43 32 2 1 N
43 19 0 2 N
23 8 2 1 N
23 39 0 2 N
23 38 1 0 N
8 15 1 2 N
8 38 0 1 N
8 21 2 0 N
15 13 1 0 N
15 24 0 2 N
15 45 2 1 N
13 10 2 0 N
13 1 0 2 N
13 45 1 1 N
10 27 2 0 N
10 2 1 1 N
10 13 0 2 N
27 3 1 0 N
27 38 2 1 N
27 5 0 2 N
3 38 0 2 N
3 0 2 0 N
3 2 1 1 N
38 35 0 0 N
38 19 2 1 N
38 3 1 2 N
35 16 2 0 N
35 20 1 1 N
35 15 0 2 N
16 41 2 2 N
16 22 1 0 N
16 23 0 1 N
41 17 1 1 N
41 2 2 2 N
41 24 0 0 N
17 9 0 2 N
17 6 2 1 N
17 10 1 0 N
9 11 1 2 N
9 6 0 0 N
9 33 2 1 N
11 42 0 2 N
11 5 1 0 N
11 10 2 1 N
42 33 0 0 N
42 16 2 2 N
42 23 1 1 N
33 39 0 1 N
33 26 1 0 N
33 13 2 2 N
39 34 1 1 N
39 46 2 0 N
39 13 0 2 N
34 46 1 0 N
34 24 2 1 N
34 25 0 2 N
46 4 1 0 N
46 1 2 1 N
46 38 0 2 N
4 44 2 1 N
4 11 1 2 N
4 19 0 0 N
44 1 2 0 N
44 10 1 1 N
44 10 0 2 N
1 29 2 2 N
1 33 1 1 N
1 11 0 0 N
29 19 2 1 N
29 4 1 2 N
29 10 0 0 N
19 26 1 1 N
19 44 0 0 N
19 13 2 2 N
26 5 0 1 N
26 13 1 2 N
26 11 2 0 N
5 28 1 1 N
5 46 0 0 N
5 15 2 2 N
28 7 1 0 N
28 48 2 1 N
28 24 0 2 N
7 40 0 0 N
7 27 1 1 N
7 5 2 2 N
40 6 0 2 N
40 4 1 1 N
40 3 2 0 N
6 0 1 0 N
6 33 0 1 N
6 4 2 2 N
0 18 2 0 N
0 3 0 1 N
0 25 1 2 N
18 32 2 0 N
18 15 0 2 N
18 42 1 1 N
32 24 2 1 N
32 5 1 2 N
32 25 0 0 N
24 31 0 2 N
24 21 1 0 N
24 14 2 1 N
31 14 1 2 N
31 12 2 0 N
31 8 0 1 N
14 47 1 2 N
14 17 2 0 N
14 11 0 1 N
47 37 1 0 N
47 25 2 2 N
47 13 0 1 N
37 36 2 0 N
37 27 1 2 N
37 1 0 1 N
36 45 1 1 N
36 6 2 2 N
36 41 0 0 N
45 4 1 2 N
45 24 2 0 N
45 45 0 1 N
