9 39 2 0 S
9 34 1 2 S
9 38 0 1 S
39 6 2 0 N
39 5 0 1 N
39 11 1 2 N
6 13 0 1 N
6 11 2 2 N
6 25 1 0 N
13 11 1 1 N
13 34 2 2 N
13 27 0 0 N
11 30 2 2 N
11 34 0 0 N
11 6 1 1 N
30 24 1 0 N
30 25 2 2 N
30 32 0 1 N
24 7 2 2 N
24 8 0 0 N
24 18 1 1 N
7 10 0 1 N
7 39 1 2 N
7 6 2 0 N
10 43 1 2 N
10 18 2 1 N
10 43 0 0 N
43 41 0 2 N
43 2 1 1 N
43 7 2 0 N
41 45 0 0 N
41 18 1 1 N
41 22 2 2 N
45 40 1 2 N
45 18 0 1 N
45 29 2 0 N
40 46 0 0 N
40 9 1 2 N
40 31 2 1 N
46 1 1 0 N
46 27 2 2 N
46 6 0 1 N
1 2 2 2 N
1 6 0 0 N
1 38 1 1 N
2 29 0 2 N
2 9 1 0 N
2 6 2 1 N
29 44 2 0 N
29 43 0 2 N
29 1 1 1 N
44 19 0 1 N
44 37 1 2 N
44 34 2 0 N
19 42 0 0 N
19 34 1 2 N
19 6 2 1 N
42 3 0 1 N
42 47 1 0 N
42 47 2 2 N
3 48 0 2 N
3 7 1 1 N
3 26 2 0 N
48 20 1 1 N
48 21 2 0 N
48 37 0 2 N
20 33 0 1 N
20 11 1 2 N
20 43 2 0 N
33 4 0 0 N
33 3 2 2 N
33 37 1 1 N
4 17 1 2 N
4 19 0 1 N
4 16 2 0 N
17 22 2 0 N
17 38 0 1 N
17 11 1 2 N
22 23 1 0 N
22 30 2 2 N
22 13 0 1 N
23 31 1 0 N
23 6 0 2 N
23 39 2 1 N
31 16 1 1 N
31 9 2 0 N
31 1 0 2 N
16 5 2 0 N
16 3 0 1 N
16 26 1 2 N
5 37 1 0 N
5 17 0 1 N
5 11 2 2 N
37 28 0 0 N
37 25 1 1 N
37 6 2 2 N
28 15 1 0 N
28 39 2 1 N
28 34 0 2 N
15 25 2 1 N
15 44 1 2 N
15 18 0 0 N
25 27 0 2 N
25 17 2 0 N
25 25 1 1 N
27 35 0 2 N
27 7 2 1 N
27 46 1 0 N
35 34 1 1 N
35 27 0 0 N
35 6 2 2 N
34 0 2 1 N
34 19 1 0 N
34 29 0 2 N
0 8 1 2 N
0 23 0 0 N
0 34 2 1 N
8 38 1 2 N
8 38 0 1 N
8 26 2 0 N
38 32 2 0 N
38 2 0 1 N
38 35 1 2 N
32 12 0 0 N
32 27 1 2 N
32 26 2 1 N
12 21 2 1 N
12 19 0 0 N
12 18 1 2 N
21 14 0 0 N
21 0 1 2 N
21 39 2 1 N
14 26 1 2 N
14 25 0 0 N
14 13 2 1 N
26 47 0 2 N
26 27 1 0 N
26 17 2 1 N
47 36 2 2 N
47 11 0 0 N
47 33 1 1 N
36 18 1 1 N
36 17 2 2 N
36 10 0 0 N
18 22 1 0 N
18 6 2 1 N
18 44 0 2 N
