42 15 2 1 S
15 25 2 0 N
25 19 1 1 N
19 20 1 0 N
20 36 0 0 N
36 0 0 2 N
0 24 1 2 N
24 39 2 0 N
39 21 1 2 N
21 41 2 0 N
41 37 1 0 N
37 35 2 1 N
35 28 1 2 N
28 23 2 1 N
23 6 0 2 N
6 7 1 1 N
7 8 2 0 N
8 10 0 2 N
10 22 1 1 N
22 9 2 2 N
9 47 0 2 N
47 29 0 2 N
29 43 2 2 N
43 40 1 1 N
40 44 0 0 N
44 17 1 0 N
17 13 0 2 N
13 26 0 2 N
26 33 0 1 N
33 14 2 1 N
14 32 2 2 N
32 1 0 1 N
1 3 2 0 N
3 38 0 2 N
38 31 2 1 N
31 34 1 0 N
34 11 2 1 N
11 5 2 2 N
5 4 0 1 N
4 30 2 1 N
30 18 1 2 N
18 16 0 2 N
16 27 2 1 N
27 46 1 2 N
46 12 1 0 N
12 2 0 0 N
2 45 2 0 N
45 48 1 1 N
