7 20 1 2 S
20 23 2 2 N
23 25 2 2 N
25 37 2 0 N
37 8 0 0 N
8 45 2 0 N
45 42 0 0 N
42 43 2 0 N
43 39 2 2 N
39 18 2 0 N
18 36 1 0 N
36 13 0 1 N
13 6 0 0 N
6 24 2 2 N
24 4 2 1 N
4 40 1 2 N
40 0 1 1 N
0 38 1 1 N
38 1 0 2 N
1 34 2 2 N
34 2 0 1 N
2 3 0 2 N
3 33 0 1 N
33 9 1 0 N
9 5 2 0 N
5 48 1 0 N
48 46 1 0 N
46 29 2 1 N
29 19 2 1 N
19 15 0 0 N
15 14 2 0 N
14 44 1 0 N
44 21 0 1 N
21 22 2 1 N
22 27 2 1 N
27 35 2 1 N
35 16 0 1 N
16 32 0 0 N
32 30 0 0 N
30 28 2 0 N
28 41 1 2 N
41 11 2 2 N
11 26 0 2 N
26 17 1 0 N
17 47 2 2 N
47 12 1 1 N
12 31 0 1 N
31 10 0 2 N
