5 20 1 2 S
20 34 1 0 N
34 48 1 2 N
48 17 0 2 N
17 3 1 0 N
3 19 1 1 N
19 12 0 2 N
12 47 0 0 N
47 38 2 2 N
38 35 2 0 N
35 25 1 1 N
25 40 1 0 N
40 2 2 1 N
2 7 1 0 N
7 32 0 1 N
32 46 1 1 N
46 22 1 0 N
22 42 1 2 N
42 13 1 2 N
13 29 0 0 N
29 41 1 0 N
41 1 2 1 N
1 11 0 1 N
11 15 1 0 N
15 24 1 1 N
24 16 2 0 N
16 37 1 0 N
37 21 1 1 N
21 23 2 0 N
23 36 2 0 N
36 30 2 0 N
30 45 1 1 N
45 31 0 1 N
31 26 0 2 N
26 44 2 2 N
44 18 0 0 N
18 28 1 0 N
28 10 0 2 N
10 0 2 2 N
0 33 1 0 N
33 6 2 1 N
6 43 0 2 N
43 14 1 0 N
14 39 0 1 N
39 4 1 2 N
4 27 2 0 N
27 8 1 2 N
8 9 1 2 N
