30 25 1 0 S
30 21 2 1 S
30 15 0 2 S
25 17 2 2 N
25 20 1 1 N
25 39 0 0 N
17 32 2 2 N
17 36 1 0 N
17 2 0 1 N
32 31 1 1 N
32 2 0 2 N
32 44 2 0 N
31 6 1 2 N
31 20 0 0 N
31 17 2 1 N
6 41 1 2 N
6 39 2 1 N
6 39 0 0 N
41 35 1 2 N
41 44 0 1 N
41 27 2 0 N
35 43 2 0 N
35 30 1 1 N
35 1 0 2 N
43 33 2 0 N
43 1 1 1 N
43 15 0 2 N
33 9 2 2 N
33 18 1 0 N
33 7 0 1 N
9 3 1 1 N
9 41 0 2 N
9 39 2 0 N
3 40 1 1 N
3 4 2 0 N
3 22 0 2 N
40 38 1 1 N
40 3 0 0 N
40 1 2 2 N
38 44 0 0 N
38 33 2 2 N
38 13 1 1 N
44 7 1 2 N
44 5 2 1 N
44 44 0 0 N
7 12 2 0 N
7 6 0 2 N
7 38 1 1 N
12 48 0 0 N
12 2 1 2 N
12 43 2 1 N
48 10 1 0 N
48 2 2 1 N
48 39 0 2 N
10 24 0 0 N
10 3 1 2 N
10 43 2 1 N
24 15 2 1 N
24 38 0 0 N
24 2 1 2 N
15 14 0 2 N
15 29 1 1 N
15 39 2 0 N
14 34 2 2 N
14 43 0 0 N
14 3 1 1 N
34 27 0 0 N
34 27 2 1 N
34 9 1 2 N
27 2 1 2 N
27 1 0 1 N
27 10 2 0 N
2 18 1 1 N
2 14 2 0 N
2 10 0 2 N
18 4 2 0 N
18 46 1 2 N
18 0 0 1 N
4 5 0 0 N
4 6 2 2 N
4 10 1 1 N
5 11 2 1 N
5 44 0 0 N
5 44 1 2 N
11 42 1 1 N
11 43 2 0 N
11 29 0 2 N
42 20 0 1 N
42 16 1 2 N
42 9 2 0 N
20 37 2 2 N
20 22 0 1 N
20 21 1 0 N
37 22 0 1 N
37 22 2 2 N
37 8 1 0 N
22 26 2 0 N
22 30 1 2 N
22 32 0 1 N
26 8 1 0 N
26 7 2 2 N
26 38 0 1 N
8 45 1 0 N
8 45 2 1 N
8 36 0 2 N
45 19 2 2 N
45 2 1 1 N
45 6 0 0 N
19 47 0 0 N
19 16 1 2 N
19 9 2 1 N
47 46 0 1 N
47 20 1 0 N
47 29 2 2 N
46 1 2 0 N
46 29 0 2 N
46 9 1 1 N
1 21 1 0 N
1 9 0 2 N
1 29 2 1 N
21 39 0 2 N
21 6 2 1 N
21 29 1 0 N
39 23 0 2 N
39 38 1 0 N
39 16 2 1 N
23 28 1 0 N
23 16 2 2 N
23 38 0 1 N
28 0 1 0 N
28 1 2 1 N
28 1 0 2 N
0 13 0 0 N
0 9 2 1 N
0 44 1 2 N
13 29 1 2 N
13 9 0 1 N
13 5 2 0 N
29 36 0 1 N
29 32 2 2 N
29 6 1 0 N
36 16 1 1 N
36 39 0 2 N
36 7 2 0 N
16 0 2 1 N
16 47 0 2 N
16 5 1 0 N
