38 1 2 2 S
38 18 1 1 S
38 14 0 0 S
1 36 2 0 N
1 35 1 1 N
1 33 0 2 N
36 47 1 2 N
36 30 0 1 N
36 10 2 0 N
47 46 1 2 N
47 33 0 1 N
47 4 2 0 N
46 2 1 2 N
46 26 2 0 N
46 23 0 1 N
2 25 1 2 N
2 37 2 1 N
2 14 0 0 N
25 17 0 2 N
25 42 1 0 N
25 36 2 1 N
17 44 2 0 N
17 21 1 2 N
17 10 0 1 N
44 45 2 1 N
44 1 1 0 N
44 32 0 2 N
45 4 1 1 N
45 7 2 2 N
45 9 0 0 N
4 15 2 1 N
4 18 1 2 N
4 5 0 0 N
15 43 1 2 N
15 40 2 1 N
15 12 0 0 N
43 13 2 0 N
43 18 0 2 N
43 4 1 1 N
13 3 2 0 N
13 23 0 2 N
13 21 1 1 N
3 7 2 0 N
3 23 1 1 N
3 36 0 2 N
7 34 1 0 N
7 21 2 2 N
7 23 0 1 N
34 28 1 0 N
34 31 2 1 N
34 21 0 2 N
28 21 0 1 N
28 4 2 2 N
28 4 1 0 N
21 39 1 0 N
21 18 0 1 N
21 18 2 2 N
39 23 0 0 N
39 32 2 1 N
39 17 1 2 N
23 30 0 2 N
23 5 2 0 N
23 5 1 1 N
30 5 2 2 N
30 38 0 1 N
30 46 1 0 N
5 31 0 0 N
5 5 1 2 N
5 5 2 1 N
31 8 2 1 N
31 3 1 2 N
31 29 0 0 N
8 33 2 2 N
8 16 1 0 N
8 5 0 1 N
33 14 2 1 N
33 6 1 0 N
33 16 0 2 N
14 11 2 0 N
14 0 1 2 N
14 13 0 1 N
11 37 1 1 N
11 2 2 0 N
11 24 0 2 N
37 18 0 1 N
37 42 1 2 N
37 28 2 0 N
18 29 0 0 N
18 48 1 1 N
18 4 2 2 N
29 10 0 2 N
29 7 2 1 N
29 13 1 0 N
10 24 1 1 N
10 46 2 2 N
10 32 0 0 N
24 16 2 1 N
24 47 1 0 N
24 38 0 2 N
16 35 1 2 N
16 10 0 0 N
16 0 2 1 N
35 48 0 1 N
35 27 2 0 N
35 46 1 2 N
48 42 0 1 N
48 32 2 0 N
48 4 1 2 N
42 20 0 2 N
42 22 1 1 N
42 0 2 0 N
20 12 1 1 N
20 30 0 2 N
20 46 2 0 N
12 6 0 1 N
12 14 1 0 N
12 28 2 2 N
6 26 0 1 N
6 12 1 0 N
6 5 2 2 N
26 22 2 0 N
26 32 0 1 N
26 0 1 2 N
22 40 2 2 N
22 48 1 0 N
22 10 0 1 N
40 19 2 0 N
40 6 0 2 N
40 8 1 1 N
19 32 2 1 N
19 22 1 2 N
19 15 0 0 N
32 41 2 1 N
32 18 0 0 N
32 23 1 2 N
41 9 1 1 N
41 13 0 2 N
41 42 2 0 N
9 0 0 2 N
9 13 1 1 N
9 13 2 0 N
0 27 2 2 N
0 33 0 0 N
0 18 1 1 N
27 35 1 2 N
27 48 2 0 N
27 0 0 1 N
