45 46 0 0 S
45 15 2 1 S
45 19 1 2 S
46 13 2 2 N
46 13 1 1 N
46 24 0 0 N
13 11 0 0 N
13 35 1 2 N
13 1 2 1 N
11 12 0 2 N
11 24 2 1 N
11 26 1 0 N
12 6 0 0 N
12 25 1 2 N
12 32 2 1 N
6 2 2 0 N
6 23 1 2 N
6 15 0 1 N
2 21 1 2 N
2 10 0 0 N
2 18 2 1 N
21 25 0 1 N
21 48 1 0 N
21 32 2 2 N
25 44 0 2 N
25 39 1 0 N
25 37 2 1 N
44 8 1 2 N
44 26 0 0 N
44 24 2 1 N
8 17 0 2 N
8 20 2 1 N
8 0 1 0 N
17 29 1 1 N
17 2 0 2 N
17 38 2 0 N
29 37 0 2 N
29 22 1 0 N
29 26 2 1 N
37 19 2 1 N
37 22 0 2 N
37 22 1 0 N
19 16 1 0 N
19 26 0 2 N
19 11 2 1 N
16 32 0 0 N
16 27 1 2 N
16 30 2 1 N
32 35 2 2 N
32 25 0 1 N
32 38 1 0 N
35 22 2 0 N
35 36 0 2 N
35 31 1 1 N
22 41 0 2 N
22 39 1 1 N
22 39 2 0 N
41 30 0 2 N
41 29 2 0 N
41 5 1 1 N
30 33 2 0 N
30 19 0 1 N
30 34 1 2 N
33 5 0 0 N
33 15 2 1 N
33 26 1 2 N
5 38 2 2 N
5 14 0 1 N
5 34 1 0 N
38 40 1 0 N
38 31 2 2 N
38 26 0 1 N
40 1 1 2 N
40 30 0 0 N
40 10 2 1 N
1 10 2 2 N
1 38 0 0 N
1 5 1 1 N
10 0 0 0 N
10 43 1 2 N
10 5 2 1 N
0 4 1 1 N
0 2 0 0 N
0 29 2 2 N
4 9 0 2 N
4 40 1 0 N
4 30 2 1 N
9 28 1 0 N
9 47 2 1 N
9 2 0 2 N
28 14 0 2 N
28 12 2 0 N
28 17 1 1 N
14 7 1 1 N
14 39 0 2 N
14 38 2 0 N
7 31 0 1 N
7 22 1 2 N
7 43 2 0 N
31 26 0 0 N
31 4 2 1 N
31 5 1 2 N
26 48 1 0 N
26 0 2 1 N
26 37 0 2 N
48 36 0 2 N
48 45 1 1 N
48 24 2 0 N
36 15 0 2 N
36 1 2 0 N
36 33 1 1 N
15 43 1 0 N
15 33 2 1 N
15 37 0 2 N
43 23 0 0 N
43 34 1 1 N
43 24 2 2 N
23 3 2 1 N
23 5 0 0 N
23 18 1 2 N
3 20 1 0 N
3 1 0 2 N
3 34 2 1 N
20 34 2 1 N
20 11 0 0 N
20 14 1 2 N
34 18 0 0 N
34 24 1 1 N
34 39 2 2 N
18 42 0 2 N
18 30 1 1 N
18 22 2 0 N
42 47 0 0 N
42 44 2 1 N
42 6 1 2 N
47 39 1 1 N
47 26 2 2 N
47 39 0 0 N
39 24 1 2 N
39 38 2 1 N
39 39 0 0 N
24 27 0 1 N
24 30 2 2 N
24 39 1 0 N
27 26 0 0 N
27 38 1 1 N
27 39 2 2 N
