6 40 0 1 S
6 26 1 0 S
6 48 2 2 S
40 43 2 1 N
40 37 1 2 N
40 2 0 0 N
43 27 1 0 N
43 10 0 2 N
43 48 2 1 N
27 47 0 1 N
27 48 2 2 N
27 25 1 0 N
47 25 2 0 N
47 30 0 2 N
47 6 1 1 N
25 5 2 2 N
25 42 0 1 N
25 42 1 0 N
5 26 1 2 N
5 28 0 0 N
5 13 2 1 N
26 48 1 2 N
26 18 2 0 N
26 2 0 1 N
48 44 0 1 N
48 34 1 0 N
48 32 2 2 N
44 23 0 1 N
44 4 1 0 N
44 6 2 2 N
23 42 1 0 N
23 20 2 2 N
23 11 0 1 N
42 15 1 2 N
42 24 0 1 N
42 42 2 0 N
15 11 0 0 N
15 36 1 1 N
15 20 2 2 N
11 8 0 2 N
11 4 1 0 N
11 4 2 1 N
8 38 2 2 N
8 37 0 0 N
8 33 1 1 N
38 17 1 0 N
38 14 2 1 N
38 17 0 2 N
17 35 2 1 N
17 25 0 2 N
17 37 1 0 N
35 28 2 2 N
35 20 0 0 N
35 28 1 1 N
28 24 2 1 N
28 48 0 0 N
28 25 1 2 N
24 36 2 2 N
24 44 1 0 N
24 25 0 1 N
36 2 0 0 N
36 8 2 2 N
36 11 1 1 N
2 45 2 1 N
2 45 0 0 N
2 16 1 2 N
45 0 1 2 N
45 48 2 1 N
45 31 0 0 N
0 31 2 0 N
0 25 1 1 N
0 35 0 2 N
31 12 2 0 N
31 42 0 1 N
31 42 1 2 N
12 13 2 2 N
12 5 0 0 N
12 37 1 1 N
13 39 0 0 N
13 20 1 2 N
13 25 2 1 N
39 4 1 2 N
39 4 2 1 N
39 10 0 0 N
4 19 1 2 N
4 27 2 0 N
4 44 0 1 N
19 10 2 0 N
19 47 0 1 N
19 29 1 2 N
10 33 2 2 N
10 13 0 0 N
10 6 1 1 N
33 1 1 2 N
33 16 0 0 N
33 48 2 1 N
1 9 2 0 N
1 22 1 1 N
1 6 0 2 N
9 21 1 0 N
9 35 0 1 N
9 37 2 2 N
21 20 1 1 N
21 31 0 0 N
21 6 2 2 N
20 3 0 1 N
20 24 1 0 N
20 42 2 2 N
3 46 1 1 N
3 0 2 0 N
3 16 0 2 N
46 30 0 0 N
46 48 1 1 N
46 10 2 2 N
30 7 2 2 N
30 14 1 0 N
30 11 0 1 N
7 29 1 0 N
7 39 0 1 N
7 47 2 2 N
29 14 2 2 N
29 25 1 1 N
29 28 0 0 N
14 22 2 1 N
14 16 1 0 N
14 9 0 2 N
22 32 1 2 N
22 33 0 1 N
22 31 2 0 N
32 41 0 0 N
32 42 2 1 N
32 31 1 2 N
41 18 2 1 N
41 38 1 0 N
41 17 0 2 N
18 16 2 2 N
18 45 0 1 N
18 26 1 0 N
16 34 0 2 N
16 45 1 0 N
16 6 2 1 N
34 37 2 1 N
34 1 0 0 N
34 38 1 2 N
37 29 2 1 N
37 25 1 0 N
37 28 0 2 N
