28 48 0 0 S
28 22 2 2 S
28 48 1 1 S
48 4 1 2 N
48 17 2 1 N
48 41 0 0 N
4 15 1 0 N
4 14 0 2 N
4 20 2 1 N
15 2 1 2 N
15 18 0 0 N
15 1 2 1 N
2 42 2 0 N
2 14 1 1 N
2 12 0 2 N
42 1 0 2 N
42 40 1 0 N
42 18 2 1 N
1 5 0 0 N
1 7 1 1 N
1 27 2 2 N
5 14 2 1 N
5 30 0 2 N
5 28 1 0 N
14 12 1 2 N
14 29 0 0 N
14 2 2 1 N
12 19 1 2 N
12 28 2 1 N
12 48 0 0 N
19 41 0 2 N
19 8 2 1 N
19 30 1 0 N
41 9 2 2 N
41 26 0 0 N
41 18 1 1 N
9 21 2 2 N
9 1 0 0 N
9 18 1 1 N
21 39 2 1 N
21 15 1 0 N
21 24 0 2 N
39 44 0 0 N
39 10 1 2 N
39 8 2 1 N
44 0 2 1 N
44 40 0 2 N
44 38 1 0 N
0 43 2 2 N
0 13 0 1 N
0 12 1 0 N
43 20 0 2 N
43 10 1 1 N
43 1 2 0 N
20 23 0 0 N
20 42 2 2 N
20 3 1 1 N
23 18 2 2 N
23 25 0 1 N
23 19 1 0 N
18 25 1 1 N
18 18 2 2 N
18 18 0 0 N
25 27 2 0 N
25 41 1 2 N
25 41 0 1 N
27 37 0 0 N
27 4 2 2 N
27 41 1 1 N
37 47 1 0 N
37 34 0 2 N
37 48 2 1 N
47 16 0 0 N
47 10 2 1 N
47 24 1 2 N
16 45 2 1 N
16 13 1 2 N
16 41 0 0 N
45 10 1 2 N
45 1 0 0 N
45 24 2 1 N
10 29 0 1 N
10 5 1 2 N
10 13 2 0 N
29 46 0 2 N
29 44 2 1 N
29 35 1 0 N
46 38 2 2 N
46 43 0 0 N
46 9 1 1 N
38 8 1 1 N
38 24 2 0 N
38 2 0 2 N
8 34 0 0 N
8 35 2 2 N
8 47 1 1 N
34 22 2 0 N
34 13 1 2 N
34 41 0 1 N
22 6 1 0 N
22 41 0 2 N
22 26 2 1 N
6 31 2 2 N
6 29 1 1 N
6 20 0 0 N
31 17 1 0 N
31 33 2 1 N
31 4 0 2 N
17 32 2 0 N
17 34 1 2 N
17 7 0 1 N
32 11 1 2 N
32 47 0 0 N
32 38 2 1 N
11 35 2 0 N
11 17 0 2 N
11 31 1 1 N
35 7 2 1 N
35 19 1 2 N
35 23 0 0 N
7 26 0 0 N
7 20 2 2 N
7 5 1 1 N
26 36 0 1 N
26 15 2 0 N
26 18 1 2 N
36 40 2 2 N
36 26 0 0 N
36 7 1 1 N
40 30 2 2 N
40 25 0 0 N
40 3 1 1 N
30 24 0 0 N
30 26 1 2 N
30 18 2 1 N
24 3 1 1 N
24 39 0 0 N
24 48 2 2 N
3 33 0 1 N
3 34 2 2 N
3 41 1 0 N
33 13 2 1 N
33 5 1 2 N
33 16 0 0 N
13 24 1 2 N
13 41 2 1 N
13 18 0 0 N
