24 3 0 0 S
24 23 1 2 S
24 28 2 1 S
3 23 2 2 N
3 13 1 1 N
3 13 0 0 N
23 36 2 1 N
23 29 1 2 N
23 31 0 0 N
36 8 2 1 N
36 26 0 2 N
36 22 1 0 N
8 40 1 0 N
8 42 0 1 N
8 39 2 2 N
40 31 1 1 N
40 43 0 2 N
40 4 2 0 N
31 37 2 0 N
31 7 0 2 N
31 20 1 1 N
37 16 1 1 N
37 4 2 2 N
37 24 0 0 N
16 14 0 2 N
16 19 2 0 N
16 30 1 1 N
14 10 0 2 N
14 26 1 0 N
14 28 2 1 N
10 32 1 2 N
10 24 2 1 N
10 31 0 0 N
32 13 1 1 N
32 20 2 0 N
32 30 0 2 N
13 5 2 2 N
13 34 1 0 N
13 14 0 1 N
5 38 0 0 N
5 20 1 2 N
5 27 2 1 N
38 39 0 2 N
38 9 1 1 N
38 27 2 0 N
39 21 1 1 N
39 33 2 2 N
39 3 0 0 N
21 2 1 1 N
21 39 2 0 N
21 7 0 2 N
2 41 1 2 N
2 34 2 1 N
2 18 0 0 N
41 43 1 2 N
41 46 0 0 N
41 14 2 1 N
43 34 0 2 N
43 39 1 1 N
43 0 2 0 N
34 29 1 1 N
34 32 2 0 N
34 32 0 2 N
29 42 1 1 N
29 18 2 2 N
29 39 0 0 N
42 19 1 1 N
42 1 2 0 N
42 20 0 2 N
19 26 1 1 N
19 24 2 2 N
19 14 0 0 N
26 1 1 0 N
26 7 0 1 N
26 17 2 2 N
1 48 1 2 N
1 40 0 1 N
1 14 2 0 N
48 15 1 2 N
48 2 0 0 N
48 5 2 1 N
15 4 2 0 N
15 0 0 1 N
15 17 1 2 N
4 20 0 0 N
4 27 1 1 N
4 14 2 2 N
20 25 0 1 N
20 46 1 2 N
20 4 2 0 N
25 9 2 2 N
25 13 1 1 N
25 39 0 0 N
9 18 2 1 N
9 3 1 2 N
9 10 0 0 N
18 11 1 1 N
18 36 0 0 N
18 26 2 2 N
11 12 2 1 N
11 32 0 2 N
11 25 1 0 N
12 47 0 1 N
12 31 2 2 N
12 40 1 0 N
47 17 2 0 N
47 23 0 2 N
47 28 1 1 N
17 44 2 2 N
17 28 1 1 N
17 20 0 0 N
44 6 0 0 N
44 28 1 2 N
44 41 2 1 N
6 30 2 1 N
6 21 0 0 N
6 25 1 2 N
30 28 1 0 N
30 26 0 2 N
30 27 2 1 N
28 7 1 1 N
28 3 2 2 N
28 28 0 0 N
7 46 2 1 N
7 38 0 2 N
7 24 1 0 N
46 27 0 2 N
46 34 1 0 N
46 10 2 1 N
27 0 0 1 N
27 30 1 2 N
27 24 2 0 N
0 33 2 1 N
0 47 1 0 N
0 24 0 2 N
33 35 1 2 N
33 45 2 0 N
33 22 0 1 N
35 22 1 0 N
35 31 2 1 N
35 41 0 2 N
22 45 1 0 N
22 27 0 2 N
22 20 2 1 N
45 21 1 2 N
45 39 0 0 N
45 17 2 1 N
