27 12 1 1 S
12 14 0 1 N
14 41 0 2 N
41 26 2 1 N
26 19 0 2 N
19 6 1 2 N
6 35 2 2 N
35 39 2 0 N
39 11 1 0 N
11 46 2 0 N
46 16 0 0 N
16 2 0 0 N
2 15 1 1 N
15 1 0 2 N
1 18 1 1 N
18 0 1 1 N
0 33 0 1 N
33 9 1 2 N
9 48 2 1 N
48 37 0 1 N
37 29 0 0 N
29 28 2 2 N
28 8 0 2 N
8 40 1 2 N
40 4 2 0 N
4 38 2 1 N
38 22 0 2 N
22 21 0 0 N
21 3 2 0 N
3 23 2 0 N
23 31 1 1 N
31 47 1 2 N
47 42 0 0 N
42 34 0 0 N
34 25 2 0 N
25 13 0 0 N
13 20 2 2 N
20 10 2 2 N
10 24 2 2 N
24 17 1 0 N
17 45 1 2 N
45 43 2 1 N
43 5 0 1 N
5 36 1 2 N
36 30 2 1 N
30 7 2 1 N
7 44 0 0 N
44 32 0 1 N
