18 41 0 1 S
18 25 1 2 S
18 28 2 0 S
41 0 2 0 N
41 45 1 1 N
41 10 0 2 N
0 11 0 0 N
0 1 1 1 N
0 17 2 2 N
11 48 1 0 N
11 25 0 1 N
11 36 2 2 N
48 25 0 0 N
48 28 2 1 N
48 15 1 2 N
25 38 1 2 N
25 6 0 1 N
25 8 2 0 N
38 20 2 1 N
38 27 1 2 N
38 21 0 0 N
20 37 2 1 N
20 36 0 0 N
20 2 1 2 N
37 29 2 1 N
37 20 0 2 N
37 2 1 0 N
29 22 2 2 N
29 46 0 0 N
29 20 1 1 N
22 10 1 2 N
22 46 2 1 N
22 19 0 0 N
10 9 2 2 N
10 46 1 0 N
10 25 0 1 N
9 23 1 1 N
9 7 2 2 N
9 44 0 0 N
23 27 0 0 N
23 37 1 1 N
23 18 2 2 N
27 34 1 2 N
27 39 2 0 N
27 43 0 1 N
34 16 1 2 N
34 30 2 0 N
34 8 0 1 N
16 2 2 2 N
16 39 1 0 N
16 20 0 1 N
2 30 0 2 N
2 4 2 0 N
2 8 1 1 N
30 21 1 0 N
30 22 0 2 N
30 33 2 1 N
21 4 2 2 N
21 32 1 0 N
21 2 0 1 N
4 14 0 2 N
4 33 1 0 N
4 4 2 1 N
14 6 0 1 N
14 23 2 2 N
14 46 1 0 N
6 43 0 2 N
6 36 1 0 N
6 13 2 1 N
43 44 2 1 N
43 30 0 0 N
43 6 1 2 N
44 31 0 0 N
44 39 1 1 N
44 19 2 2 N
31 46 0 0 N
31 2 2 1 N
31 16 1 2 N
46 8 0 0 N
46 22 1 2 N
46 8 2 1 N
8 12 1 0 N
8 29 0 1 N
8 13 2 2 N
12 17 2 1 N
12 48 1 0 N
12 15 0 2 N
17 15 1 0 N
17 43 0 1 N
17 40 2 2 N
15 19 0 2 N
15 36 1 1 N
15 46 2 0 N
19 1 1 0 N
19 20 2 2 N
19 4 0 1 N
1 47 1 1 N
1 40 2 2 N
1 16 0 0 N
47 42 1 0 N
47 8 0 1 N
47 9 2 2 N
42 35 1 0 N
42 27 2 2 N
42 46 0 1 N
35 26 2 1 N
35 11 0 2 N
35 37 1 0 N
26 28 0 1 N
26 31 2 0 N
26 2 1 2 N
28 3 1 2 N
28 19 2 0 N
28 46 0 1 N
3 24 1 0 N
3 43 0 2 N
3 1 2 1 N
24 32 0 1 N
24 29 1 0 N
24 19 2 2 N
32 7 0 1 N
32 22 2 0 N
32 25 1 2 N
7 40 1 0 N
7 12 0 2 N
7 33 2 1 N
40 5 2 2 N
40 17 1 0 N
40 29 0 1 N
5 45 1 1 N
5 41 2 2 N
5 2 0 0 N
45 36 1 2 N
45 8 2 0 N
45 25 0 1 N
36 13 1 2 N
36 37 0 1 N
36 25 2 0 N
13 33 2 1 N
13 36 1 2 N
13 4 0 0 N
33 39 0 2 N
33 18 2 0 N
33 24 1 1 N
39 36 2 1 N
39 25 0 2 N
39 32 1 0 N
