36 17 2 2 S
36 0 0 0 S
36 25 1 1 S
17 46 1 1 N
17 0 0 2 N
17 24 2 0 N
46 37 2 0 N
46 12 1 1 N
46 3 0 2 N
37 35 2 1 N
37 14 1 0 N
37 36 0 2 N
35 2 1 1 N
35 13 0 0 N
35 36 2 2 N
2 44 2 1 N
2 11 1 2 N
2 1 0 0 N
44 30 1 0 N
44 39 0 1 N
44 42 2 2 N
30 6 0 1 N
30 40 1 0 N
30 14 2 2 N
6 42 1 1 N
6 46 2 0 N
6 6 0 2 N
42 10 1 1 N
42 47 0 0 N
42 14 2 2 N
10 15 0 0 N
10 18 1 2 N
10 20 2 1 N
15 4 2 0 N
15 47 0 1 N
15 36 1 2 N
4 24 1 1 N
4 43 2 0 N
4 16 0 2 N
24 34 0 0 N
24 16 1 1 N
24 3 2 2 N
34 7 1 2 N
34 40 2 1 N
34 23 0 0 N
7 31 0 0 N
7 20 2 2 N
7 6 1 1 N
31 41 1 1 N
31 16 0 0 N
31 34 2 2 N
41 40 0 0 N
41 18 2 2 N
41 32 1 1 N
40 33 0 1 N
40 23 2 2 N
40 4 1 0 N
33 9 2 0 N
33 22 1 1 N
33 2 0 2 N
9 8 0 2 N
9 15 2 0 N
9 24 1 1 N
8 29 0 0 N
8 15 1 2 N
8 46 2 1 N
29 21 0 2 N
29 16 2 1 N
29 24 1 0 N
21 1 1 0 N
21 6 2 1 N
21 12 0 2 N
1 11 0 0 N
1 41 1 1 N
1 12 2 2 N
11 47 1 1 N
11 19 0 2 N
11 12 2 0 N
47 43 2 0 N
47 22 1 1 N
47 38 0 2 N
43 19 1 0 N
43 40 2 2 N
43 20 0 1 N
19 0 2 0 N
19 1 1 2 N
19 46 0 1 N
0 20 0 2 N
0 12 2 0 N
0 47 1 1 N
20 12 1 0 N
20 48 2 1 N
20 42 0 2 N
12 5 0 2 N
12 45 2 0 N
12 6 1 1 N
5 13 0 2 N
5 29 2 1 N
5 28 1 0 N
13 14 0 2 N
13 4 1 0 N
13 3 2 1 N
14 27 2 0 N
14 18 1 2 N
14 3 0 1 N
27 48 2 1 N
27 34 1 2 N
27 22 0 0 N
48 45 1 1 N
48 34 2 0 N
48 40 0 2 N
45 23 2 2 N
45 38 1 0 N
45 1 0 1 N
23 32 0 1 N
23 27 1 0 N
23 3 2 2 N
32 25 0 2 N
32 6 2 1 N
32 46 1 0 N
25 18 0 1 N
25 16 2 2 N
25 3 1 0 N
18 28 2 0 N
18 3 0 2 N
18 3 1 1 N
28 22 1 0 N
28 47 2 1 N
28 1 0 2 N
22 16 2 2 N
22 38 0 0 N
22 24 1 1 N
16 3 1 0 N
16 43 2 1 N
16 14 0 2 N
3 39 0 0 N
3 29 2 2 N
3 6 1 1 N
39 26 1 1 N
39 24 0 2 N
39 47 2 0 N
26 38 2 0 N
26 18 0 2 N
26 16 1 1 N
38 37 0 0 N
38 48 1 2 N
38 23 2 1 N
