48 7 2 0 S
7 35 1 1 N
35 36 1 0 N
36 41 1 2 N
41 16 2 1 N
16 17 2 2 N
17 10 2 0 N
10 19 1 0 N
19 27 1 1 N
27 11 0 0 N
11 38 0 2 N
38 46 0 1 N
46 47 1 1 N
47 25 0 1 N
25 24 1 1 N
24 31 0 1 N
31 43 0 2 N
43 28 2 2 N
28 33 0 0 N
33 32 2 0 N
32 3 1 1 N
3 44 1 0 N
44 30 1 1 N
30 26 2 1 N
26 42 1 1 N
42 8 2 0 N
8 18 1 2 N
18 0 1 0 N
0 22 1 1 N
22 13 1 0 N
13 29 1 0 N
29 21 2 0 N
21 20 1 0 N
20 1 1 2 N
1 6 0 0 N
6 9 0 0 N
9 4 2 0 N
4 5 1 0 N
5 14 2 1 N
14 2 1 2 N
2 34 2 2 N
34 15 1 1 N
15 45 2 2 N
45 40 1 2 N
40 37 0 2 N
37 23 0 0 N
23 12 0 1 N
12 39 1 2 N
