40 43 0 1 S
43 17 0 0 N
17 48 0 1 N
48 24 0 2 N
24 7 0 1 N
7 3 0 1 N
3 45 1 0 N
45 32 0 1 N
32 0 2 0 N
0 25 0 1 N
25 44 0 2 N
44 19 1 0 N
19 30 1 1 N
30 46 0 1 N
46 38 0 1 N
38 27 1 1 N
27 8 2 1 N
8 34 0 0 N
34 12 1 2 N
12 26 0 1 N
26 35 2 1 N
35 47 1 1 N
47 29 0 0 N
29 39 2 2 N
39 14 2 2 N
14 41 2 2 N
41 18 2 0 N
18 31 2 0 N
31 28 0 0 N
28 16 1 2 N
16 15 2 0 N
15 2 0 1 N
2 37 0 0 N
37 21 1 0 N
21 6 0 0 N
6 42 0 0 N
42 1 2 2 N
1 11 2 1 N
11 33 2 1 N
33 5 2 1 N
5 22 2 0 N
22 23 2 0 N
23 13 0 1 N
13 10 1 1 N
10 4 1 2 N
4 9 0 2 N
9 20 1 2 N
20 36 2 1 N
