4 47 0 1 S
47 22 1 0 N
22 23 1 1 N
23 18 0 2 N
18 37 0 2 N
37 21 2 0 N
21 13 1 0 N
13 31 2 1 N
31 35 1 2 N
35 5 0 1 N
5 8 2 0 N
8 9 0 0 N
9 1 2 1 N
1 44 0 2 N
44 7 2 1 N
7 34 0 0 N
34 29 2 0 N
29 30 0 0 N
30 17 0 2 N
17 28 2 0 N
28 32 2 1 N
32 45 1 1 N
45 36 1 2 N
36 43 0 2 N
43 39 2 1 N
39 12 0 0 N
12 42 0 1 N
42 27 0 0 N
27 48 0 1 N
48 38 0 1 N
38 15 2 1 N
15 41 0 0 N
41 26 2 2 N
26 19 0 0 N
19 6 0 2 N
6 20 2 0 N
20 25 1 2 N
25 16 0 0 N
16 14 2 0 N
14 2 0 1 N
2 0 0 0 N
0 3 2 1 N
3 11 1 0 N
11 40 0 0 N
40 24 1 1 N
24 33 1 0 N
33 10 2 2 N
10 46 1 2 N
