41 24 0 0 S
24 39 2 1 N
39 29 0 2 N
29 31 2 0 N
31 25 2 0 N
25 48 1 2 N
48 20 1 0 N
20 3 0 1 N
3 38 1 2 N
38 14 1 2 N
14 35 1 1 N
35 12 1 1 N
12 10 2 0 N
10 11 1 2 N
11 4 0 2 N
4 44 0 2 N
44 0 2 1 N
0 17 0 0 N
17 16 1 1 N
16 30 2 0 N
30 23 0 1 N
23 42 2 2 N
42 15 2 0 N
15 13 0 1 N
13 27 0 0 N
27 8 1 2 N
8 6 0 1 N
6 19 0 2 N
19 9 0 0 N
9 36 1 2 N
36 33 0 2 N
33 7 2 0 N
7 26 0 2 N
26 47 0 2 N
47 22 1 0 N
22 45 1 2 N
45 46 1 2 N
46 2 2 0 N
2 37 1 2 N
37 5 0 2 N
5 21 1 1 N
21 32 1 1 N
32 34 2 1 N
34 1 1 1 N
1 18 0 2 N
18 28 1 0 N
28 40 2 1 N
40 43 0 2 N
