26 37 0 1 S
26 19 2 2 S
26 35 1 0 S
37 18 0 2 N
37 21 2 0 N
37 44 1 1 N
18 17 1 1 N
18 15 2 2 N
18 44 0 0 N
17 10 0 0 N
17 45 1 1 N
17 8 2 2 N
10 25 0 1 N
10 44 2 2 N
10 35 1 0 N
25 47 2 0 N
25 30 1 1 N
25 48 0 2 N
47 40 0 1 N
47 29 2 2 N
47 5 1 0 N
40 20 0 0 N
40 12 2 1 N
40 22 1 2 N
20 19 1 1 N
20 4 0 0 N
20 4 2 2 N
19 21 2 2 N
19 47 0 0 N
19 30 1 1 N
21 31 0 2 N
21 24 1 0 N
21 43 2 1 N
31 35 1 1 N
31 20 0 2 N
31 46 2 0 N
35 30 1 0 N
35 23 2 2 N
35 45 0 1 N
30 6 1 1 N
30 17 2 2 N
30 44 0 0 N
6 41 2 1 N
6 7 1 2 N
6 15 0 0 N
41 15 2 1 N
41 26 0 0 N
41 31 1 2 N
15 5 2 2 N
15 30 1 0 N
15 4 0 1 N
5 22 0 1 N
5 5 1 0 N
5 5 2 2 N
22 0 0 0 N
22 19 1 2 N
22 44 2 1 N
0 11 2 1 N
0 25 0 0 N
0 20 1 2 N
11 12 0 2 N
11 32 1 0 N
11 5 2 1 N
12 28 0 2 N
12 5 2 1 N
12 23 1 0 N
28 36 2 2 N
28 3 0 0 N
28 7 1 1 N
36 14 1 1 N
36 43 0 2 N
36 22 2 0 N
14 3 1 2 N
14 15 0 0 N
14 19 2 1 N
3 4 2 1 N
3 35 1 2 N
3 32 0 0 N
4 38 2 0 N
4 45 0 1 N
4 5 1 2 N
38 48 1 1 N
38 31 2 0 N
38 5 0 2 N
48 29 0 2 N
48 25 1 0 N
48 5 2 1 N
29 45 0 2 N
29 33 1 0 N
29 44 2 1 N
45 42 1 1 N
45 4 0 0 N
45 11 2 2 N
42 1 2 2 N
42 48 0 1 N
42 4 1 0 N
1 7 2 0 N
1 21 0 2 N
1 42 1 1 N
7 44 1 1 N
7 8 0 0 N
7 29 2 2 N
44 46 1 2 N
44 32 0 0 N
44 43 2 1 N
46 39 1 1 N
46 42 2 0 N
46 17 0 2 N
39 9 2 0 N
39 13 0 1 N
39 46 1 2 N
9 33 2 2 N
9 22 1 1 N
9 29 0 0 N
33 8 0 1 N
33 16 1 2 N
33 20 2 0 N
8 13 2 1 N
8 30 0 0 N
8 5 1 2 N
13 32 0 1 N
13 4 2 2 N
13 8 1 0 N
32 43 0 1 N
32 21 1 2 N
32 4 2 0 N
43 2 2 1 N
43 44 1 2 N
43 4 0 0 N
2 16 0 2 N
2 9 2 0 N
2 9 1 1 N
16 23 0 2 N
16 40 1 0 N
16 32 2 1 N
23 24 0 0 N
23 4 2 1 N
23 19 1 2 N
24 34 0 1 N
24 30 1 2 N
24 44 2 0 N
34 27 0 1 N
34 25 2 2 N
34 17 1 0 N
27 46 2 1 N
27 45 1 2 N
27 21 0 0 N
