48 38 2 1 S
48 35 0 0 S
48 14 1 2 S
38 37 0 0 N
38 45 2 1 N
38 1 1 2 N
37 25 0 1 N
37 32 1 2 N
37 1 2 0 N
25 32 2 1 N
25 11 1 0 N
25 12 0 2 N
32 21 1 2 N
32 17 2 0 N
32 39 0 1 N
21 26 1 1 N
21 28 2 2 N
21 0 0 0 N
26 17 2 2 N
26 11 0 1 N
26 16 1 0 N
17 20 0 0 N
17 40 1 1 N
17 14 2 2 N
20 3 0 1 N
20 14 2 0 N
20 13 1 2 N
3 45 1 1 N
3 8 2 0 N
3 31 0 2 N
45 8 1 1 N
45 17 2 2 N
45 9 0 0 N
8 41 2 2 N
8 36 0 0 N
8 26 1 1 N
41 23 0 2 N
41 33 1 0 N
41 26 2 1 N
23 39 1 1 N
23 42 0 0 N
23 31 2 2 N
39 42 0 0 N
39 9 2 1 N
39 13 1 2 N
42 15 2 1 N
42 13 0 0 N
42 34 1 2 N
15 40 2 2 N
15 11 0 0 N
15 31 1 1 N
40 44 0 1 N
40 33 2 2 N
40 10 1 0 N
44 24 0 0 N
44 19 1 1 N
44 31 2 2 N
24 43 1 2 N
24 6 0 0 N
24 1 2 1 N
43 4 2 0 N
43 9 1 1 N
43 15 0 2 N
4 12 0 1 N
4 45 1 0 N
4 13 2 2 N
12 46 1 1 N
12 2 2 0 N
12 37 0 2 N
46 1 1 1 N
46 36 2 2 N
46 32 0 0 N
1 11 1 2 N
1 2 2 1 N
1 9 0 0 N
11 14 1 1 N
11 4 2 2 N
11 0 0 0 N
14 30 0 2 N
14 2 1 0 N
14 0 2 1 N
30 36 2 2 N
30 27 0 1 N
30 37 1 0 N
36 31 1 1 N
36 8 2 2 N
36 33 0 0 N
31 16 1 0 N
31 2 2 2 N
31 14 0 1 N
16 47 1 1 N
16 34 0 0 N
16 14 2 2 N
47 27 2 2 N
47 1 1 0 N
47 10 0 1 N
27 5 1 2 N
27 21 0 1 N
27 42 2 0 N
5 18 2 1 N
5 40 0 0 N
5 47 1 2 N
18 10 1 2 N
18 23 2 1 N
18 7 0 0 N
10 29 0 2 N
10 37 1 0 N
10 34 2 1 N
29 7 0 0 N
29 39 2 1 N
29 42 1 2 N
7 2 1 0 N
7 14 2 2 N
7 17 0 1 N
2 35 1 1 N
2 17 0 0 N
2 2 2 2 N
35 9 1 0 N
35 36 2 2 N
35 45 0 1 N
9 33 1 0 N
9 36 2 1 N
9 2 0 2 N
33 22 2 2 N
33 40 0 0 N
33 46 1 1 N
22 6 1 0 N
22 44 0 2 N
22 46 2 1 N
6 13 2 2 N
6 39 1 0 N
6 1 0 1 N
13 34 2 1 N
13 16 0 0 N
13 9 1 2 N
34 19 1 1 N
34 11 2 2 N
34 0 0 0 N
19 0 1 0 N
19 2 2 2 N
19 39 0 1 N
0 28 1 1 N
0 32 0 2 N
0 2 2 0 N
28 36 0 1 N
28 13 2 0 N
28 0 1 2 N
