4 8 2 1 S
8 15 1 1 N
15 17 0 0 N
17 1 0 1 N
1 18 0 2 N
18 35 2 1 N
35 26 1 0 N
26 9 1 2 N
9 3 2 0 N
3 0 2 0 N
0 20 1 2 N
20 19 1 0 N
19 47 0 1 N
47 14 1 1 N
14 41 0 2 N
41 23 1 0 N
23 12 2 0 N
12 39 2 0 N
39 32 0 2 N
32 33 1 2 N
33 29 1 0 N
29 10 2 1 N
10 13 2 0 N
13 46 0 0 N
46 31 1 1 N
31 6 2 0 N
6 37 1 0 N
37 48 2 1 N
48 40 2 1 N
40 38 2 0 N
38 42 2 2 N
42 24 2 0 N
24 34 1 0 N
34 44 2 2 N
44 11 2 2 N
11 7 0 1 N
7 21 0 2 N
21 22 1 1 N
22 28 1 2 N
28 25 0 1 N
25 43 0 2 N
43 45 0 1 N
45 30 1 1 N
30 36 0 1 N
36 2 1 1 N
2 16 1 0 N
16 5 1 2 N
5 27 2 1 N
