44 12 0 2 S
44 46 2 1 S
44 34 1 0 S
12 31 2 1 N
12 47 0 0 N
12 8 1 2 N
31 3 2 0 N
31 39 1 1 N
31 5 0 2 N
3 46 1 2 N
3 10 2 0 N
3 7 0 1 N
46 47 1 2 N
46 21 2 0 N
46 30 0 1 N
47 4 2 2 N
47 33 1 1 N
47 21 0 0 N
4 27 0 0 N
4 7 2 2 N
4 30 1 1 N
27 6 2 0 N
27 43 1 1 N
27 30 0 2 N
6 16 1 2 N
6 20 0 0 N
6 45 2 1 N
16 5 2 2 N
16 44 1 0 N
16 24 0 1 N
5 32 0 2 N
5 33 2 0 N
5 44 1 1 N
32 36 2 2 N
32 35 0 1 N
32 21 1 0 N
36 41 2 0 N
36 15 1 1 N
36 34 0 2 N
41 19 0 2 N
41 17 2 0 N
41 42 1 1 N
19 22 0 1 N
19 0 1 0 N
19 34 2 2 N
22 23 0 0 N
22 33 1 1 N
22 9 2 2 N
23 34 0 0 N
23 8 2 1 N
23 19 1 2 N
34 42 1 0 N
34 42 2 2 N
34 35 0 1 N
42 15 2 2 N
42 9 1 0 N
42 2 0 1 N
15 30 0 2 N
15 39 2 0 N
15 43 1 1 N
30 24 0 0 N
30 9 1 2 N
30 21 2 1 N
24 43 1 1 N
24 7 2 0 N
24 35 0 2 N
43 13 1 0 N
43 42 0 2 N
43 36 2 1 N
13 35 0 1 N
13 20 1 2 N
13 20 2 0 N
35 38 0 2 N
35 27 2 1 N
35 35 1 0 N
38 9 1 2 N
38 46 2 1 N
38 0 0 0 N
9 40 2 2 N
9 34 1 0 N
9 24 0 1 N
40 20 0 2 N
40 37 1 0 N
40 9 2 1 N
20 25 1 2 N
20 43 0 1 N
20 43 2 0 N
25 1 0 0 N
25 22 1 1 N
25 42 2 2 N
1 11 2 1 N
1 35 0 0 N
1 48 1 2 N
11 29 2 1 N
11 24 1 0 N
11 36 0 2 N
29 2 1 0 N
29 8 0 1 N
29 28 2 2 N
2 14 1 1 N
2 44 2 0 N
2 7 0 2 N
14 33 1 2 N
14 13 2 0 N
14 19 0 1 N
33 28 2 0 N
33 36 1 2 N
33 45 0 1 N
28 37 1 0 N
28 32 0 2 N
28 2 2 1 N
37 8 2 1 N
37 38 1 0 N
37 2 0 2 N
8 39 2 1 N
8 43 0 2 N
8 7 1 0 N
39 21 2 2 N
39 48 1 0 N
39 47 0 1 N
21 48 1 1 N
21 7 0 0 N
21 35 2 2 N
48 10 1 2 N
48 2 2 1 N
48 44 0 0 N
10 26 2 0 N
10 17 1 1 N
10 35 0 2 N
26 18 0 0 N
26 10 1 1 N
26 12 2 2 N
18 17 1 0 N
18 39 0 1 N
18 6 2 2 N
17 0 0 0 N
17 10 2 1 N
17 21 1 2 N
0 45 2 0 N
0 43 1 1 N
0 36 0 2 N
45 7 2 2 N
45 29 0 1 N
45 5 1 0 N
7 47 0 1 N
7 8 1 0 N
7 35 2 2 N
