0 12 0 1 S
0 43 2 2 S
0 38 1 0 S
12 4 1 1 N
12 23 2 0 N
12 26 0 2 N
4 30 2 1 N
4 37 0 2 N
4 44 1 0 N
30 27 2 0 N
30 33 1 2 N
30 40 0 1 N
27 11 0 2 N
27 8 2 0 N
27 11 1 1 N
11 32 1 1 N
11 8 2 0 N
11 37 0 2 N
32 47 0 0 N
32 43 1 2 N
32 30 2 1 N
47 17 2 0 N
47 28 0 2 N
47 46 1 1 N
17 20 0 2 N
17 42 2 1 N
17 28 1 0 N
20 35 2 1 N
20 7 1 2 N
20 17 0 0 N
35 15 0 0 N
35 28 1 2 N
35 16 2 1 N
15 2 2 0 N
15 48 1 2 N
15 3 0 1 N
2 45 1 1 N
2 15 0 2 N
2 40 2 0 N
45 10 2 1 N
45 46 1 0 N
45 38 0 2 N
10 7 0 0 N
10 42 2 1 N
10 1 1 2 N
7 19 1 2 N
7 44 0 1 N
7 44 2 0 N
19 37 0 1 N
19 20 2 0 N
19 43 1 2 N
37 14 0 2 N
37 4 1 1 N
37 0 2 0 N
14 18 2 2 N
14 11 0 1 N
14 21 1 0 N
18 44 0 1 N
18 42 2 2 N
18 42 1 0 N
44 31 2 0 N
44 44 1 1 N
44 44 0 2 N
31 39 0 0 N
31 26 1 2 N
31 42 2 1 N
39 22 1 1 N
39 36 2 0 N
39 11 0 2 N
22 40 0 2 N
22 44 2 0 N
22 29 1 1 N
40 23 1 2 N
40 44 2 1 N
40 42 0 0 N
23 28 2 2 N
23 0 0 1 N
23 42 1 0 N
28 34 1 2 N
28 44 2 0 N
28 44 0 1 N
34 9 0 0 N
34 33 1 1 N
34 17 2 2 N
9 5 1 0 N
9 30 2 2 N
9 33 0 1 N
5 29 1 1 N
5 12 0 2 N
5 3 2 0 N
29 8 1 0 N
29 37 0 2 N
29 42 2 1 N
8 42 0 0 N
8 24 1 2 N
8 2 2 1 N
42 3 0 2 N
42 21 2 1 N
42 38 1 0 N
3 26 1 0 N
3 9 2 2 N
3 47 0 1 N
26 36 1 2 N
26 32 0 1 N
26 38 2 0 N
36 33 1 1 N
36 5 0 2 N
36 3 2 0 N
33 6 0 1 N
33 22 2 2 N
33 17 1 0 N
6 46 0 0 N
6 11 2 2 N
6 16 1 1 N
46 38 1 0 N
46 28 0 1 N
46 17 2 2 N
38 41 2 0 N
38 21 0 2 N
38 7 1 1 N
41 16 2 2 N
41 46 0 0 N
41 23 1 1 N
16 25 1 2 N
16 10 2 0 N
16 37 0 1 N
25 24 0 0 N
25 37 2 1 N
25 24 1 2 N
24 1 2 2 N
24 31 1 0 N
24 2 0 1 N
1 48 1 2 N
1 18 0 0 N
1 26 2 1 N
48 43 2 1 N
48 44 0 0 N
48 0 1 2 N
43 21 0 2 N
43 18 1 0 N
43 26 2 1 N
21 13 0 1 N
21 40 1 0 N
21 7 2 2 N
13 33 1 1 N
13 9 0 2 N
13 33 2 0 N
