16 32 0 1 S
32 9 1 1 N
9 0 0 0 N
0 42 2 2 N
42 31 1 0 N
31 23 0 0 N
23 12 1 1 N
12 26 2 1 N
26 20 2 1 N
20 36 0 0 N
36 21 2 0 N
21 33 1 2 N
33 44 0 0 N
44 4 2 0 N
4 13 1 0 N
13 28 0 1 N
28 30 1 0 N
30 29 1 1 N
29 17 1 2 N
17 1 1 0 N
1 10 0 0 N
10 37 0 2 N
37 2 0 2 N
2 46 1 0 N
46 18 2 2 N
18 45 0 1 N
45 48 1 2 N
48 15 2 1 N
15 11 2 2 N
11 7 2 1 N
7 8 1 2 N
8 38 1 1 N
38 19 1 2 N
19 47 1 0 N
47 14 0 2 N
14 39 1 1 N
39 25 0 1 N
25 6 1 1 N
6 40 2 0 N
40 22 1 0 N
22 24 1 1 N
24 43 0 1 N
43 27 1 0 N
27 5 1 0 N
5 41 2 0 N
41 35 0 0 N
35 34 2 0 N
34 3 1 1 N
