4 20 1 2 S
20 17 2 0 N
17 25 2 0 N
25 2 0 2 N
2 5 0 2 N
5 15 1 2 N
15 44 0 0 N
44 35 0 2 N
35 1 0 0 N
1 43 1 1 N
43 11 2 2 N
11 18 2 0 N
18 42 0 2 N
42 40 0 2 N
40 14 0 1 N
14 48 1 1 N
48 24 2 0 N
24 19 0 1 N
19 16 0 1 N
16 39 1 1 N
39 12 1 0 N
12 46 1 0 N
46 30 1 1 N
30 7 0 2 N
7 41 0 0 N
41 47 0 0 N
47 29 1 1 N
29 28 2 2 N
28 13 1 0 N
13 45 0 1 N
45 33 1 1 N
33 22 2 1 N
22 10 0 0 N
10 26 2 1 N
26 32 1 1 N
32 23 2 0 N
23 9 0 0 N
9 6 1 0 N
6 21 2 1 N
21 31 2 0 N
31 8 0 2 N
8 37 2 1 N
37 34 1 0 N
34 36 0 0 N
36 3 0 0 N
3 38 1 2 N
38 0 2 0 N
0 27 1 0 N
