22 28 1 0 S
28 42 0 2 N
42 35 0 1 N
35 21 1 0 N
21 37 2 2 N
37 38 2 1 N
38 15 1 0 N
15 3 0 0 N
3 0 0 1 N
0 8 2 2 N
8 46 1 0 N
46 4 1 1 N
4 30 0 2 N
30 36 1 2 N
36 12 2 0 N
12 11 2 2 N
11 5 0 1 N
5 43 0 0 N
43 6 0 1 N
6 31 0 1 N
31 26 0 2 N
26 7 2 1 N
7 20 2 0 N
20 48 1 0 N
48 41 2 2 N
41 1 0 1 N
1 19 0 1 N
19 45 1 0 N
45 40 0 1 N
40 44 0 1 N
44 34 1 2 N
34 39 0 1 N
39 23 0 2 N
23 14 2 2 N
14 32 1 2 N
32 17 2 0 N
17 47 1 2 N
47 10 0 1 N
10 29 2 0 N
29 9 2 1 N
9 24 2 2 N
24 25 2 2 N
25 16 0 2 N
16 33 2 2 N
33 27 0 1 N
27 2 2 1 N
2 13 0 2 N
13 18 2 1 N
