3 10 2 1 S
3 20 1 2 S
3 20 0 0 S
10 25 2 1 N
10 35 0 0 N
10 8 1 2 N
25 43 0 1 N
25 14 1 0 N
25 14 2 2 N
43 15 2 2 N
43 45 1 0 N
43 33 0 1 N
15 23 2 1 N
15 46 1 2 N
15 2 0 0 N
23 1 2 1 N
23 40 0 2 N
23 4 1 0 N
1 19 0 2 N
1 32 2 0 N
1 8 1 1 N
19 20 0 1 N
19 6 2 2 N
19 33 1 0 N
20 9 1 0 N
20 20 0 1 N
20 20 2 2 N
9 18 2 1 N
9 35 1 0 N
9 14 0 2 N
18 48 1 0 N
18 33 0 1 N
18 20 2 2 N
48 33 0 0 N
48 46 1 2 N
48 3 2 1 N
33 42 2 2 N
33 22 0 0 N
33 14 1 1 N
42 45 0 2 N
42 33 1 1 N
42 33 2 0 N
45 28 1 0 N
45 7 0 1 N
45 10 2 2 N
28 35 1 2 N
28 34 2 1 N
28 4 0 0 N
35 0 1 0 N
35 26 0 1 N
35 30 2 2 N
0 37 1 2 N
0 47 0 0 N
0 3 2 1 N
37 8 2 2 N
37 27 0 0 N
37 28 1 1 N
8 11 2 1 N
8 29 1 0 N
8 20 0 2 N
11 38 0 0 N
11 24 1 2 N
11 10 2 1 N
38 6 1 2 N
38 30 2 0 N
38 8 0 1 N
6 30 1 0 N
6 23 0 2 N
6 5 2 1 N
30 46 0 1 N
30 8 2 0 N
30 28 1 2 N
46 12 1 1 N
46 12 2 2 N
46 14 0 0 N
12 4 0 1 N
12 1 2 0 N
12 3 1 2 N
4 47 1 0 N
4 13 0 2 N
4 34 2 1 N
47 31 0 2 N
47 15 1 1 N
47 3 2 0 N
31 29 2 2 N
31 2 1 0 N
31 19 0 1 N
29 32 1 2 N
29 20 2 1 N
29 3 0 0 N
32 16 1 0 N
32 1 0 2 N
32 1 2 1 N
16 7 1 0 N
16 17 2 2 N
16 48 0 1 N
7 36 0 1 N
7 20 2 0 N
7 0 1 2 N
36 41 1 1 N
36 8 0 2 N
36 33 2 0 N
41 27 2 0 N
41 24 0 2 N
41 19 1 1 N
27 22 0 0 N
27 6 1 1 N
27 2 2 2 N
22 13 1 2 N
22 12 2 0 N
22 0 0 1 N
13 24 0 1 N
13 33 2 0 N
13 20 1 2 N
24 2 2 1 N
24 26 0 0 N
24 34 1 2 N
2 17 0 0 N
2 30 1 1 N
2 29 2 2 N
17 34 1 0 N
17 14 0 2 N
17 3 2 1 N
34 39 1 2 N
34 46 0 1 N
34 8 2 0 N
39 40 0 1 N
39 19 1 0 N
39 21 2 2 N
40 21 1 2 N
40 6 2 0 N
40 32 0 1 N
21 26 0 2 N
21 6 2 0 N
21 8 1 1 N
26 44 1 0 N
26 7 0 2 N
26 3 2 1 N
44 14 1 1 N
44 22 2 0 N
44 31 0 2 N
14 5 1 0 N
14 48 0 1 N
14 5 2 2 N
5 4 2 2 N
5 3 1 0 N
5 8 0 1 N
