26 1 2 2 S
1 15 0 2 N
15 2 0 1 N
2 22 0 1 N
22 3 1 1 N
3 12 0 2 N
12 32 2 0 N
32 25 1 2 N
25 46 2 2 N
46 11 1 2 N
11 21 1 2 N
21 40 1 2 N
40 5 2 2 N
5 29 1 0 N
29 24 1 2 N
24 7 1 1 N
7 28 0 1 N
28 36 0 1 N
36 44 2 1 N
44 10 2 2 N
10 23 1 1 N
23 48 0 1 N
48 30 2 0 N
30 33 2 0 N
33 34 1 0 N
34 42 1 1 N
42 17 2 2 N
17 19 0 1 N
19 6 1 2 N
6 16 1 1 N
16 39 2 1 N
39 45 2 0 N
45 20 0 2 N
20 38 1 2 N
38 13 1 2 N
13 41 2 2 N
41 35 2 0 N
35 4 2 2 N
4 14 1 2 N
14 27 0 0 N
27 47 1 2 N
47 18 1 2 N
18 37 2 1 N
37 43 1 0 N
43 31 2 0 N
31 8 2 0 N
8 0 2 0 N
0 9 1 2 N
