31 9 0 0 S
31 14 2 1 S
31 30 1 2 S
9 32 2 2 N
9 38 0 1 N
9 5 1 0 N
32 34 2 2 N
32 22 0 0 N
32 5 1 1 N
34 11 2 0 N
34 27 0 1 N
34 35 1 2 N
11 40 0 0 N
11 9 1 2 N
11 1 2 1 N
40 10 0 2 N
40 23 1 1 N
40 2 2 0 N
10 25 2 0 N
10 2 0 1 N
10 10 1 2 N
25 39 1 2 N
25 4 2 0 N
25 0 0 1 N
39 13 2 1 N
39 44 0 2 N
39 0 1 0 N
13 4 0 0 N
13 23 2 1 N
13 14 1 2 N
4 17 1 2 N
4 11 2 0 N
4 26 0 1 N
17 14 1 0 N
17 6 2 2 N
17 35 0 1 N
14 6 2 0 N
14 38 1 1 N
14 10 0 2 N
6 24 2 1 N
6 40 1 2 N
6 40 0 0 N
24 43 2 1 N
24 40 0 0 N
24 20 1 2 N
43 12 1 1 N
43 0 0 0 N
43 29 2 2 N
12 2 0 0 N
12 15 1 2 N
12 7 2 1 N
2 44 0 0 N
2 31 2 1 N
2 10 1 2 N
44 23 0 1 N
44 32 1 2 N
44 40 2 0 N
23 20 0 1 N
23 6 1 2 N
23 38 2 0 N
20 47 1 1 N
20 45 2 2 N
20 28 0 0 N
47 1 0 1 N
47 1 1 0 N
47 13 2 2 N
1 3 1 1 N
1 0 2 0 N
1 40 0 2 N
3 30 2 1 N
3 26 1 0 N
3 24 0 2 N
30 42 0 1 N
30 1 1 2 N
30 37 2 0 N
42 37 2 1 N
42 35 1 2 N
42 24 0 0 N
37 26 2 0 N
37 23 0 1 N
37 0 1 2 N
26 19 1 1 N
26 21 2 2 N
26 17 0 0 N
19 45 1 2 N
19 12 2 1 N
19 44 0 0 N
45 46 2 2 N
45 39 0 0 N
45 5 1 1 N
46 29 2 1 N
46 47 1 0 N
46 2 0 2 N
29 27 2 1 N
29 5 1 0 N
29 32 0 2 N
27 5 0 2 N
27 47 2 1 N
27 6 1 0 N
5 0 2 0 N
5 20 0 2 N
5 48 1 1 N
0 38 2 0 N
0 16 1 1 N
0 2 0 2 N
38 16 0 0 N
38 19 1 2 N
38 13 2 1 N
16 8 1 1 N
16 15 0 0 N
16 46 2 2 N
8 48 1 0 N
8 2 2 1 N
8 24 0 2 N
48 21 1 1 N
48 40 2 0 N
48 27 0 2 N
21 18 0 2 N
21 39 2 1 N
21 24 1 0 N
18 7 1 2 N
18 6 2 1 N
18 32 0 0 N
7 35 0 1 N
7 48 1 2 N
7 36 2 0 N
35 41 1 2 N
35 5 0 0 N
35 6 2 1 N
41 36 1 0 N
41 24 0 2 N
41 31 2 1 N
36 28 0 2 N
36 29 1 1 N
36 6 2 0 N
28 15 2 0 N
28 38 1 1 N
28 36 0 2 N
15 33 0 0 N
15 3 2 1 N
15 35 1 2 N
33 22 0 2 N
33 30 2 1 N
33 35 1 0 N
22 33 2 1 N
22 2 0 2 N
22 23 1 0 N
