7 2 2 2 S
7 22 0 1 S
7 0 1 0 S
2 4 2 2 N
2 39 0 0 N
2 29 1 1 N
4 15 1 2 N
4 47 2 0 N
4 47 0 1 N
15 10 2 2 N
15 0 1 0 N
15 22 0 1 N
10 44 2 0 N
10 22 0 1 N
10 27 1 2 N
44 36 2 0 N
44 8 0 2 N
44 2 1 1 N
36 17 2 2 N
36 27 0 1 N
36 30 1 0 N
17 9 2 2 N
17 35 0 1 N
17 47 1 0 N
9 48 1 1 N
9 32 0 0 N
9 29 2 2 N
48 1 0 1 N
48 12 1 2 N
48 9 2 0 N
1 31 1 1 N
1 32 2 0 N
1 30 0 2 N
31 13 2 2 N
31 14 1 1 N
31 39 0 0 N
13 43 1 2 N
13 22 0 1 N
13 39 2 0 N
43 46 2 1 N
43 2 1 0 N
43 29 0 2 N
46 5 1 2 N
46 13 2 1 N
46 33 0 0 N
5 12 2 2 N
5 32 0 1 N
5 39 1 0 N
12 29 0 1 N
12 37 1 2 N
12 12 2 0 N
29 22 0 2 N
29 39 2 1 N
29 12 1 0 N
22 35 0 2 N
22 44 1 0 N
22 41 2 1 N
35 47 1 0 N
35 44 0 2 N
35 28 2 1 N
47 6 2 0 N
47 30 1 2 N
47 26 0 1 N
6 33 2 0 N
6 16 0 2 N
6 37 1 1 N
33 16 0 0 N
33 4 2 2 N
33 14 1 1 N
16 14 0 2 N
16 30 2 1 N
16 24 1 0 N
14 0 0 2 N
14 22 1 1 N
14 47 2 0 N
0 3 0 1 N
0 39 1 2 N
0 29 2 0 N
3 40 2 0 N
3 30 0 1 N
3 4 1 2 N
40 28 2 0 N
40 17 0 2 N
40 41 1 1 N
28 24 0 2 N
28 43 2 0 N
28 37 1 1 N
24 27 1 0 N
24 17 0 1 N
24 11 2 2 N
27 25 1 1 N
27 31 2 0 N
27 22 0 2 N
25 18 2 0 N
25 30 0 1 N
25 0 1 2 N
18 45 0 1 N
18 23 2 2 N
18 19 1 0 N
45 37 0 1 N
45 36 1 2 N
45 22 2 0 N
37 20 2 0 N
37 5 0 2 N
37 32 1 1 N
20 26 0 1 N
20 40 2 0 N
20 44 1 2 N
26 11 0 1 N
26 30 1 2 N
26 39 2 0 N
11 42 1 1 N
11 0 0 2 N
11 30 2 0 N
42 41 1 2 N
42 16 0 0 N
42 30 2 1 N
41 23 0 1 N
41 40 2 2 N
41 0 1 0 N
23 19 1 0 N
23 44 0 1 N
23 25 2 2 N
19 8 0 0 N
19 28 1 1 N
19 5 2 2 N
8 38 1 2 N
8 37 2 0 N
8 36 0 1 N
38 32 1 2 N
38 11 2 0 N
38 39 0 1 N
32 34 2 0 N
32 22 1 1 N
32 9 0 2 N
34 39 0 2 N
34 45 2 1 N
34 22 1 0 N
39 30 1 1 N
39 29 2 2 N
39 12 0 0 N
30 21 2 2 N
30 15 0 1 N
30 39 1 0 N
21 24 1 1 N
21 23 0 0 N
21 5 2 2 N
