19 17 0 0 S
17 40 2 1 N
40 26 0 0 N
26 48 0 0 N
48 37 0 0 N
37 2 1 1 N
2 0 1 1 N
0 38 0 0 N
38 39 1 0 N
39 46 1 0 N
46 30 0 2 N
30 22 1 0 N
22 15 2 2 N
15 25 2 2 N
25 41 0 1 N
41 12 0 2 N
12 4 1 1 N
4 33 2 1 N
33 35 0 1 N
35 8 0 0 N
8 31 2 1 N
31 34 2 2 N
34 7 1 0 N
7 13 1 0 N
13 29 0 2 N
29 11 1 1 N
11 44 1 1 N
44 24 2 0 N
24 27 2 1 N
27 3 1 0 N
3 28 2 1 N
28 42 2 1 N
42 5 2 0 N
5 10 1 2 N
10 23 1 2 N
23 16 0 2 N
16 32 1 0 N
32 21 1 0 N
21 6 1 1 N
6 43 1 2 N
43 14 2 0 N
14 1 0 2 N
1 18 1 2 N
18 9 1 0 N
9 20 2 1 N
20 45 0 1 N
45 47 1 0 N
47 36 2 1 N
