29 5 2 0 S
5 37 0 0 N
37 25 0 0 N
25 21 1 0 N
21 32 1 0 N
32 23 2 1 N
23 45 0 1 N
45 7 1 2 N
7 31 2 2 N
31 3 0 2 N
3 41 0 2 N
41 40 0 0 N
40 8 0 1 N
8 44 1 2 N
44 14 1 2 N
14 27 0 1 N
27 19 1 2 N
19 16 1 1 N
16 24 0 2 N
24 33 2 2 N
33 47 1 0 N
47 42 0 1 N
42 4 2 0 N
4 15 2 0 N
15 2 1 0 N
2 0 0 0 N
0 30 1 1 N
30 12 2 2 N
12 36 0 2 N
36 13 2 0 N
13 1 1 2 N
1 46 0 1 N
46 34 0 1 N
34 10 1 2 N
10 6 2 1 N
6 39 1 0 N
39 17 0 0 N
17 35 0 1 N
35 38 0 2 N
38 48 1 0 N
48 20 2 0 N
20 22 2 0 N
22 18 1 0 N
18 9 2 0 N
9 28 1 1 N
28 11 2 1 N
11 43 1 1 N
43 26 1 2 N
