45 37 2 0 S
37 9 1 1 N
9 35 2 0 N
35 44 0 2 N
44 34 0 1 N
34 38 2 2 N
38 40 0 2 N
40 1 2 2 N
1 48 2 1 N
48 36 0 1 N
36 22 2 1 N
22 0 1 0 N
0 23 0 2 N
23 5 2 2 N
5 43 1 0 N
43 19 1 0 N
19 30 2 0 N
30 10 2 1 N
10 18 2 0 N
18 41 0 2 N
41 26 1 2 N
26 46 2 2 N
46 21 0 0 N
21 3 0 0 N
3 32 2 2 N
32 24 1 1 N
24 13 2 0 N
13 20 1 0 N
20 2 2 0 N
2 8 2 0 N
8 42 1 2 N
42 11 2 2 N
11 27 1 0 N
27 14 2 0 N
14 39 1 2 N
39 15 0 2 N
15 16 2 0 N
16 7 2 2 N
7 33 2 1 N
33 6 1 1 N
6 12 1 1 N
12 17 2 2 N
17 47 2 0 N
47 29 1 1 N
29 25 0 0 N
25 4 2 0 N
4 28 0 0 N
28 31 2 1 N
