34 12 1 2 S
34 15 2 0 S
34 40 0 1 S
12 47 1 1 N
12 41 0 2 N
12 16 2 0 N
47 9 2 2 N
47 34 1 1 N
47 28 0 0 N
9 18 1 2 N
9 20 2 1 N
9 10 0 0 N
18 5 0 2 N
18 30 1 1 N
18 35 2 0 N
5 40 2 0 N
5 11 0 2 N
5 24 1 1 N
40 10 2 1 N
40 32 0 0 N
40 41 1 2 N
10 27 1 0 N
10 4 0 2 N
10 19 2 1 N
27 14 2 1 N
27 0 0 0 N
27 34 1 2 N
14 31 1 0 N
14 3 0 2 N
14 24 2 1 N
31 6 1 1 N
31 1 2 0 N
31 13 0 2 N
6 46 2 1 N
6 23 1 0 N
6 20 0 2 N
46 42 0 1 N
46 21 1 0 N
46 35 2 2 N
42 2 0 2 N
42 23 1 1 N
42 47 2 0 N
2 0 0 1 N
2 30 2 0 N
2 38 1 2 N
0 23 0 2 N
0 18 1 0 N
0 9 2 1 N
23 24 1 0 N
23 31 2 1 N
23 19 0 2 N
24 36 1 1 N
24 45 2 2 N
24 42 0 0 N
36 13 1 1 N
36 41 0 2 N
36 15 2 0 N
13 48 0 0 N
13 48 2 2 N
13 47 1 1 N
48 32 2 0 N
48 39 0 2 N
48 17 1 1 N
32 7 1 2 N
32 41 0 0 N
32 36 2 1 N
7 1 0 0 N
7 32 2 2 N
7 17 1 1 N
1 41 0 1 N
1 44 2 2 N
1 2 1 0 N
41 16 1 0 N
41 1 2 1 N
41 2 0 2 N
16 26 2 1 N
16 3 0 0 N
16 29 1 2 N
26 22 1 1 N
26 3 2 2 N
26 19 0 0 N
22 17 2 2 N
22 39 0 1 N
22 3 1 0 N
17 43 0 0 N
17 29 1 1 N
17 36 2 2 N
43 44 0 1 N
43 47 2 0 N
43 41 1 2 N
44 35 2 2 N
44 4 1 1 N
44 41 0 0 N
35 39 1 1 N
35 2 2 2 N
35 38 0 0 N
39 28 2 1 N
39 15 0 2 N
39 31 1 0 N
28 19 1 2 N
28 15 2 1 N
28 35 0 0 N
19 11 2 2 N
19 40 0 1 N
19 3 1 0 N
11 3 1 2 N
11 10 0 0 N
11 3 2 1 N
3 20 0 2 N
3 20 1 1 N
3 36 2 0 N
20 33 1 1 N
20 35 0 0 N
20 36 2 2 N
33 45 0 1 N
33 26 1 0 N
33 44 2 2 N
45 4 2 1 N
45 1 1 2 N
45 15 0 0 N
4 37 1 0 N
4 24 2 1 N
4 18 0 2 N
37 30 0 2 N
37 0 2 1 N
37 15 1 0 N
30 29 0 2 N
30 21 2 1 N
30 35 1 0 N
29 21 2 1 N
29 21 0 2 N
29 17 1 0 N
21 25 1 2 N
21 40 0 1 N
21 2 2 0 N
25 8 0 2 N
25 38 2 0 N
25 15 1 1 N
8 15 1 2 N
8 40 2 0 N
8 20 0 1 N
15 38 2 0 N
15 2 1 2 N
15 40 0 1 N
38 41 0 2 N
38 2 2 1 N
38 38 1 0 N
