40 48 2 0 S
48 18 0 2 N
18 11 0 0 N
11 47 2 2 N
47 24 1 2 N
24 2 0 1 N
2 6 1 2 N
6 29 2 2 N
29 19 1 0 N
19 36 0 0 N
36 39 2 1 N
39 16 1 0 N
16 8 1 1 N
8 33 2 2 N
33 20 0 2 N
20 25 0 0 N
25 34 0 0 N
34 5 2 1 N
5 12 0 0 N
12 13 1 0 N
13 37 0 0 N
37 46 2 1 N
46 28 2 2 N
28 3 1 2 N
3 23 2 0 N
23 7 0 2 N
7 0 0 1 N
0 1 0 1 N
1 14 2 2 N
14 41 1 1 N
41 26 1 2 N
26 30 1 1 N
30 31 1 2 N
31 17 0 2 N
17 15 2 2 N
15 21 2 2 N
21 32 0 0 N
32 35 1 0 N
35 22 2 2 N
22 27 0 0 N
27 43 2 0 N
43 42 2 1 N
42 10 0 1 N
10 45 2 2 N
45 38 0 0 N
38 44 1 1 N
44 9 1 2 N
9 4 0 1 N
