43 15 0 1 S
43 37 1 2 S
43 38 2 0 S
15 6 0 2 N
15 35 1 0 N
15 19 2 1 N
6 27 0 2 N
6 14 2 1 N
6 21 1 0 N
27 20 0 0 N
27 4 1 1 N
27 21 2 2 N
20 31 2 1 N
20 38 0 2 N
20 20 1 0 N
31 1 2 0 N
31 33 1 1 N
31 10 0 2 N
1 14 2 2 N
1 10 0 0 N
1 3 1 1 N
14 44 1 0 N
14 21 0 1 N
14 21 2 2 N
44 4 1 1 N
44 36 0 0 N
44 43 2 2 N
4 10 0 1 N
4 23 1 0 N
4 37 2 2 N
10 3 1 0 N
10 25 2 2 N
10 38 0 1 N
3 35 2 2 N
3 18 1 0 N
3 10 0 1 N
35 41 1 0 N
35 8 0 1 N
35 32 2 2 N
41 29 2 2 N
41 7 0 1 N
41 31 1 0 N
29 28 1 1 N
29 35 2 0 N
29 32 0 2 N
28 19 1 2 N
28 30 2 0 N
28 13 0 1 N
19 13 1 0 N
19 32 2 2 N
19 6 0 1 N
13 37 2 2 N
13 36 1 0 N
13 25 0 1 N
37 11 0 1 N
37 6 2 0 N
37 10 1 2 N
11 17 1 2 N
11 17 0 0 N
11 26 2 1 N
17 36 2 0 N
17 34 1 2 N
17 6 0 1 N
36 30 0 2 N
36 20 2 1 N
36 44 1 0 N
30 16 2 2 N
30 11 0 1 N
30 21 1 0 N
16 12 0 1 N
16 29 2 2 N
16 6 1 0 N
12 45 2 2 N
12 18 0 1 N
12 11 1 0 N
45 7 0 0 N
45 23 1 1 N
45 21 2 2 N
7 34 2 2 N
7 21 0 0 N
7 33 1 1 N
34 39 2 2 N
34 15 0 0 N
34 39 1 1 N
39 23 0 2 N
39 47 1 0 N
39 48 2 1 N
23 32 2 2 N
23 40 0 0 N
23 31 1 1 N
32 46 2 0 N
32 10 0 2 N
32 20 1 1 N
46 9 0 2 N
46 37 2 1 N
46 21 1 0 N
9 22 2 2 N
9 23 1 0 N
9 37 0 1 N
22 5 0 1 N
22 44 2 0 N
22 11 1 2 N
5 33 0 2 N
5 48 1 1 N
5 38 2 0 N
33 0 1 0 N
33 27 0 1 N
33 14 2 2 N
0 8 2 2 N
0 16 0 1 N
0 27 1 0 N
8 2 1 0 N
8 9 0 2 N
8 28 2 1 N
2 42 2 0 N
2 32 0 1 N
2 29 1 2 N
42 48 2 1 N
42 5 0 2 N
42 25 1 0 N
48 40 1 2 N
48 39 2 0 N
48 32 0 1 N
40 18 0 2 N
40 35 1 1 N
40 28 2 0 N
18 38 1 1 N
18 42 0 2 N
18 43 2 0 N
38 47 2 2 N
38 25 1 0 N
38 32 0 1 N
47 25 2 0 N
47 10 1 2 N
47 25 0 1 N
25 26 1 0 N
25 41 2 2 N
25 10 0 1 N
26 21 2 2 N
26 25 1 0 N
26 38 0 1 N
21 24 1 2 N
21 26 0 0 N
21 31 2 1 N
24 10 0 1 N
24 25 1 0 N
24 25 2 2 N
