37 13 0 1 S
37 30 2 2 S
37 33 1 0 S
13 2 2 0 N
13 19 1 1 N
13 48 0 2 N
2 45 2 0 N
2 6 1 1 N
2 33 0 2 N
45 44 1 0 N
45 35 2 2 N
45 7 0 1 N
44 35 2 2 N
44 24 0 0 N
44 48 1 1 N
35 39 2 1 N
35 17 0 0 N
35 23 1 2 N
39 43 2 2 N
39 23 1 1 N
39 47 0 0 N
43 22 0 1 N
43 21 2 2 N
43 46 1 0 N
22 36 0 2 N
22 45 1 1 N
22 1 2 0 N
36 26 1 1 N
36 0 2 2 N
36 23 0 0 N
26 0 0 2 N
26 36 2 0 N
26 42 1 1 N
0 25 0 0 N
0 38 2 2 N
0 6 1 1 N
25 34 0 2 N
25 11 2 0 N
25 40 1 1 N
34 5 2 2 N
34 11 0 1 N
34 46 1 0 N
5 19 0 2 N
5 3 2 1 N
5 20 1 0 N
19 7 1 2 N
19 33 0 1 N
19 46 2 0 N
7 8 0 0 N
7 22 2 2 N
7 13 1 1 N
8 31 0 1 N
8 41 1 0 N
8 31 2 2 N
31 23 0 0 N
31 20 1 2 N
31 48 2 1 N
23 47 1 1 N
23 41 2 2 N
23 22 0 0 N
47 12 2 1 N
47 30 0 0 N
47 43 1 2 N
12 11 0 0 N
12 42 2 2 N
12 31 1 1 N
11 16 1 1 N
11 40 2 0 N
11 4 0 2 N
16 48 2 1 N
16 38 0 0 N
16 6 1 2 N
48 41 1 2 N
48 4 0 1 N
48 48 2 0 N
41 1 1 1 N
41 30 0 2 N
41 47 2 0 N
1 6 0 1 N
1 15 2 0 N
1 46 1 2 N
6 15 1 2 N
6 42 0 1 N
6 31 2 0 N
15 29 1 1 N
15 3 0 0 N
15 1 2 2 N
29 10 0 0 N
29 21 1 2 N
29 43 2 1 N
10 17 1 0 N
10 11 2 1 N
10 20 0 2 N
17 27 0 0 N
17 34 1 2 N
17 4 2 1 N
27 30 1 1 N
27 42 0 0 N
27 46 2 2 N
30 18 2 1 N
30 41 0 0 N
30 4 1 2 N
18 40 0 0 N
18 21 1 2 N
18 16 2 1 N
40 38 0 0 N
40 14 1 1 N
40 31 2 2 N
38 42 2 0 N
38 4 0 2 N
38 31 1 1 N
42 24 2 2 N
42 35 0 1 N
42 20 1 0 N
24 3 1 1 N
24 10 0 2 N
24 33 2 0 N
3 46 0 0 N
3 29 1 1 N
3 13 2 2 N
46 33 2 0 N
46 26 0 2 N
46 38 1 1 N
33 14 2 2 N
33 48 1 0 N
33 48 0 1 N
14 4 0 1 N
14 24 1 2 N
14 48 2 0 N
4 32 2 2 N
4 6 0 0 N
4 31 1 1 N
32 20 1 2 N
32 34 2 0 N
32 29 0 1 N
20 28 0 1 N
20 7 1 0 N
20 24 2 2 N
28 9 1 2 N
28 19 2 0 N
28 40 0 1 N
9 21 2 2 N
9 16 1 1 N
9 7 0 0 N
21 17 1 1 N
21 48 2 0 N
21 40 0 2 N
