5 12 2 2 S
12 24 1 0 N
24 34 1 1 N
34 38 1 0 N
38 7 0 2 N
7 44 2 0 N
44 28 0 0 N
28 33 2 0 N
33 19 2 2 N
19 16 0 0 N
16 26 1 0 N
26 27 1 2 N
27 6 1 0 N
6 40 1 1 N
40 32 2 2 N
32 14 0 0 N
14 22 2 2 N
22 13 1 1 N
13 43 1 2 N
43 4 1 1 N
4 29 1 2 N
29 36 1 2 N
36 2 0 1 N
2 9 1 2 N
9 20 2 1 N
20 18 1 0 N
18 39 1 2 N
39 41 2 0 N
41 10 1 0 N
10 1 1 0 N
1 3 2 1 N
3 46 1 1 N
46 23 2 0 N
23 48 0 1 N
48 11 0 0 N
11 15 2 1 N
15 25 1 2 N
25 30 0 1 N
30 8 0 1 N
8 37 1 1 N
37 35 0 0 N
35 31 0 1 N
31 47 0 0 N
47 21 0 0 N
21 42 2 0 N
42 0 0 0 N
0 45 0 0 N
45 17 1 1 N
