25 22 1 1 S
25 22 2 2 S
25 20 0 0 S
22 48 2 2 N
22 14 1 1 N
22 15 0 0 N
48 30 2 2 N
48 1 1 0 N
48 23 0 1 N
30 3 1 2 N
30 20 0 1 N
30 11 2 0 N
3 24 1 2 N
3 14 2 1 N
3 38 0 0 N
24 40 0 2 N
24 24 1 0 N
24 24 2 1 N
40 44 0 0 N
40 35 1 1 N
40 1 2 2 N
44 14 1 1 N
44 7 0 2 N
44 14 2 0 N
14 7 2 0 N
14 24 0 1 N
14 24 1 2 N
7 42 1 0 N
7 28 0 2 N
7 20 2 1 N
42 13 0 2 N
42 1 1 1 N
42 30 2 0 N
13 36 2 0 N
13 3 1 2 N
13 14 0 1 N
36 29 1 1 N
36 6 0 2 N
36 38 2 0 N
29 37 2 1 N
29 31 0 0 N
29 16 1 2 N
37 41 1 0 N
37 25 0 2 N
37 12 2 1 N
41 43 1 0 N
41 25 0 1 N
41 5 2 2 N
43 12 0 2 N
43 22 1 0 N
43 24 2 1 N
12 9 1 2 N
12 14 0 0 N
12 43 2 1 N
9 20 0 2 N
9 15 1 1 N
9 44 2 0 N
20 35 2 0 N
20 5 0 1 N
20 24 1 2 N
35 26 1 0 N
35 1 0 2 N
35 18 2 1 N
26 4 2 1 N
26 47 0 2 N
26 23 1 0 N
4 45 0 0 N
4 30 2 2 N
4 8 1 1 N
45 17 0 1 N
45 34 1 0 N
45 47 2 2 N
17 34 0 1 N
17 43 2 2 N
17 9 1 0 N
34 39 2 0 N
34 19 0 1 N
34 18 1 2 N
39 6 0 0 N
39 38 1 2 N
39 47 2 1 N
6 15 1 2 N
6 0 0 1 N
6 28 2 0 N
15 16 0 1 N
15 32 2 2 N
15 5 1 0 N
16 0 0 1 N
16 33 2 0 N
16 45 1 2 N
0 32 0 0 N
0 12 2 1 N
0 20 1 2 N
32 28 1 2 N
32 13 0 1 N
32 17 2 0 N
28 18 1 0 N
28 13 2 2 N
28 24 0 1 N
18 27 0 1 N
18 8 1 2 N
18 13 2 0 N
27 33 0 0 N
27 41 2 1 N
27 38 1 2 N
33 8 0 1 N
33 41 2 0 N
33 0 1 2 N
8 21 2 2 N
8 18 0 1 N
8 24 1 0 N
21 1 1 1 N
21 41 2 2 N
21 25 0 0 N
1 31 0 1 N
1 34 1 0 N
1 11 2 2 N
31 2 1 0 N
31 33 0 2 N
31 8 2 1 N
2 38 0 1 N
2 47 1 0 N
2 3 2 2 N
38 11 0 0 N
38 15 2 1 N
38 20 1 2 N
11 23 1 0 N
11 25 2 2 N
11 18 0 1 N
23 46 0 1 N
23 39 1 0 N
23 24 2 2 N
46 19 0 1 N
46 27 1 0 N
46 21 2 2 N
19 5 0 2 N
19 41 2 0 N
19 31 1 1 N
5 10 2 0 N
5 14 1 2 N
5 31 0 1 N
10 47 1 1 N
10 36 0 2 N
10 32 2 0 N
47 19 2 1 N
47 1 1 0 N
47 18 0 2 N
