4 38 2 0 S
4 31 0 1 S
4 3 1 2 S
38 5 0 1 N
38 46 2 2 N
38 46 1 0 N
5 46 0 0 N
5 35 1 2 N
5 27 2 1 N
46 36 2 1 N
46 35 0 2 N
46 11 1 0 N
36 19 1 2 N
36 12 2 1 N
36 17 0 0 N
19 25 1 0 N
19 34 2 1 N
19 34 0 2 N
25 9 2 1 N
25 37 1 0 N
25 44 0 2 N
9 21 1 0 N
9 27 2 2 N
9 20 0 1 N
21 3 1 1 N
21 1 0 0 N
21 27 2 2 N
3 0 0 2 N
3 16 2 1 N
3 20 1 0 N
0 15 0 2 N
0 37 1 1 N
0 33 2 0 N
15 6 2 1 N
15 47 0 2 N
15 47 1 0 N
6 39 0 2 N
6 46 2 0 N
6 42 1 1 N
39 11 2 0 N
39 2 0 1 N
39 47 1 2 N
11 37 1 2 N
11 9 2 0 N
11 30 0 1 N
37 42 0 2 N
37 0 2 1 N
37 34 1 0 N
42 30 2 1 N
42 23 0 2 N
42 7 1 0 N
30 22 0 1 N
30 11 1 2 N
30 37 2 0 N
22 43 1 0 N
22 4 2 2 N
22 48 0 1 N
43 31 0 1 N
43 33 2 0 N
43 44 1 2 N
31 28 2 2 N
31 8 0 0 N
31 3 1 1 N
28 10 1 2 N
28 44 0 1 N
28 34 2 0 N
10 48 2 0 N
10 9 1 2 N
10 36 0 1 N
48 23 1 1 N
48 24 2 0 N
48 0 0 2 N
23 44 0 2 N
23 29 2 0 N
23 12 1 1 N
44 26 0 2 N
44 0 1 1 N
44 12 2 0 N
26 14 1 1 N
26 21 0 2 N
26 39 2 0 N
14 41 1 0 N
14 44 2 2 N
14 33 0 1 N
41 35 0 0 N
41 7 1 1 N
41 24 2 2 N
35 1 1 2 N
35 17 2 0 N
35 25 0 1 N
1 32 0 0 N
1 12 1 1 N
1 29 2 2 N
32 20 1 1 N
32 33 0 0 N
32 33 2 2 N
20 7 0 0 N
20 1 2 2 N
20 20 1 1 N
7 29 1 1 N
7 10 2 2 N
7 34 0 0 N
29 47 0 0 N
29 44 2 1 N
29 13 1 2 N
47 18 1 0 N
47 8 0 1 N
47 8 2 2 N
18 13 1 0 N
18 32 2 2 N
18 5 0 1 N
13 34 0 1 N
13 23 2 0 N
13 24 1 2 N
34 16 1 1 N
34 20 0 2 N
34 3 2 0 N
16 45 1 2 N
16 18 0 0 N
16 43 2 1 N
45 24 2 0 N
45 47 0 2 N
45 28 1 1 N
24 12 1 1 N
24 12 0 0 N
24 0 2 2 N
12 33 1 2 N
12 44 0 0 N
12 33 2 1 N
33 2 1 2 N
33 28 2 1 N
33 3 0 0 N
2 27 2 0 N
2 7 1 1 N
2 22 0 2 N
27 40 0 1 N
27 13 2 2 N
27 3 1 0 N
40 8 2 2 N
40 25 0 0 N
40 28 1 1 N
8 17 2 2 N
8 14 0 0 N
8 36 1 1 N
17 33 1 1 N
17 3 0 2 N
17 20 2 0 N
