42 31 1 1 S
42 20 2 2 S
42 45 0 0 S
31 17 1 0 N
31 13 2 1 N
31 24 0 2 N
17 43 2 2 N
17 28 0 0 N
17 44 1 1 N
43 36 1 2 N
43 12 2 1 N
43 10 0 0 N
36 3 2 1 N
36 32 1 0 N
36 11 0 2 N
3 41 0 0 N
3 8 2 2 N
3 22 1 1 N
41 15 1 0 N
41 12 0 1 N
41 44 2 2 N
15 4 0 1 N
15 32 2 0 N
15 28 1 2 N
4 23 1 2 N
4 29 2 1 N
4 0 0 0 N
23 9 0 2 N
23 35 2 1 N
23 24 1 0 N
9 12 1 0 N
9 16 2 1 N
9 48 0 2 N
12 0 2 2 N
12 39 0 0 N
12 0 1 1 N
0 2 2 0 N
0 18 1 2 N
0 13 0 1 N
2 44 0 2 N
2 44 1 0 N
2 10 2 1 N
44 6 2 2 N
44 43 1 0 N
44 8 0 1 N
6 38 0 0 N
6 35 2 2 N
6 24 1 1 N
38 1 0 2 N
38 21 1 1 N
38 3 2 0 N
1 19 1 0 N
1 21 2 1 N
1 43 0 2 N
19 8 0 0 N
19 43 1 1 N
19 10 2 2 N
8 22 2 2 N
8 18 0 0 N
8 6 1 1 N
22 13 0 2 N
22 23 1 0 N
22 24 2 1 N
13 29 1 0 N
13 6 0 1 N
13 24 2 2 N
29 25 1 2 N
29 44 0 0 N
29 27 2 1 N
25 40 0 2 N
25 13 1 1 N
25 48 2 0 N
40 18 1 0 N
40 25 0 2 N
40 8 2 1 N
18 39 1 0 N
18 3 0 1 N
18 0 2 2 N
39 27 0 1 N
39 22 2 0 N
39 24 1 2 N
27 16 0 2 N
27 45 2 0 N
27 41 1 1 N
16 48 0 0 N
16 22 2 1 N
16 27 1 2 N
48 28 2 0 N
48 39 1 2 N
48 3 0 1 N
28 30 0 0 N
28 31 2 1 N
28 31 1 2 N
30 33 1 1 N
30 13 0 0 N
30 47 2 2 N
33 47 2 1 N
33 41 0 0 N
33 22 1 2 N
47 20 0 2 N
47 3 1 1 N
47 18 2 0 N
20 14 0 0 N
20 0 1 1 N
20 38 2 2 N
14 34 2 0 N
14 2 0 2 N
14 10 1 1 N
34 10 0 0 N
34 42 2 2 N
34 8 1 1 N
10 32 2 1 N
10 28 1 0 N
10 22 0 2 N
32 24 2 2 N
32 14 1 0 N
32 15 0 1 N
24 21 1 2 N
24 10 0 0 N
24 24 2 1 N
21 7 1 2 N
21 2 2 1 N
21 31 0 0 N
7 46 2 1 N
7 13 0 2 N
7 32 1 0 N
46 37 2 1 N
46 26 1 0 N
46 48 0 2 N
37 35 2 0 N
37 41 0 2 N
37 20 1 1 N
35 5 0 2 N
35 42 1 1 N
35 0 2 0 N
5 45 0 2 N
5 10 1 1 N
5 2 2 0 N
45 26 1 2 N
45 10 0 1 N
45 25 2 0 N
26 11 1 1 N
26 43 2 2 N
26 15 0 0 N
11 0 0 1 N
11 44 1 0 N
11 43 2 2 N
