1 7 0 1 S
1 9 2 2 S
1 15 1 0 S
7 38 2 0 N
7 48 0 2 N
7 41 1 1 N
38 44 1 2 N
38 12 2 0 N
38 21 0 1 N
44 47 1 2 N
44 42 0 0 N
44 46 2 1 N
47 28 2 1 N
47 42 1 0 N
47 13 0 2 N
28 39 2 0 N
28 23 1 1 N
28 21 0 2 N
39 19 2 1 N
39 17 0 0 N
39 45 1 2 N
19 43 1 0 N
19 9 0 1 N
19 23 2 2 N
43 41 0 1 N
43 34 2 2 N
43 46 1 0 N
41 45 1 1 N
41 18 2 2 N
41 28 0 0 N
45 29 2 0 N
45 37 1 2 N
45 42 0 1 N
29 42 0 1 N
29 20 1 0 N
29 36 2 2 N
42 16 2 2 N
42 18 0 0 N
42 21 1 1 N
16 18 1 0 N
16 29 0 2 N
16 20 2 1 N
18 12 0 0 N
18 36 2 2 N
18 16 1 1 N
12 14 2 2 N
12 15 0 1 N
12 41 1 0 N
14 17 2 0 N
14 7 1 2 N
14 15 0 1 N
17 48 1 0 N
17 38 0 1 N
17 41 2 2 N
48 2 1 0 N
48 36 2 1 N
48 18 0 2 N
2 40 0 0 N
2 16 2 2 N
2 36 1 1 N
40 33 2 2 N
40 28 0 0 N
40 28 1 1 N
33 36 2 2 N
33 20 0 1 N
33 20 1 0 N
36 15 0 2 N
36 20 2 0 N
36 15 1 1 N
15 6 1 1 N
15 35 2 2 N
15 41 0 0 N
6 25 0 0 N
6 16 2 2 N
6 36 1 1 N
25 9 2 0 N
25 41 1 1 N
25 34 0 2 N
9 30 2 1 N
9 26 1 0 N
9 45 0 2 N
30 35 1 1 N
30 4 2 2 N
30 5 0 0 N
35 8 0 1 N
35 46 1 2 N
35 20 2 0 N
8 3 1 0 N
8 48 0 2 N
8 15 2 1 N
3 31 1 1 N
3 26 2 0 N
3 22 0 2 N
31 34 0 0 N
31 16 2 2 N
31 38 1 1 N
34 26 0 2 N
34 37 1 0 N
34 42 2 1 N
26 46 0 0 N
26 35 2 2 N
26 14 1 1 N
46 5 2 0 N
46 4 0 2 N
46 21 1 1 N
5 20 2 0 N
5 37 1 1 N
5 23 0 2 N
20 10 0 1 N
20 39 1 0 N
20 8 2 2 N
10 32 0 2 N
10 1 2 0 N
10 15 1 1 N
32 23 1 2 N
32 4 0 1 N
32 15 2 0 N
23 27 1 2 N
23 16 0 1 N
23 28 2 0 N
27 24 1 2 N
27 29 2 0 N
27 12 0 1 N
24 22 1 1 N
24 35 0 2 N
24 14 2 0 N
22 13 0 0 N
22 27 1 2 N
22 35 2 1 N
13 11 1 2 N
13 7 0 1 N
13 36 2 0 N
11 37 1 1 N
11 18 2 0 N
11 15 0 2 N
37 4 0 2 N
37 48 1 1 N
37 23 2 0 N
4 0 2 0 N
4 43 0 1 N
4 31 1 2 N
0 21 2 1 N
0 16 1 0 N
0 29 0 2 N
21 15 2 2 N
21 16 1 1 N
21 21 0 0 N
