39 31 2 0 S
39 35 0 1 S
39 40 1 2 S
31 20 0 0 N
31 23 2 2 N
31 18 1 1 N
20 17 2 1 N
20 14 0 0 N
20 0 1 2 N
17 48 1 2 N
17 27 0 1 N
17 34 2 0 N
48 2 2 1 N
48 4 0 0 N
48 4 1 2 N
2 18 2 0 N
2 43 1 2 N
2 3 0 1 N
18 3 0 2 N
18 11 1 1 N
18 15 2 0 N
3 26 2 2 N
3 39 1 0 N
3 17 0 1 N
26 4 0 2 N
26 3 1 1 N
26 29 2 0 N
4 34 2 2 N
4 43 1 0 N
4 13 0 1 N
34 0 2 2 N
34 16 1 0 N
34 34 0 1 N
0 37 2 0 N
0 10 0 2 N
0 16 1 1 N
37 12 0 1 N
37 0 2 2 N
37 36 1 0 N
12 33 2 1 N
12 41 0 2 N
12 15 1 0 N
33 41 2 1 N
33 12 0 0 N
33 19 1 2 N
41 11 0 2 N
41 7 1 0 N
41 43 2 1 N
11 21 1 2 N
11 4 2 1 N
11 40 0 0 N
21 9 1 2 N
21 46 2 1 N
21 47 0 0 N
9 6 0 2 N
9 0 1 0 N
9 6 2 1 N
6 23 0 2 N
6 43 1 1 N
6 40 2 0 N
23 45 0 1 N
23 28 2 2 N
23 33 1 0 N
45 22 0 2 N
45 19 1 1 N
45 16 2 0 N
22 44 0 1 N
22 27 1 2 N
22 1 2 0 N
44 28 1 1 N
44 15 0 2 N
44 18 2 0 N
28 42 0 0 N
28 25 2 1 N
28 18 1 2 N
42 32 2 1 N
42 34 1 0 N
42 40 0 2 N
32 36 0 1 N
32 40 2 2 N
32 40 1 0 N
36 24 2 2 N
36 4 1 0 N
36 15 0 1 N
24 40 0 1 N
24 4 2 2 N
24 13 1 0 N
40 14 0 2 N
40 16 2 1 N
40 34 1 0 N
14 13 2 0 N
14 20 0 2 N
14 32 1 1 N
13 35 2 2 N
13 34 1 1 N
13 16 0 0 N
35 46 0 0 N
35 4 2 1 N
35 28 1 2 N
46 8 1 1 N
46 31 0 0 N
46 12 2 2 N
8 10 0 1 N
8 38 2 2 N
8 38 1 0 N
10 5 1 0 N
10 12 0 1 N
10 16 2 2 N
5 25 2 1 N
5 14 1 2 N
5 24 0 0 N
25 29 2 1 N
25 43 0 2 N
25 40 1 0 N
29 15 2 2 N
29 33 0 1 N
29 39 1 0 N
15 1 2 1 N
15 4 0 0 N
15 40 1 2 N
1 47 0 2 N
1 31 2 1 N
1 28 1 0 N
47 27 1 0 N
47 35 0 1 N
47 4 2 2 N
27 16 0 1 N
27 48 1 2 N
27 21 2 0 N
16 7 1 1 N
16 15 2 0 N
16 34 0 2 N
7 38 2 0 N
7 17 0 2 N
7 29 1 1 N
38 43 2 1 N
38 0 1 0 N
38 42 0 2 N
43 19 1 1 N
43 41 0 2 N
43 34 2 0 N
19 30 1 1 N
19 13 0 2 N
19 15 2 0 N
30 15 2 2 N
30 18 1 0 N
30 43 0 1 N
