11 37 2 2 S
37 33 1 1 N
33 42 0 2 N
42 16 2 0 N
16 12 1 0 N
12 26 2 0 N
26 21 2 0 N
21 8 1 2 N
8 18 0 1 N
18 30 1 0 N
30 1 2 0 N
1 20 0 1 N
20 36 1 1 N
36 31 1 2 N
31 2 0 1 N
2 32 1 1 N
32 0 1 2 N
0 38 0 1 N
38 5 2 1 N
5 47 1 2 N
47 19 1 0 N
19 29 1 1 N
29 17 0 1 N
17 43 2 0 N
43 35 1 0 N
35 46 1 0 N
46 3 2 1 N
3 14 0 2 N
14 22 0 0 N
22 41 0 1 N
41 24 0 0 N
24 48 0 0 N
48 45 0 2 N
45 23 1 2 N
23 10 2 1 N
10 39 1 0 N
39 6 2 2 N
6 4 1 1 N
4 7 2 1 N
7 15 1 0 N
15 28 0 1 N
28 34 2 2 N
34 27 0 1 N
27 9 2 1 N
9 40 2 2 N
40 25 0 2 N
25 44 0 0 N
44 13 0 0 N
