31 13 1 1 S
31 15 2 2 S
31 17 0 0 S
13 38 2 1 N
13 29 1 0 N
13 3 0 2 N
38 48 1 1 N
38 17 0 2 N
38 12 2 0 N
48 11 1 0 N
48 38 2 2 N
48 12 0 1 N
11 2 2 1 N
11 38 0 2 N
11 15 1 0 N
2 44 2 0 N
2 21 1 1 N
2 20 0 2 N
44 24 0 0 N
44 40 2 1 N
44 31 1 2 N
24 37 1 0 N
24 28 2 1 N
24 27 0 2 N
37 8 1 1 N
37 48 2 0 N
37 25 0 2 N
8 9 2 1 N
8 46 0 0 N
8 27 1 2 N
9 41 2 2 N
9 18 1 0 N
9 28 0 1 N
41 4 0 0 N
41 31 2 2 N
41 3 1 1 N
4 40 2 1 N
4 48 0 2 N
4 14 1 0 N
40 5 0 0 N
40 17 2 1 N
40 22 1 2 N
5 3 2 0 N
5 19 1 2 N
5 30 0 1 N
3 10 2 2 N
3 31 1 1 N
3 17 0 0 N
10 17 0 1 N
10 29 2 0 N
10 22 1 2 N
17 43 0 0 N
17 3 1 1 N
17 17 2 2 N
43 1 2 2 N
43 24 1 1 N
43 25 0 0 N
1 45 0 2 N
1 4 1 0 N
1 16 2 1 N
45 42 0 1 N
45 7 1 2 N
45 12 2 0 N
42 30 2 1 N
42 16 0 0 N
42 3 1 2 N
30 46 1 0 N
30 48 0 2 N
30 19 2 1 N
46 23 0 0 N
46 17 1 1 N
46 28 2 2 N
23 35 1 0 N
23 18 2 2 N
23 12 0 1 N
35 39 0 0 N
35 5 2 2 N
35 7 1 1 N
39 27 1 2 N
39 6 0 0 N
39 8 2 1 N
27 6 0 1 N
27 17 2 0 N
27 16 1 2 N
6 20 0 2 N
6 16 1 0 N
6 8 2 1 N
20 0 0 0 N
20 26 1 2 N
20 3 2 1 N
0 19 2 0 N
0 33 1 2 N
0 11 0 1 N
19 32 2 0 N
19 32 1 1 N
19 12 0 2 N
32 12 2 1 N
32 25 0 0 N
32 3 1 2 N
12 18 2 1 N
12 16 1 0 N
12 46 0 2 N
18 16 0 2 N
18 19 2 0 N
18 1 1 1 N
16 21 1 2 N
16 46 0 1 N
16 17 2 0 N
21 25 2 0 N
21 46 1 2 N
21 34 0 1 N
25 36 1 0 N
25 1 0 1 N
25 12 2 2 N
36 22 0 1 N
36 35 2 2 N
36 11 1 0 N
22 28 1 2 N
22 46 2 0 N
22 19 0 1 N
28 7 2 1 N
28 41 0 2 N
28 16 1 0 N
7 26 1 2 N
7 47 0 1 N
7 3 2 0 N
26 47 0 0 N
26 32 2 1 N
26 22 1 2 N
47 29 0 1 N
47 26 2 2 N
47 32 1 0 N
29 34 1 0 N
29 6 0 1 N
29 19 2 2 N
34 33 1 2 N
34 44 2 1 N
34 41 0 0 N
33 15 1 0 N
33 14 2 2 N
33 30 0 1 N
15 14 2 1 N
15 41 1 0 N
15 46 0 2 N
14 15 0 2 N
14 33 2 1 N
14 3 1 0 N
