6 44 2 0 S
6 37 1 1 S
6 47 0 2 S
44 11 2 1 N
44 17 1 0 N
44 17 0 2 N
11 20 2 0 N
11 27 0 2 N
11 28 1 1 N
20 24 0 2 N
20 42 1 0 N
20 37 2 1 N
24 19 1 1 N
24 29 2 0 N
24 10 0 2 N
19 23 2 1 N
19 35 1 0 N
19 17 0 2 N
23 26 0 2 N
23 18 2 1 N
23 31 1 0 N
26 4 1 2 N
26 18 0 0 N
26 19 2 1 N
4 36 2 2 N
4 0 1 1 N
4 8 0 0 N
36 27 1 2 N
36 8 2 1 N
36 44 0 0 N
27 1 1 0 N
27 23 2 2 N
27 36 0 1 N
1 33 0 1 N
1 29 2 0 N
1 8 1 2 N
33 35 0 1 N
33 31 2 0 N
33 12 1 2 N
35 16 2 1 N
35 17 1 2 N
35 10 0 0 N
16 39 1 0 N
16 6 2 1 N
16 38 0 2 N
39 7 2 1 N
39 24 0 2 N
39 17 1 0 N
7 12 0 2 N
7 27 2 1 N
7 12 1 0 N
12 17 0 2 N
12 31 2 0 N
12 19 1 1 N
17 29 0 2 N
17 44 2 1 N
17 8 1 0 N
29 21 2 0 N
29 1 1 2 N
29 31 0 1 N
21 0 2 1 N
21 41 1 0 N
21 1 0 2 N
0 40 1 1 N
0 47 0 0 N
0 43 2 2 N
40 3 2 2 N
40 37 0 1 N
40 2 1 0 N
3 47 2 0 N
3 45 1 2 N
3 2 0 1 N
47 10 0 0 N
47 0 1 2 N
47 19 2 1 N
10 22 0 2 N
10 24 2 0 N
10 47 1 1 N
22 28 1 2 N
22 20 2 1 N
22 48 0 0 N
28 45 2 0 N
28 16 1 2 N
28 44 0 1 N
45 15 0 1 N
45 41 2 0 N
45 44 1 2 N
15 41 0 0 N
15 45 2 1 N
15 45 1 2 N
41 32 0 2 N
41 19 1 1 N
41 42 2 0 N
32 8 0 2 N
32 4 1 1 N
32 38 2 0 N
8 34 1 1 N
8 23 0 2 N
8 8 2 0 N
34 13 1 0 N
34 32 0 1 N
34 26 2 2 N
13 25 1 1 N
13 14 2 0 N
13 32 0 2 N
25 31 0 2 N
25 28 2 1 N
25 17 1 0 N
31 37 1 0 N
31 6 0 2 N
31 38 2 1 N
37 9 1 2 N
37 41 2 0 N
37 36 0 1 N
9 48 0 2 N
9 28 2 1 N
9 12 1 0 N
48 46 2 2 N
48 17 0 1 N
48 10 1 0 N
46 2 2 2 N
46 33 0 0 N
46 10 1 1 N
2 42 0 0 N
2 29 2 1 N
2 43 1 2 N
42 38 0 1 N
42 43 2 2 N
42 10 1 0 N
38 43 0 2 N
38 43 2 0 N
38 43 1 1 N
43 18 0 2 N
43 44 2 0 N
43 17 1 1 N
18 14 1 0 N
18 12 2 1 N
18 43 0 2 N
14 30 1 2 N
14 11 0 0 N
14 6 2 1 N
30 5 2 2 N
30 22 0 1 N
30 5 1 0 N
5 20 1 1 N
5 18 2 2 N
5 17 0 0 N
