14 10 1 0 S
14 25 0 2 S
14 20 2 1 S
10 7 0 1 N
10 19 2 0 N
10 23 1 2 N
7 22 1 0 N
7 4 0 2 N
7 11 2 1 N
22 24 1 0 N
22 10 2 1 N
22 16 0 2 N
24 5 0 1 N
24 3 2 0 N
24 10 1 2 N
5 23 2 2 N
5 23 1 1 N
5 23 0 0 N
23 3 0 2 N
23 10 1 1 N
23 25 2 0 N
3 15 2 1 N
3 23 1 0 N
3 16 0 2 N
15 1 2 0 N
15 11 0 1 N
15 21 1 2 N
1 21 0 0 N
1 5 2 2 N
1 13 1 1 N
21 4 0 2 N
21 1 1 0 N
21 5 2 1 N
4 18 1 1 N
4 23 2 2 N
4 8 0 0 N
18 12 0 1 N
18 14 1 0 N
18 16 2 2 N
12 11 1 2 N
12 16 2 0 N
12 1 0 1 N
11 25 0 0 N
11 20 1 2 N
11 23 2 1 N
25 6 2 2 N
25 23 0 0 N
25 25 1 1 N
6 19 2 1 N
6 4 1 2 N
6 12 0 0 N
19 8 1 0 N
19 16 0 2 N
19 25 2 1 N
8 17 2 2 N
8 21 1 1 N
8 22 0 0 N
17 0 2 1 N
17 5 0 0 N
17 13 1 2 N
0 2 0 1 N
0 13 1 2 N
0 5 2 0 N
2 20 2 2 N
2 16 0 1 N
2 23 1 0 N
20 16 0 1 N
20 9 1 0 N
20 5 2 2 N
16 9 2 1 N
16 10 0 2 N
16 23 1 0 N
9 13 1 0 N
9 3 0 1 N
9 17 2 2 N
13 19 0 1 N
13 10 2 2 N
13 10 1 0 N
