9 14 2 0 S
9 22 0 2 S
9 14 1 1 S
14 18 2 2 N
14 17 1 1 N
14 23 0 0 N
18 6 2 2 N
18 8 1 1 N
18 17 0 0 N
6 1 2 1 N
6 3 1 0 N
6 18 0 2 N
1 12 0 0 N
1 21 1 2 N
1 23 2 1 N
12 2 2 1 N
12 22 1 0 N
12 15 0 2 N
2 10 0 2 N
2 1 1 1 N
2 15 2 0 N
10 21 1 2 N
10 24 2 0 N
10 20 0 1 N
21 19 0 0 N
21 23 1 2 N
21 17 2 1 N
19 3 0 2 N
19 5 1 0 N
19 5 2 1 N
3 17 1 1 N
3 15 2 0 N
3 19 0 2 N
17 25 0 2 N
17 21 1 0 N
17 23 2 1 N
25 4 0 2 N
25 0 1 0 N
25 3 2 1 N
4 13 0 2 N
4 16 1 0 N
4 16 2 1 N
13 22 1 2 N
13 25 2 0 N
13 3 0 1 N
22 11 0 1 N
22 5 1 2 N
22 12 2 0 N
11 20 2 1 N
11 21 0 0 N
11 23 1 2 N
20 23 0 1 N
20 23 2 0 N
20 15 1 2 N
23 7 0 2 N
23 5 2 0 N
23 5 1 1 N
7 24 0 2 N
7 2 1 1 N
7 23 2 0 N
24 15 2 1 N
24 19 1 0 N
24 0 0 2 N
15 5 1 0 N
15 19 2 2 N
15 23 0 1 N
5 0 0 2 N
5 23 1 0 N
5 5 2 1 N
0 8 0 0 N
0 19 2 2 N
0 2 1 1 N
8 16 1 1 N
8 16 2 2 N
8 2 0 0 N
16 3 0 2 N
16 1 1 1 N
16 21 2 0 N
