6 19 0 0 S
6 8 1 1 S
6 0 2 2 S
19 12 0 1 N
19 23 2 0 N
19 9 1 2 N
12 8 1 2 N
12 7 0 1 N
12 2 2 0 N
8 23 1 2 N
8 20 0 1 N
8 20 2 0 N
23 18 2 2 N
23 8 0 1 N
23 1 1 0 N
18 11 1 0 N
18 24 2 2 N
18 2 0 1 N
11 2 2 1 N
11 7 1 2 N
11 21 0 0 N
2 9 1 1 N
2 7 2 2 N
2 15 0 0 N
9 21 1 2 N
9 17 0 0 N
9 22 2 1 N
21 20 0 1 N
21 1 2 0 N
21 6 1 2 N
20 16 1 2 N
20 17 0 1 N
20 0 2 0 N
16 7 1 2 N
16 5 0 0 N
16 21 2 1 N
7 17 2 0 N
7 11 0 2 N
7 9 1 1 N
17 14 0 1 N
17 6 2 2 N
17 0 1 0 N
14 24 2 2 N
14 1 1 1 N
14 11 0 0 N
24 25 2 1 N
24 17 1 2 N
24 22 0 0 N
25 22 2 1 N
25 0 0 0 N
25 17 1 2 N
22 4 0 2 N
22 21 1 0 N
22 6 2 1 N
4 5 0 0 N
4 6 1 2 N
4 8 2 1 N
5 3 2 1 N
5 8 1 2 N
5 8 0 0 N
3 13 1 1 N
3 8 0 2 N
3 4 2 0 N
13 0 2 2 N
13 4 1 1 N
13 21 0 0 N
0 1 2 0 N
0 20 1 2 N
0 0 0 1 N
1 10 2 1 N
1 25 1 2 N
1 20 0 0 N
10 15 2 2 N
10 5 1 0 N
10 16 0 1 N
15 4 2 1 N
15 21 0 2 N
15 14 1 0 N
