23 7 0 2 S
23 25 2 0 S
23 16 1 1 S
7 3 0 1 N
7 8 2 2 N
7 3 1 0 N
3 0 2 0 N
3 6 1 2 N
3 3 0 1 N
0 1 2 0 N
0 4 0 2 N
0 11 1 1 N
1 19 1 2 N
1 23 0 0 N
1 25 2 1 N
19 6 1 1 N
19 2 2 2 N
19 18 0 0 N
6 24 1 2 N
6 10 2 1 N
6 3 0 0 N
24 20 1 0 N
24 6 0 1 N
24 10 2 2 N
20 16 1 0 N
20 1 0 1 N
20 1 2 2 N
16 15 1 2 N
16 7 2 0 N
16 6 0 1 N
15 14 0 2 N
15 25 2 1 N
15 11 1 0 N
14 8 0 1 N
14 3 2 2 N
14 15 1 0 N
8 22 0 1 N
8 16 2 2 N
8 10 1 0 N
22 17 0 1 N
22 13 2 2 N
22 1 1 0 N
17 18 1 0 N
17 14 2 2 N
17 15 0 1 N
18 25 1 1 N
18 25 0 2 N
18 16 2 0 N
25 5 0 2 N
25 3 2 1 N
25 3 1 0 N
5 4 2 1 N
5 13 1 0 N
5 14 0 2 N
4 2 1 1 N
4 13 0 0 N
4 1 2 2 N
2 21 0 2 N
2 6 1 0 N
2 16 2 1 N
21 11 0 2 N
21 24 2 0 N
21 22 1 1 N
11 12 0 1 N
11 20 1 2 N
11 3 2 0 N
12 9 0 2 N
12 15 1 1 N
12 20 2 0 N
9 10 1 2 N
9 20 0 1 N
9 23 2 0 N
10 13 1 2 N
10 6 0 1 N
10 3 2 0 N
13 19 0 1 N
13 20 2 2 N
13 16 1 0 N
