17 14 1 0 S
17 3 0 2 S
17 5 2 1 S
14 5 2 1 N
14 3 1 0 N
14 2 0 2 N
5 7 2 1 N
5 6 1 0 N
5 12 0 2 N
7 19 2 2 N
7 3 0 1 N
7 0 1 0 N
19 21 2 1 N
19 15 1 2 N
19 17 0 0 N
21 8 1 2 N
21 6 0 0 N
21 17 2 1 N
8 6 0 1 N
8 11 1 2 N
8 10 2 0 N
6 20 2 2 N
6 14 0 0 N
6 5 1 1 N
20 18 1 0 N
20 6 2 1 N
20 17 0 2 N
18 10 2 2 N
18 14 1 1 N
18 11 0 0 N
10 16 2 2 N
10 4 1 0 N
10 3 0 1 N
16 24 1 2 N
16 24 0 0 N
16 6 2 1 N
24 3 1 2 N
24 5 0 0 N
24 13 2 1 N
3 23 0 2 N
3 15 2 0 N
3 17 1 1 N
23 2 1 0 N
23 14 2 1 N
23 17 0 2 N
2 13 0 2 N
2 17 2 1 N
2 11 1 0 N
13 22 1 1 N
13 12 2 0 N
13 13 0 2 N
22 11 0 1 N
22 19 2 2 N
22 0 1 0 N
11 25 0 2 N
11 12 1 1 N
11 17 2 0 N
25 9 0 0 N
25 24 1 1 N
25 11 2 2 N
9 12 2 1 N
9 7 1 0 N
9 24 0 2 N
12 0 2 1 N
12 15 0 0 N
12 13 1 2 N
0 15 1 1 N
0 14 2 2 N
0 12 0 0 N
15 4 1 1 N
15 11 2 0 N
15 2 0 2 N
4 1 2 1 N
4 24 0 0 N
4 3 1 2 N
1 7 0 2 N
1 22 2 0 N
1 17 1 1 N
