7 3 0 1 S
7 6 1 2 S
7 1 2 0 S
3 12 0 2 N
3 7 1 1 N
3 9 2 0 N
12 13 1 2 N
12 8 0 0 N
12 9 2 1 N
13 5 0 1 N
13 1 1 2 N
13 8 2 0 N
5 25 1 0 N
5 12 2 2 N
5 4 0 1 N
25 24 0 0 N
25 11 1 1 N
25 6 2 2 N
24 15 1 1 N
24 0 0 0 N
24 1 2 2 N
15 4 0 2 N
15 6 2 1 N
15 10 1 0 N
4 17 1 0 N
4 11 0 1 N
4 4 2 2 N
17 14 1 1 N
17 13 0 0 N
17 11 2 2 N
14 10 0 0 N
14 5 2 2 N
14 20 1 1 N
10 0 1 2 N
10 1 2 1 N
10 1 0 0 N
0 20 0 0 N
0 3 1 2 N
0 7 2 1 N
20 21 2 2 N
20 19 0 1 N
20 22 1 0 N
21 1 1 2 N
21 12 2 1 N
21 13 0 0 N
1 19 1 1 N
1 6 2 2 N
1 4 0 0 N
19 23 1 1 N
19 18 0 2 N
19 1 2 0 N
23 2 1 2 N
23 7 0 0 N
23 19 2 1 N
2 16 0 0 N
2 6 2 2 N
2 10 1 1 N
16 18 1 0 N
16 17 0 2 N
16 4 2 1 N
18 11 0 1 N
18 25 2 0 N
18 6 1 2 N
11 6 1 2 N
11 16 2 0 N
11 1 0 1 N
6 8 2 2 N
6 8 1 1 N
6 8 0 0 N
8 9 2 2 N
8 22 1 0 N
8 4 0 1 N
9 22 1 2 N
9 16 2 1 N
9 1 0 0 N
22 9 1 1 N
22 10 2 2 N
22 2 0 0 N
