16 15 1 1 S
16 5 2 2 S
16 24 0 0 S
15 19 0 0 N
15 25 1 2 N
15 20 2 1 N
19 2 2 1 N
19 3 0 0 N
19 22 1 2 N
2 21 2 0 N
2 11 1 2 N
2 20 0 1 N
21 25 1 1 N
21 17 0 0 N
21 12 2 2 N
25 22 2 2 N
25 8 0 0 N
25 18 1 1 N
22 5 2 1 N
22 25 0 2 N
22 24 1 0 N
5 10 0 1 N
5 21 1 0 N
5 8 2 2 N
10 9 0 1 N
10 24 1 2 N
10 24 2 0 N
9 8 2 2 N
9 16 1 1 N
9 3 0 0 N
8 7 0 1 N
8 25 2 2 N
8 22 1 0 N
7 12 2 2 N
7 20 0 1 N
7 0 1 0 N
12 4 0 1 N
12 10 1 0 N
12 22 2 2 N
4 13 1 1 N
4 17 2 2 N
4 7 0 0 N
13 23 0 1 N
13 3 1 0 N
13 12 2 2 N
23 17 2 2 N
23 24 0 1 N
23 14 1 0 N
17 18 2 2 N
17 8 1 1 N
17 24 0 0 N
18 6 2 1 N
18 7 0 2 N
18 8 1 0 N
6 20 1 0 N
6 14 0 2 N
6 22 2 1 N
20 24 2 0 N
20 22 0 2 N
20 24 1 1 N
24 0 0 1 N
24 16 2 0 N
24 24 1 2 N
0 3 0 1 N
0 3 2 0 N
0 9 1 2 N
3 1 0 2 N
3 17 1 1 N
3 12 2 0 N
1 11 1 1 N
1 0 0 2 N
1 5 2 0 N
11 14 0 2 N
11 23 1 0 N
11 17 2 1 N
14 18 2 1 N
14 8 1 2 N
14 24 0 0 N
