19 22 0 1 S
19 15 1 2 S
19 23 2 0 S
22 1 1 2 N
22 1 2 0 N
22 23 0 1 N
1 2 0 1 N
1 3 2 2 N
1 14 1 0 N
2 21 1 2 N
2 7 0 1 N
2 20 2 0 N
21 5 2 2 N
21 23 1 0 N
21 8 0 1 N
5 20 0 2 N
5 11 1 0 N
5 20 2 1 N
20 8 2 1 N
20 6 0 0 N
20 6 1 2 N
8 10 1 1 N
8 18 2 2 N
8 6 0 0 N
10 7 0 1 N
10 25 1 2 N
10 8 2 0 N
7 9 2 2 N
7 6 1 1 N
7 21 0 0 N
9 25 2 1 N
9 25 0 2 N
9 12 1 0 N
25 11 0 2 N
25 8 1 1 N
25 24 2 0 N
11 12 1 2 N
11 13 0 1 N
11 25 2 0 N
12 16 0 1 N
12 16 2 2 N
12 6 1 0 N
16 3 0 2 N
16 18 2 0 N
16 13 1 1 N
3 4 0 0 N
3 13 1 2 N
3 1 2 1 N
4 17 0 1 N
4 22 1 2 N
4 14 2 0 N
17 18 2 1 N
17 11 1 2 N
17 1 0 0 N
18 23 1 0 N
18 0 0 1 N
18 24 2 2 N
23 6 1 1 N
23 9 2 0 N
23 1 0 2 N
6 14 2 2 N
6 1 0 1 N
6 6 1 0 N
14 24 2 0 N
14 25 1 2 N
14 6 0 1 N
24 15 1 0 N
24 18 2 2 N
24 14 0 1 N
15 13 1 0 N
15 10 0 2 N
15 8 2 1 N
13 0 1 1 N
13 6 0 2 N
13 20 2 0 N
0 8 2 0 N
0 2 0 1 N
0 24 1 2 N
