12 20 0 1 S
12 19 1 2 S
12 24 2 0 S
20 23 1 2 N
20 21 0 1 N
20 1 2 0 N
23 8 0 1 N
23 4 2 0 N
23 9 1 2 N
8 14 0 1 N
8 15 2 0 N
8 8 1 2 N
14 24 1 1 N
14 16 0 0 N
14 16 2 2 N
24 19 2 2 N
24 20 0 1 N
24 6 1 0 N
19 11 0 1 N
19 8 1 0 N
19 7 2 2 N
11 4 0 0 N
11 19 1 2 N
11 16 2 1 N
4 5 1 0 N
4 7 2 1 N
4 14 0 2 N
5 7 0 2 N
5 2 2 0 N
5 7 1 1 N
7 10 1 1 N
7 24 0 0 N
7 8 2 2 N
10 22 0 0 N
10 8 2 1 N
10 4 1 2 N
22 2 1 2 N
22 19 0 0 N
22 19 2 1 N
2 3 2 2 N
2 1 0 1 N
2 21 1 0 N
3 16 1 1 N
3 16 2 0 N
3 16 0 2 N
16 0 1 2 N
16 9 0 1 N
16 6 2 0 N
0 25 2 0 N
0 23 0 1 N
0 15 1 2 N
25 18 2 1 N
25 18 0 2 N
25 8 1 0 N
18 15 1 1 N
18 7 2 0 N
18 3 0 2 N
15 9 2 0 N
15 3 0 2 N
15 6 1 1 N
9 21 0 1 N
9 2 2 0 N
9 6 1 2 N
21 1 1 1 N
21 24 2 0 N
21 8 0 2 N
1 13 1 2 N
1 11 0 1 N
1 4 2 0 N
13 17 0 1 N
13 12 2 0 N
13 9 1 2 N
17 6 1 1 N
17 21 0 2 N
17 20 2 0 N
6 19 2 1 N
6 8 1 0 N
6 7 0 2 N
