12 25 1 2 S
12 19 2 1 S
12 15 0 0 S
25 16 1 1 N
25 20 0 0 N
25 15 2 2 N
16 15 1 1 N
16 21 2 2 N
16 20 0 0 N
15 23 1 2 N
15 23 2 0 N
15 15 0 1 N
23 3 1 0 N
23 0 2 2 N
23 0 0 1 N
3 6 2 2 N
3 23 1 0 N
3 0 0 1 N
6 5 2 2 N
6 13 0 0 N
6 11 1 1 N
5 2 2 1 N
5 19 0 0 N
5 17 1 2 N
2 9 0 0 N
2 22 1 2 N
2 23 2 1 N
9 24 1 1 N
9 0 0 0 N
9 5 2 2 N
24 18 2 1 N
24 20 0 0 N
24 23 1 2 N
18 20 1 2 N
18 3 2 1 N
18 25 0 0 N
20 21 2 0 N
20 17 1 1 N
20 17 0 2 N
21 10 1 2 N
21 18 2 1 N
21 0 0 0 N
10 11 2 1 N
10 4 1 0 N
10 25 0 2 N
11 8 1 0 N
11 23 0 1 N
11 12 2 2 N
8 7 1 1 N
8 12 0 2 N
8 4 2 0 N
7 22 1 1 N
7 13 2 2 N
7 16 0 0 N
22 17 1 0 N
22 23 2 1 N
22 13 0 2 N
17 14 0 1 N
17 16 2 0 N
17 15 1 2 N
14 4 1 2 N
14 2 0 0 N
14 23 2 1 N
4 1 1 0 N
4 9 0 2 N
4 0 2 1 N
1 0 1 2 N
1 15 2 1 N
1 10 0 0 N
0 19 2 0 N
0 18 0 2 N
0 15 1 1 N
19 13 2 1 N
19 1 1 2 N
19 17 0 0 N
13 3 2 1 N
13 22 0 0 N
13 4 1 2 N
