1 22 0 2 S
1 8 1 1 S
1 15 2 0 S
22 15 0 2 N
22 13 2 1 N
22 15 1 0 N
15 2 0 1 N
15 23 2 0 N
15 13 1 2 N
2 12 2 0 N
2 14 0 2 N
2 21 1 1 N
12 19 1 2 N
12 20 2 1 N
12 15 0 0 N
19 18 2 1 N
19 8 0 0 N
19 20 1 2 N
18 0 0 2 N
18 13 2 1 N
18 18 1 0 N
0 20 1 2 N
0 25 2 1 N
0 6 0 0 N
20 25 0 0 N
20 5 2 2 N
20 13 1 1 N
25 14 0 1 N
25 19 1 2 N
25 1 2 0 N
14 16 0 0 N
14 19 1 2 N
14 18 2 1 N
16 10 2 1 N
16 7 1 2 N
16 11 0 0 N
10 17 2 0 N
10 5 0 1 N
10 5 1 2 N
17 6 1 0 N
17 9 0 2 N
17 20 2 1 N
6 7 1 2 N
6 12 2 0 N
6 14 0 1 N
7 3 1 0 N
7 19 2 2 N
7 14 0 1 N
3 23 1 0 N
3 20 2 1 N
3 7 0 2 N
23 5 0 0 N
23 5 1 1 N
23 5 2 2 N
5 24 1 2 N
5 1 2 0 N
5 17 0 1 N
24 11 1 1 N
24 22 0 2 N
24 18 2 0 N
11 4 0 2 N
11 2 2 1 N
11 9 1 0 N
4 21 0 0 N
4 25 1 2 N
4 13 2 1 N
21 8 1 0 N
21 5 0 1 N
21 5 2 2 N
8 9 1 0 N
8 19 2 1 N
8 5 0 2 N
9 13 0 2 N
9 14 1 0 N
9 7 2 1 N
13 18 2 2 N
13 18 0 0 N
13 18 1 1 N
