12 25 2 1 S
12 6 0 2 S
12 6 1 0 S
25 5 2 0 N
25 2 0 1 N
25 3 1 2 N
5 8 0 0 N
5 7 1 1 N
5 22 2 2 N
8 3 1 1 N
8 15 2 2 N
8 2 0 0 N
3 1 1 0 N
3 6 2 2 N
3 17 0 1 N
1 11 0 2 N
1 2 1 1 N
1 6 2 0 N
11 10 0 0 N
11 22 2 1 N
11 17 1 2 N
10 6 2 0 N
10 15 1 1 N
10 25 0 2 N
6 2 0 2 N
6 12 1 0 N
6 3 2 1 N
2 22 2 2 N
2 6 1 1 N
2 7 0 0 N
22 16 0 2 N
22 25 1 0 N
22 7 2 1 N
16 14 0 1 N
16 24 1 2 N
16 4 2 0 N
14 23 2 2 N
14 19 0 1 N
14 25 1 0 N
23 0 2 0 N
23 22 1 1 N
23 22 0 2 N
0 13 2 2 N
0 13 0 0 N
0 3 1 1 N
13 4 2 0 N
13 11 0 1 N
13 7 1 2 N
4 7 0 0 N
4 22 1 2 N
4 6 2 1 N
7 24 0 2 N
7 14 1 1 N
7 25 2 0 N
24 20 2 1 N
24 16 1 2 N
24 8 0 0 N
20 18 1 0 N
20 7 2 1 N
20 17 0 2 N
18 21 1 0 N
18 14 0 1 N
18 4 2 2 N
21 9 2 2 N
21 22 0 1 N
21 17 1 0 N
9 19 2 1 N
9 8 1 0 N
9 8 0 2 N
19 17 0 1 N
19 4 2 2 N
19 8 1 0 N
17 15 2 0 N
17 6 1 2 N
17 17 0 1 N
15 20 0 0 N
15 22 2 2 N
15 25 1 1 N
