5 16 2 0 S
5 13 0 2 S
5 11 1 1 S
16 22 0 2 N
16 4 1 0 N
16 3 2 1 N
22 11 0 2 N
22 20 2 1 N
22 3 1 0 N
11 0 0 1 N
11 6 2 0 N
11 16 1 2 N
0 20 2 1 N
0 1 0 2 N
0 3 1 0 N
20 4 2 0 N
20 4 1 2 N
20 9 0 1 N
4 18 2 0 N
4 7 0 2 N
4 3 1 1 N
18 19 1 1 N
18 9 2 0 N
18 11 0 2 N
19 17 0 0 N
19 7 2 1 N
19 15 1 2 N
17 3 2 0 N
17 1 1 1 N
17 9 0 2 N
3 13 1 1 N
3 21 2 0 N
3 3 0 2 N
13 14 0 2 N
13 14 2 1 N
13 16 1 0 N
14 10 1 0 N
14 2 0 2 N
14 6 2 1 N
10 8 1 0 N
10 13 2 2 N
10 22 0 1 N
8 12 2 0 N
8 16 1 1 N
8 14 0 2 N
12 2 1 0 N
12 14 0 2 N
12 20 2 1 N
2 25 0 2 N
2 5 2 1 N
2 14 1 0 N
25 21 0 1 N
25 14 1 2 N
25 12 2 0 N
21 1 2 2 N
21 16 0 0 N
21 9 1 1 N
1 6 1 0 N
1 23 0 1 N
1 9 2 2 N
6 24 0 2 N
6 17 1 0 N
6 16 2 1 N
24 9 2 2 N
24 9 1 1 N
24 16 0 0 N
9 15 1 1 N
9 16 0 2 N
9 16 2 0 N
15 23 1 0 N
15 11 2 1 N
15 6 0 2 N
23 7 0 2 N
23 12 1 0 N
23 2 2 1 N
7 5 1 2 N
7 16 2 0 N
7 18 0 1 N
