21 9 0 2 S
21 10 2 0 S
21 16 1 1 S
9 10 0 2 N
9 8 2 0 N
9 15 1 1 N
10 13 2 2 N
10 12 0 1 N
10 0 1 0 N
13 25 0 0 N
13 12 1 1 N
13 3 2 2 N
25 16 2 0 N
25 14 0 1 N
25 7 1 2 N
16 22 2 2 N
16 22 0 1 N
16 11 1 0 N
22 19 2 1 N
22 17 1 0 N
22 0 0 2 N
19 18 0 1 N
19 25 1 0 N
19 23 2 2 N
18 14 0 0 N
18 16 2 2 N
18 0 1 1 N
14 15 2 1 N
14 15 1 2 N
14 18 0 0 N
15 3 0 0 N
15 10 1 1 N
15 12 2 2 N
3 12 2 1 N
3 6 0 2 N
3 12 1 0 N
12 2 1 1 N
12 18 0 2 N
12 0 2 0 N
2 23 2 0 N
2 10 1 2 N
2 18 0 1 N
23 8 1 2 N
23 1 2 0 N
23 10 0 1 N
8 1 0 0 N
8 9 2 1 N
8 3 1 2 N
1 5 1 0 N
1 19 0 1 N
1 11 2 2 N
5 6 0 1 N
5 7 1 0 N
5 13 2 2 N
6 24 2 2 N
6 11 0 0 N
6 0 1 1 N
24 20 0 1 N
24 5 1 2 N
24 11 2 0 N
20 0 0 2 N
20 6 1 1 N
20 9 2 0 N
0 17 1 2 N
0 18 2 1 N
0 0 0 0 N
17 4 0 1 N
17 10 1 2 N
17 12 2 0 N
4 7 2 1 N
4 16 1 0 N
4 7 0 2 N
7 11 2 2 N
7 3 0 1 N
7 10 1 0 N
11 14 1 0 N
11 3 2 1 N
11 6 0 2 N
