8 25 2 1 S
8 21 1 0 S
8 22 0 2 S
25 0 0 0 N
25 3 1 2 N
25 4 2 1 N
0 3 2 2 N
0 22 1 1 N
0 10 0 0 N
3 24 1 1 N
3 18 0 0 N
3 0 2 2 N
24 12 1 0 N
24 18 2 2 N
24 14 0 1 N
12 4 1 2 N
12 24 2 0 N
12 23 0 1 N
4 18 2 2 N
4 11 0 0 N
4 24 1 1 N
18 17 0 1 N
18 5 2 2 N
18 7 1 0 N
17 9 1 1 N
17 6 2 2 N
17 18 0 0 N
9 19 2 2 N
9 19 0 0 N
9 14 1 1 N
19 22 2 2 N
19 9 0 1 N
19 24 1 0 N
22 16 2 0 N
22 7 1 1 N
22 14 0 2 N
16 13 1 0 N
16 24 0 2 N
16 14 2 1 N
13 14 1 0 N
13 12 2 1 N
13 11 0 2 N
14 7 0 1 N
14 10 1 0 N
14 7 2 2 N
7 2 2 2 N
7 11 1 0 N
7 10 0 1 N
2 6 1 0 N
2 23 2 1 N
2 19 0 2 N
6 10 1 1 N
6 7 2 0 N
6 21 0 2 N
10 5 2 2 N
10 5 0 0 N
10 10 1 1 N
5 21 1 1 N
5 7 0 2 N
5 14 2 0 N
21 11 0 2 N
21 9 1 1 N
21 22 2 0 N
11 23 2 1 N
11 7 0 2 N
11 14 1 0 N
23 1 0 1 N
23 7 1 2 N
23 10 2 0 N
1 20 0 0 N
1 5 1 1 N
1 16 2 2 N
20 15 1 2 N
20 19 0 0 N
20 15 2 1 N
15 3 2 0 N
15 0 1 1 N
15 7 0 2 N
