16 13 2 2 S
16 21 0 0 S
16 2 1 1 S
13 18 1 2 N
13 15 0 0 N
13 2 2 1 N
18 22 0 0 N
18 15 1 2 N
18 19 2 1 N
22 4 0 0 N
22 20 2 1 N
22 25 1 2 N
4 2 2 0 N
4 19 1 2 N
4 6 0 1 N
2 15 1 1 N
2 19 2 2 N
2 2 0 0 N
15 8 2 2 N
15 10 0 1 N
15 18 1 0 N
8 23 2 1 N
8 12 0 2 N
8 13 1 0 N
23 3 1 1 N
23 2 2 2 N
23 8 0 0 N
3 7 2 1 N
3 18 1 2 N
3 13 0 0 N
7 24 1 1 N
7 1 0 0 N
7 21 2 2 N
24 14 1 0 N
24 13 2 2 N
24 12 0 1 N
14 19 0 0 N
14 2 2 2 N
14 12 1 1 N
19 17 1 1 N
19 25 2 0 N
19 13 0 2 N
17 12 0 2 N
17 14 2 1 N
17 15 1 0 N
12 10 2 1 N
12 13 1 0 N
12 2 0 2 N
10 9 1 1 N
10 19 2 0 N
10 18 0 2 N
9 20 2 1 N
9 2 0 0 N
9 19 1 2 N
20 11 1 0 N
20 12 2 1 N
20 8 0 2 N
11 0 2 0 N
11 10 0 2 N
11 9 1 1 N
0 5 2 0 N
0 13 1 1 N
0 17 0 2 N
5 21 1 2 N
5 14 0 0 N
5 14 2 1 N
21 1 1 0 N
21 18 0 1 N
21 2 2 2 N
1 6 2 1 N
1 25 0 2 N
1 9 1 0 N
6 25 1 1 N
6 18 2 2 N
6 12 0 0 N
25 19 0 0 N
25 12 2 2 N
25 14 1 1 N
