0 6 0 2 S
0 16 1 1 S
0 12 2 0 S
6 17 0 0 N
6 2 1 1 N
6 15 2 2 N
17 23 0 1 N
17 9 1 2 N
17 8 2 0 N
23 18 0 1 N
23 12 1 0 N
23 12 2 2 N
18 2 2 0 N
18 23 0 1 N
18 21 1 2 N
2 11 2 0 N
2 0 1 1 N
2 24 0 2 N
11 22 0 0 N
11 7 2 2 N
11 3 1 1 N
22 8 2 2 N
22 20 1 0 N
22 12 0 1 N
8 20 2 2 N
8 25 1 1 N
8 15 0 0 N
20 12 1 2 N
20 15 2 0 N
20 24 0 1 N
12 9 1 0 N
12 24 0 2 N
12 24 2 1 N
9 14 2 2 N
9 24 0 1 N
9 12 1 0 N
14 7 2 2 N
14 21 0 0 N
14 1 1 1 N
7 21 0 0 N
7 16 2 2 N
7 3 1 1 N
21 13 0 2 N
21 15 1 0 N
21 15 2 1 N
13 4 2 1 N
13 5 0 2 N
13 20 1 0 N
4 3 2 0 N
4 25 1 2 N
4 22 0 1 N
3 10 2 0 N
3 25 0 1 N
3 15 1 2 N
10 19 2 2 N
10 2 0 1 N
10 6 1 0 N
19 16 0 1 N
19 8 1 2 N
19 8 2 0 N
16 15 2 2 N
16 15 1 0 N
16 6 0 1 N
15 1 0 2 N
15 12 1 1 N
15 15 2 0 N
1 5 0 0 N
1 4 2 2 N
1 24 1 1 N
5 24 0 0 N
5 12 2 1 N
5 18 1 2 N
24 25 2 0 N
24 20 1 1 N
24 15 0 2 N
25 12 0 0 N
25 12 1 1 N
25 12 2 2 N
