1 15 1 2 S
1 5 2 1 S
1 4 0 0 S
15 16 0 1 N
15 12 2 2 N
15 3 1 0 N
16 20 2 1 N
16 10 1 0 N
16 22 0 2 N
20 22 1 0 N
20 19 0 1 N
20 25 2 2 N
22 14 0 2 N
22 17 1 1 N
22 17 2 0 N
14 18 0 2 N
14 20 2 1 N
14 15 1 0 N
18 24 1 2 N
18 9 0 0 N
18 2 2 1 N
24 11 2 1 N
24 2 0 2 N
24 14 1 0 N
11 19 2 1 N
11 17 0 0 N
11 25 1 2 N
19 17 2 1 N
19 7 0 2 N
19 14 1 0 N
17 13 0 0 N
17 25 2 1 N
17 2 1 2 N
13 9 2 2 N
13 12 0 1 N
13 1 1 0 N
9 8 2 2 N
9 2 1 0 N
9 10 0 1 N
8 6 1 0 N
8 2 2 2 N
8 15 0 1 N
6 2 0 0 N
6 19 2 1 N
6 25 1 2 N
2 25 0 0 N
2 12 1 1 N
2 2 2 2 N
25 3 0 0 N
25 10 2 1 N
25 4 1 2 N
3 12 1 2 N
3 12 0 1 N
3 18 2 0 N
12 7 1 0 N
12 17 2 1 N
12 17 0 2 N
7 5 2 0 N
7 22 0 1 N
7 4 1 2 N
5 4 0 0 N
5 0 2 2 N
5 9 1 1 N
4 0 0 1 N
4 18 2 0 N
4 17 1 2 N
0 21 2 2 N
0 20 0 0 N
0 25 1 1 N
21 23 2 2 N
21 24 1 1 N
21 9 0 0 N
23 10 1 2 N
23 11 2 1 N
23 22 0 0 N
10 11 1 0 N
10 18 0 2 N
10 17 2 1 N
