18 21 2 1 S
18 0 1 0 S
18 4 0 2 S
21 16 1 0 N
21 7 0 1 N
21 0 2 2 N
16 9 0 1 N
16 25 2 0 N
16 5 1 2 N
9 10 2 0 N
9 10 1 1 N
9 13 0 2 N
10 17 1 1 N
10 1 2 2 N
10 1 0 0 N
17 8 2 1 N
17 23 1 0 N
17 25 0 2 N
8 20 2 1 N
8 17 1 2 N
8 10 0 0 N
20 6 0 1 N
20 1 1 0 N
20 8 2 2 N
6 24 2 0 N
6 25 0 2 N
6 7 1 1 N
24 19 0 1 N
24 4 2 0 N
24 1 1 2 N
19 7 2 2 N
19 1 1 1 N
19 16 0 0 N
7 1 0 0 N
7 19 1 1 N
7 25 2 2 N
1 13 0 0 N
1 22 1 2 N
1 22 2 1 N
13 25 0 2 N
13 12 2 0 N
13 16 1 1 N
25 22 0 1 N
25 9 1 0 N
25 5 2 2 N
22 5 0 2 N
22 22 2 1 N
22 22 1 0 N
5 11 2 0 N
5 4 1 1 N
5 22 0 2 N
11 12 1 0 N
11 0 0 2 N
11 19 2 1 N
12 14 2 1 N
12 0 1 0 N
12 15 0 2 N
14 23 0 1 N
14 5 1 0 N
14 10 2 2 N
23 3 2 0 N
23 7 0 1 N
23 0 1 2 N
3 2 1 2 N
3 13 0 0 N
3 25 2 1 N
2 4 1 1 N
2 11 0 0 N
2 15 2 2 N
4 0 0 2 N
4 24 1 1 N
4 5 2 0 N
0 15 2 2 N
0 13 1 1 N
0 4 0 0 N
15 24 1 2 N
15 24 2 0 N
15 5 0 1 N
