7 24 1 2 S
7 6 2 0 S
7 17 0 1 S
24 3 1 1 N
24 17 2 2 N
24 16 0 0 N
3 16 0 0 N
3 24 2 2 N
3 18 1 1 N
16 12 0 1 N
16 7 2 2 N
16 16 1 0 N
12 2 1 0 N
12 16 2 1 N
12 15 0 2 N
2 6 1 2 N
2 15 2 1 N
2 0 0 0 N
6 8 2 1 N
6 3 1 0 N
6 4 0 2 N
8 10 0 2 N
8 17 2 1 N
8 18 1 0 N
10 11 0 0 N
10 18 1 1 N
10 23 2 2 N
11 17 0 2 N
11 25 2 0 N
11 4 1 1 N
17 25 1 1 N
17 4 0 0 N
17 15 2 2 N
25 23 2 2 N
25 10 1 0 N
25 18 0 1 N
23 4 1 2 N
23 17 0 1 N
23 19 2 0 N
4 5 0 0 N
4 15 1 1 N
4 19 2 2 N
5 19 0 2 N
5 19 2 1 N
5 0 1 0 N
19 20 2 0 N
19 5 1 1 N
19 16 0 2 N
20 9 2 2 N
20 21 1 1 N
20 25 0 0 N
9 18 0 1 N
9 17 2 2 N
9 0 1 0 N
18 21 0 2 N
18 12 2 1 N
18 0 1 0 N
21 0 2 1 N
21 22 0 2 N
21 6 1 0 N
0 22 1 2 N
0 7 0 0 N
0 23 2 1 N
22 14 0 2 N
22 0 1 0 N
22 15 2 1 N
14 13 0 0 N
14 5 1 1 N
14 23 2 2 N
13 15 0 0 N
13 3 2 1 N
13 20 1 2 N
15 1 1 2 N
15 19 2 0 N
15 16 0 1 N
1 5 0 0 N
1 15 1 2 N
1 4 2 1 N
