0 22 1 0 S
0 22 0 1 S
0 4 2 2 S
22 5 0 0 N
22 18 2 1 N
22 12 1 2 N
5 17 1 1 N
5 20 0 0 N
5 15 2 2 N
17 4 0 1 N
17 18 1 2 N
17 16 2 0 N
4 1 0 1 N
4 2 2 2 N
4 12 1 0 N
1 25 2 0 N
1 24 0 1 N
1 7 1 2 N
25 20 2 1 N
25 11 1 0 N
25 22 0 2 N
20 3 1 0 N
20 19 2 1 N
20 8 0 2 N
3 18 2 0 N
3 5 0 1 N
3 22 1 2 N
18 16 2 0 N
18 13 1 1 N
18 16 0 2 N
16 19 0 2 N
16 13 2 1 N
16 16 1 0 N
19 24 0 0 N
19 15 2 2 N
19 17 1 1 N
24 10 0 1 N
24 9 2 0 N
24 5 1 2 N
10 8 2 2 N
10 18 1 1 N
10 2 0 0 N
8 15 2 2 N
8 12 1 1 N
8 2 0 0 N
15 2 0 2 N
15 20 2 1 N
15 19 1 0 N
2 13 2 1 N
2 21 0 2 N
2 12 1 0 N
13 7 0 1 N
13 12 1 0 N
13 2 2 2 N
7 6 1 2 N
7 0 2 0 N
7 12 0 1 N
6 11 0 2 N
6 18 1 0 N
6 3 2 1 N
11 23 0 1 N
11 15 1 0 N
11 23 2 2 N
23 21 0 2 N
23 13 2 1 N
23 17 1 0 N
21 9 1 1 N
21 9 2 0 N
21 5 0 2 N
9 14 0 2 N
9 15 2 1 N
9 3 1 0 N
14 12 2 2 N
14 8 0 0 N
14 4 1 1 N
12 4 1 0 N
12 2 0 1 N
12 16 2 2 N
