7 3 2 0 S
7 8 1 2 S
7 8 0 1 S
3 15 2 2 N
3 11 1 1 N
3 0 0 0 N
15 21 2 0 N
15 14 1 1 N
15 19 0 2 N
21 16 2 1 N
21 10 0 0 N
21 25 1 2 N
16 10 1 1 N
16 14 2 2 N
16 15 0 0 N
10 1 2 2 N
10 0 0 1 N
10 1 1 0 N
1 23 0 1 N
1 10 2 2 N
1 19 1 0 N
23 20 0 0 N
23 19 1 2 N
23 0 2 1 N
20 19 0 1 N
20 8 1 0 N
20 12 2 2 N
19 4 0 1 N
19 10 1 2 N
19 19 2 0 N
4 8 1 1 N
4 6 0 2 N
4 0 2 0 N
8 0 2 2 N
8 15 0 1 N
8 17 1 0 N
0 12 0 1 N
0 17 2 0 N
0 19 1 2 N
12 14 0 1 N
12 8 2 0 N
12 18 1 2 N
14 17 2 2 N
14 16 0 1 N
14 19 1 0 N
17 2 0 1 N
17 25 1 2 N
17 19 2 0 N
2 13 2 2 N
2 12 0 0 N
2 12 1 1 N
13 11 1 0 N
13 24 2 1 N
13 1 0 2 N
11 25 0 0 N
11 1 2 2 N
11 1 1 1 N
25 22 0 1 N
25 1 1 2 N
25 1 2 0 N
22 5 2 2 N
22 5 1 1 N
22 2 0 0 N
5 6 1 2 N
5 13 2 0 N
5 25 0 1 N
6 18 1 2 N
6 3 0 1 N
6 25 2 0 N
18 9 1 1 N
18 12 0 2 N
18 0 2 0 N
9 24 2 0 N
9 25 1 2 N
9 14 0 1 N
24 1 2 0 N
24 0 1 1 N
24 14 0 2 N
