23 6 2 2 S
23 25 1 1 S
23 15 0 0 S
6 9 1 0 N
6 25 0 2 N
6 3 2 1 N
9 15 2 0 N
9 24 0 2 N
9 16 1 1 N
15 22 1 2 N
15 6 0 1 N
15 3 2 0 N
22 21 1 2 N
22 9 0 1 N
22 12 2 0 N
21 17 0 2 N
21 6 2 1 N
21 18 1 0 N
17 3 2 2 N
17 3 1 0 N
17 8 0 1 N
3 5 1 0 N
3 6 0 2 N
3 3 2 1 N
5 16 2 0 N
5 6 1 2 N
5 8 0 1 N
16 4 2 2 N
16 0 1 1 N
16 6 0 0 N
4 1 2 0 N
4 5 0 2 N
4 3 1 1 N
1 20 2 1 N
1 3 1 2 N
1 6 0 0 N
20 24 1 2 N
20 14 2 1 N
20 3 0 0 N
24 8 2 2 N
24 9 1 1 N
24 8 0 0 N
8 19 0 0 N
8 10 2 2 N
8 3 1 1 N
19 2 0 2 N
19 15 2 1 N
19 10 1 0 N
2 11 1 0 N
2 1 0 2 N
2 4 2 1 N
11 7 2 2 N
11 18 0 0 N
11 17 1 1 N
7 13 0 2 N
7 15 2 1 N
7 8 1 0 N
13 25 2 0 N
13 23 0 1 N
13 2 1 2 N
25 18 0 0 N
25 6 1 2 N
25 5 2 1 N
18 10 0 2 N
18 3 2 0 N
18 15 1 1 N
10 12 1 0 N
10 11 0 1 N
10 9 2 2 N
12 14 1 0 N
12 9 0 2 N
12 0 2 1 N
14 0 2 2 N
14 11 0 0 N
14 15 1 1 N
0 24 0 1 N
0 7 2 2 N
0 7 1 0 N
