20 13 2 1 S
20 18 1 2 S
20 18 0 0 S
13 15 0 0 N
13 3 2 1 N
13 6 1 2 N
15 23 2 1 N
15 3 1 0 N
15 19 0 2 N
23 5 0 1 N
23 18 2 2 N
23 19 1 0 N
5 3 0 2 N
5 23 1 1 N
5 19 2 0 N
3 11 2 0 N
3 0 0 2 N
3 5 1 1 N
11 19 2 1 N
11 21 1 0 N
11 9 0 2 N
19 10 2 2 N
19 1 0 1 N
19 2 1 0 N
10 22 2 1 N
10 16 1 2 N
10 19 0 0 N
22 24 1 1 N
22 6 2 0 N
22 15 0 2 N
24 14 1 0 N
24 15 0 1 N
24 1 2 2 N
14 9 2 1 N
14 21 0 2 N
14 23 1 0 N
9 21 1 0 N
9 3 2 1 N
9 15 0 2 N
21 12 1 2 N
21 4 2 0 N
21 12 0 1 N
12 18 1 0 N
12 2 0 2 N
12 16 2 1 N
18 25 2 2 N
18 2 1 0 N
18 21 0 1 N
25 1 0 0 N
25 18 2 1 N
25 5 1 2 N
1 0 0 0 N
1 16 1 1 N
1 16 2 2 N
0 17 0 0 N
0 15 1 1 N
0 16 2 2 N
17 6 0 0 N
17 16 2 2 N
17 22 1 1 N
6 4 1 1 N
6 3 2 2 N
6 16 0 0 N
4 7 0 0 N
4 3 1 2 N
4 6 2 1 N
7 2 0 2 N
7 2 2 0 N
7 16 1 1 N
2 8 1 0 N
2 23 2 2 N
2 16 0 1 N
8 16 2 2 N
8 21 1 1 N
8 18 0 0 N
16 19 2 1 N
16 0 1 2 N
16 16 0 0 N
