2 20 0 1 S
2 4 2 2 S
2 4 1 0 S
20 5 2 0 N
20 23 0 2 N
20 12 1 1 N
5 1 1 1 N
5 10 0 0 N
5 12 2 2 N
1 7 2 0 N
1 10 0 2 N
1 12 1 1 N
7 12 1 2 N
7 8 2 1 N
7 11 0 0 N
12 9 1 1 N
12 8 2 2 N
12 23 0 0 N
9 10 2 0 N
9 15 0 1 N
9 23 1 2 N
10 17 1 1 N
10 12 2 0 N
10 12 0 2 N
17 22 0 2 N
17 19 2 1 N
17 15 1 0 N
22 15 1 0 N
22 15 2 1 N
22 2 0 2 N
15 4 2 0 N
15 9 1 1 N
15 2 0 2 N
4 11 1 0 N
4 2 2 1 N
4 23 0 2 N
11 21 0 0 N
11 2 1 1 N
11 11 2 2 N
21 8 2 2 N
21 22 1 1 N
21 8 0 0 N
8 3 1 2 N
8 20 2 0 N
8 12 0 1 N
3 23 2 2 N
3 18 1 1 N
3 11 0 0 N
23 24 1 2 N
23 8 0 0 N
23 11 2 1 N
24 25 1 1 N
24 18 2 0 N
24 8 0 2 N
25 16 0 2 N
25 0 2 1 N
25 16 1 0 N
16 6 0 0 N
16 15 2 1 N
16 2 1 2 N
6 19 2 0 N
6 10 1 1 N
6 0 0 2 N
19 13 0 0 N
19 17 1 2 N
19 6 2 1 N
13 0 1 2 N
13 7 2 1 N
13 24 0 0 N
0 14 0 1 N
0 14 1 0 N
0 22 2 2 N
14 18 0 0 N
14 18 1 1 N
14 2 2 2 N
18 14 2 2 N
18 22 1 0 N
18 12 0 1 N
