6 11 0 2 S
6 20 2 1 S
6 18 1 0 S
11 3 0 2 N
11 5 1 1 N
11 1 2 0 N
3 17 2 2 N
3 0 0 1 N
3 7 1 0 N
17 16 1 2 N
17 12 0 0 N
17 0 2 1 N
16 8 0 1 N
16 14 1 2 N
16 14 2 0 N
8 20 2 1 N
8 16 1 0 N
8 20 0 2 N
20 4 2 0 N
20 25 0 2 N
20 14 1 1 N
4 19 2 1 N
4 10 0 2 N
4 11 1 0 N
19 12 0 1 N
19 10 2 2 N
19 0 1 0 N
12 14 0 2 N
12 24 1 1 N
12 22 2 0 N
14 9 0 1 N
14 10 2 2 N
14 7 1 0 N
9 2 2 0 N
9 21 0 2 N
9 1 1 1 N
2 10 0 1 N
2 21 2 0 N
2 25 1 2 N
10 1 0 2 N
10 7 2 1 N
10 14 1 0 N
1 18 1 2 N
1 3 2 0 N
1 14 0 1 N
18 25 2 1 N
18 4 1 0 N
18 7 0 2 N
25 5 0 1 N
25 13 1 2 N
25 10 2 0 N
5 7 2 2 N
5 11 1 1 N
5 7 0 0 N
7 13 0 2 N
7 9 1 0 N
7 21 2 1 N
13 0 2 1 N
13 8 1 0 N
13 16 0 2 N
0 22 0 1 N
0 24 1 2 N
0 10 2 0 N
22 23 2 1 N
22 2 0 0 N
22 11 1 2 N
23 24 0 1 N
23 6 1 0 N
23 8 2 2 N
24 15 2 0 N
24 17 1 2 N
24 1 0 1 N
15 21 0 1 N
15 25 1 2 N
15 8 2 0 N
21 7 0 2 N
21 21 1 1 N
21 21 2 0 N
