24 20 1 2 S
24 10 2 0 S
24 2 0 1 S
20 13 2 0 N
20 22 1 1 N
20 10 0 2 N
13 23 0 1 N
13 6 1 2 N
13 25 2 0 N
23 12 1 1 N
23 21 0 0 N
23 25 2 2 N
12 4 0 1 N
12 21 1 0 N
12 18 2 2 N
4 9 1 1 N
4 10 2 0 N
4 2 0 2 N
9 7 2 0 N
9 20 1 1 N
9 25 0 2 N
7 5 0 2 N
7 11 2 0 N
7 1 1 1 N
5 17 0 2 N
5 8 2 0 N
5 10 1 1 N
17 19 2 2 N
17 21 0 0 N
17 4 1 1 N
19 14 2 2 N
19 22 1 0 N
19 18 0 1 N
14 6 1 1 N
14 23 2 2 N
14 10 0 0 N
6 11 2 1 N
6 3 0 0 N
6 22 1 2 N
11 15 0 0 N
11 12 2 1 N
11 15 1 2 N
15 1 1 1 N
15 19 0 2 N
15 2 2 0 N
1 8 1 2 N
1 19 2 0 N
1 5 0 1 N
8 0 0 0 N
8 14 2 2 N
8 23 1 1 N
0 21 0 1 N
0 12 1 2 N
0 19 2 0 N
21 18 0 2 N
21 6 2 0 N
21 10 1 1 N
18 10 2 0 N
18 1 1 1 N
18 18 0 2 N
10 25 1 0 N
10 18 0 1 N
10 18 2 2 N
25 16 1 0 N
25 6 2 2 N
25 10 0 1 N
16 2 1 1 N
16 10 0 0 N
16 6 2 2 N
2 22 1 1 N
2 3 2 0 N
2 10 0 2 N
22 3 0 0 N
22 25 1 2 N
22 21 2 1 N
3 21 1 1 N
3 10 0 0 N
3 0 2 2 N
