6 42 0 0 S
6 26 2 2 S
6 26 1 1 S
42 43 1 1 N
42 32 2 0 N
42 35 0 2 N
43 37 1 1 N
43 29 2 0 N
43 1 0 2 N
37 33 1 1 N
37 23 0 2 N
37 44 2 0 N
33 12 1 0 N
33 12 0 2 N
33 2 2 1 N
12 46 1 0 N
12 34 2 1 N
12 41 0 2 N
46 29 1 1 N
46 39 0 0 N
46 35 2 2 N
29 13 2 2 N
29 37 0 0 N
29 18 1 1 N
13 28 0 1 N
13 39 2 0 N
13 39 1 2 N
28 24 1 0 N
28 27 0 2 N
28 17 2 1 N
24 38 0 0 N
24 25 2 2 N
24 13 1 1 N
38 27 0 0 N
38 4 1 2 N
38 46 2 1 N
27 16 2 0 N
27 35 1 2 N
27 46 0 1 N
16 25 1 0 N
16 43 2 2 N
16 23 0 1 N
25 45 2 0 N
25 46 0 1 N
25 15 1 2 N
45 0 0 1 N
45 25 2 2 N
45 15 1 0 N
0 10 1 2 N
0 20 2 1 N
0 15 0 0 N
10 8 2 0 N
10 35 1 2 N
10 15 0 1 N
8 31 0 0 N
8 14 1 1 N
8 21 2 2 N
31 9 1 0 N
31 30 2 1 N
31 5 0 2 N
9 3 2 0 N
9 44 0 1 N
9 38 1 2 N
3 5 0 0 N
3 20 2 1 N
3 40 1 2 N
5 20 2 1 N
5 20 0 2 N
5 26 1 0 N
20 39 2 1 N
20 13 0 0 N
20 35 1 2 N
39 14 2 1 N
39 29 0 2 N
39 6 1 0 N
14 1 2 1 N
14 15 0 0 N
14 6 1 2 N
1 30 0 1 N
1 44 1 0 N
1 7 2 2 N
30 15 0 0 N
30 23 2 1 N
30 44 1 2 N
15 40 1 1 N
15 3 0 0 N
15 6 2 2 N
40 11 0 2 N
40 35 1 1 N
40 43 2 0 N
11 22 1 0 N
11 19 0 2 N
11 39 2 1 N
22 32 0 2 N
22 42 1 0 N
22 20 2 1 N
32 17 0 0 N
32 33 1 1 N
32 15 2 2 N
17 4 1 1 N
17 13 0 2 N
17 23 2 0 N
4 41 1 2 N
4 3 0 1 N
4 23 2 0 N
41 18 2 1 N
41 25 1 0 N
41 18 0 2 N
18 23 2 0 N
18 40 0 2 N
18 6 1 1 N
23 26 1 1 N
23 26 2 0 N
23 23 0 2 N
26 34 1 2 N
26 35 0 0 N
26 23 2 1 N
34 44 2 1 N
34 2 0 2 N
34 5 1 0 N
44 2 2 1 N
44 7 0 2 N
44 5 1 0 N
2 7 0 0 N
2 29 1 2 N
2 6 2 1 N
7 19 2 1 N
7 45 1 0 N
7 25 0 2 N
19 21 0 0 N
19 25 1 1 N
19 13 2 2 N
21 36 0 2 N
21 11 2 0 N
21 43 1 1 N
36 35 0 2 N
36 4 1 1 N
36 4 2 0 N
35 6 2 0 N
35 11 0 1 N
35 23 1 2 N
