19 14 2 1 S
14 5 0 0 N
5 28 0 0 N
28 24 1 1 N
24 22 0 0 N
22 29 1 0 N
29 26 0 0 N
26 17 2 0 N
17 42 2 2 N
42 6 0 0 N
6 45 0 0 N
45 13 0 0 N
13 7 1 2 N
7 36 2 0 N
36 25 0 2 N
25 30 0 0 N
30 43 2 0 N
43 9 0 1 N
9 10 2 2 N
10 23 2 1 N
23 39 2 0 N
39 16 1 0 N
16 35 2 2 N
35 20 1 1 N
20 4 1 2 N
4 3 2 2 N
3 32 1 1 N
32 44 2 0 N
44 46 2 0 N
46 15 1 0 N
15 8 0 1 N
8 12 1 0 N
12 41 1 0 N
41 11 2 2 N
11 37 1 0 N
37 2 0 1 N
2 0 2 0 N
0 33 2 0 N
33 27 0 2 N
27 1 0 0 N
1 31 2 0 N
31 21 0 0 N
21 40 2 1 N
40 34 1 1 N
34 18 0 1 N
18 38 1 2 N
