34 27 0 1 S
27 40 1 2 N
40 9 0 2 N
9 13 0 0 N
13 35 2 0 N
35 30 1 2 N
30 17 1 1 N
17 36 1 2 N
36 11 1 2 N
11 21 1 2 N
21 28 1 0 N
28 3 1 2 N
3 38 1 0 N
38 2 2 2 N
2 4 0 2 N
4 10 1 1 N
10 41 0 0 N
41 20 2 1 N
20 16 2 0 N
16 33 1 1 N
33 29 1 1 N
29 5 0 0 N
5 23 0 1 N
23 22 1 1 N
22 32 1 0 N
32 19 0 0 N
19 24 1 0 N
24 6 1 0 N
6 1 1 0 N
1 43 2 0 N
43 0 2 0 N
0 46 0 2 N
46 26 0 2 N
26 25 1 1 N
25 31 0 2 N
31 14 1 2 N
14 39 0 0 N
39 42 1 0 N
42 8 2 2 N
8 7 2 1 N
7 37 0 1 N
37 44 1 0 N
44 12 0 1 N
12 15 1 0 N
15 45 0 2 N
45 18 0 2 N
