29 25 2 0 S
25 39 2 0 N
39 6 2 2 N
6 17 2 0 N
17 5 0 1 N
5 27 1 0 N
27 37 1 1 N
37 19 0 0 N
19 35 2 0 N
35 9 0 0 N
9 42 2 0 N
42 4 0 0 N
4 34 2 2 N
34 14 0 1 N
14 2 0 0 N
2 28 0 2 N
28 24 2 0 N
24 12 2 1 N
12 38 1 2 N
38 3 1 1 N
3 8 1 1 N
8 22 2 1 N
22 0 0 2 N
0 7 2 2 N
7 15 1 2 N
15 13 2 2 N
13 30 1 0 N
30 46 2 2 N
46 36 2 2 N
36 33 2 1 N
33 18 1 1 N
18 32 0 0 N
32 44 2 1 N
44 45 0 1 N
45 11 2 2 N
11 40 2 2 N
40 26 0 1 N
26 31 2 0 N
31 21 1 1 N
21 41 2 2 N
41 23 0 0 N
23 10 1 2 N
10 20 1 2 N
20 43 0 0 N
43 16 0 0 N
16 1 1 2 N
