22 17 2 0 S
22 44 0 1 S
22 7 1 2 S
17 26 1 2 N
17 32 0 1 N
17 6 2 0 N
26 3 1 0 N
26 3 2 2 N
26 33 0 1 N
3 32 2 0 N
3 43 1 2 N
3 16 0 1 N
32 33 2 1 N
32 33 0 0 N
32 7 1 2 N
33 13 0 2 N
33 15 2 0 N
33 13 1 1 N
13 29 2 1 N
13 42 0 2 N
13 4 1 0 N
29 14 1 2 N
29 16 2 0 N
29 13 0 1 N
14 10 2 2 N
14 20 1 1 N
14 7 0 0 N
10 7 2 0 N
10 40 1 1 N
10 31 0 2 N
7 15 1 1 N
7 26 2 0 N
7 16 0 2 N
15 41 2 1 N
15 35 1 0 N
15 44 0 2 N
41 0 2 1 N
41 14 1 2 N
41 24 0 0 N
0 45 0 1 N
0 4 2 0 N
0 39 1 2 N
45 35 0 0 N
45 8 2 1 N
45 33 1 2 N
35 6 0 2 N
35 13 2 1 N
35 13 1 0 N
6 21 0 2 N
6 13 2 1 N
6 35 1 0 N
21 23 0 0 N
21 37 1 2 N
21 45 2 1 N
23 28 1 0 N
23 28 2 1 N
23 19 0 2 N
28 16 0 0 N
28 34 2 1 N
28 3 1 2 N
16 39 1 0 N
16 13 2 2 N
16 4 0 1 N
39 4 1 2 N
39 43 0 0 N
39 42 2 1 N
4 18 0 0 N
4 4 2 1 N
4 4 1 2 N
18 30 1 1 N
18 43 2 2 N
18 44 0 0 N
30 43 2 0 N
30 39 0 1 N
30 12 1 2 N
43 5 1 2 N
43 28 0 1 N
43 28 2 0 N
5 36 1 0 N
5 12 2 1 N
5 14 0 2 N
36 2 2 2 N
36 15 0 1 N
36 28 1 0 N
2 1 1 2 N
2 6 0 0 N
2 12 2 1 N
1 34 0 1 N
1 41 2 0 N
1 3 1 2 N
34 46 1 1 N
34 22 0 0 N
34 9 2 2 N
46 8 0 0 N
46 25 1 2 N
46 17 2 1 N
8 9 2 1 N
8 16 1 0 N
8 24 0 2 N
9 24 0 2 N
9 42 1 1 N
9 12 2 0 N
24 27 1 2 N
24 40 2 1 N
24 44 0 0 N
27 37 1 2 N
27 43 2 0 N
27 28 0 1 N
37 42 1 0 N
37 42 0 2 N
37 42 2 1 N
42 19 1 2 N
42 12 2 0 N
42 33 0 1 N
19 20 1 0 N
19 4 2 1 N
19 4 0 2 N
20 44 1 0 N
20 4 0 2 N
20 6 2 1 N
44 12 2 2 N
44 29 0 1 N
44 42 1 0 N
12 25 0 1 N
12 42 2 2 N
12 6 1 0 N
25 31 0 0 N
25 30 1 2 N
25 21 2 1 N
31 11 1 2 N
31 10 2 1 N
31 39 0 0 N
11 40 2 1 N
11 45 1 2 N
11 35 0 0 N
40 38 1 1 N
40 4 2 0 N
40 26 0 2 N
38 5 1 2 N
38 42 0 0 N
38 3 2 1 N
