33 34 1 0 S
34 8 0 2 N
8 27 0 2 N
27 16 2 1 N
16 18 0 0 N
18 21 1 2 N
21 4 1 1 N
4 45 1 0 N
45 13 0 0 N
13 5 2 2 N
5 26 0 0 N
26 43 2 2 N
43 30 1 0 N
30 32 2 1 N
32 31 1 1 N
31 12 1 2 N
12 9 0 0 N
9 37 2 2 N
37 15 2 1 N
15 41 1 2 N
41 38 2 1 N
38 11 1 2 N
11 20 2 2 N
20 28 1 1 N
28 25 1 2 N
25 2 0 2 N
2 14 2 1 N
14 23 0 0 N
23 29 0 2 N
29 7 1 0 N
7 36 2 1 N
36 6 0 0 N
6 39 1 0 N
39 3 0 0 N
3 42 1 1 N
42 44 0 1 N
44 35 0 1 N
35 22 1 1 N
22 1 0 1 N
1 46 0 1 N
46 24 1 1 N
24 10 1 0 N
10 17 1 0 N
17 19 1 2 N
19 40 0 0 N
40 0 2 1 N
