14 33 1 0 S
33 0 1 1 N
0 32 2 1 N
32 41 2 0 N
41 16 1 2 N
16 4 0 2 N
4 37 1 2 N
37 42 0 1 N
42 6 0 1 N
6 22 1 0 N
22 7 0 2 N
7 35 1 2 N
35 1 1 2 N
1 9 1 0 N
9 21 1 0 N
21 31 0 0 N
31 15 1 2 N
15 5 0 1 N
5 10 0 0 N
10 24 2 1 N
24 27 1 0 N
27 23 0 2 N
23 17 1 0 N
17 18 1 2 N
18 26 2 0 N
26 8 0 2 N
8 19 2 0 N
19 38 0 2 N
38 11 1 0 N
11 43 1 2 N
43 25 2 1 N
25 29 1 0 N
29 13 1 2 N
13 28 1 1 N
28 2 0 2 N
2 34 0 2 N
34 46 0 1 N
46 45 0 2 N
45 36 2 1 N
36 12 1 1 N
12 30 2 2 N
30 39 0 1 N
39 20 1 0 N
20 40 0 0 N
40 44 1 2 N
44 3 0 1 N
