0 15 0 2 S
15 7 0 2 N
7 29 1 0 N
29 31 2 0 N
31 18 0 2 N
18 23 1 2 N
23 5 1 1 N
5 25 2 1 N
25 3 0 0 N
3 35 2 1 N
35 38 1 1 N
38 44 0 1 N
44 32 1 1 N
32 46 0 2 N
46 22 2 0 N
22 26 1 2 N
26 10 2 1 N
10 40 2 1 N
40 30 1 2 N
30 19 0 2 N
19 1 2 1 N
1 2 1 1 N
2 36 1 2 N
36 34 1 2 N
34 8 0 0 N
8 33 2 1 N
33 9 2 1 N
9 45 1 1 N
45 43 1 1 N
43 27 0 1 N
27 4 0 2 N
4 11 2 1 N
11 41 2 0 N
41 28 0 0 N
28 6 0 2 N
6 16 2 2 N
16 24 2 1 N
24 17 1 2 N
17 21 2 0 N
21 42 1 2 N
42 14 0 0 N
14 39 0 0 N
39 37 1 0 N
37 12 2 0 N
12 20 2 0 N
20 13 2 1 N
