21 0 2 2 S
0 10 0 0 N
10 37 2 2 N
37 3 0 1 N
3 38 0 2 N
38 16 0 2 N
16 41 0 0 N
41 2 2 0 N
2 24 2 1 N
24 14 0 1 N
14 23 1 1 N
23 7 1 2 N
7 32 2 2 N
32 15 0 2 N
15 6 0 1 N
6 30 0 2 N
30 34 2 2 N
34 27 0 1 N
27 45 1 1 N
45 46 0 0 N
46 40 0 0 N
40 20 2 1 N
20 33 2 0 N
33 8 0 1 N
8 42 2 1 N
42 13 1 0 N
13 31 2 1 N
31 11 1 1 N
11 17 2 1 N
17 22 1 2 N
22 12 2 1 N
12 44 0 2 N
44 26 2 2 N
26 1 0 2 N
1 35 2 1 N
35 39 2 1 N
39 4 0 2 N
4 29 2 2 N
29 28 2 2 N
28 43 0 2 N
43 19 2 1 N
19 25 0 0 N
25 36 1 0 N
36 5 0 2 N
5 9 0 0 N
9 18 0 1 N
