34 21 2 1 S
34 42 1 2 S
34 0 0 0 S
21 31 0 0 N
21 17 1 2 N
21 44 2 1 N
31 2 1 0 N
31 17 0 2 N
31 16 2 1 N
2 13 1 0 N
2 16 2 1 N
2 29 0 2 N
13 38 2 0 N
13 7 0 2 N
13 0 1 1 N
38 7 1 1 N
38 23 0 2 N
38 23 2 0 N
7 5 0 1 N
7 19 1 0 N
7 1 2 2 N
5 25 0 0 N
5 29 1 1 N
5 41 2 2 N
25 11 0 1 N
25 25 2 0 N
25 25 1 2 N
11 42 1 0 N
11 10 2 2 N
11 41 0 1 N
42 6 1 1 N
42 15 2 0 N
42 0 0 2 N
6 4 2 2 N
6 39 0 0 N
6 25 1 1 N
4 46 0 1 N
4 25 2 2 N
4 12 1 0 N
46 29 2 0 N
46 45 1 2 N
46 17 0 1 N
29 44 1 2 N
29 32 2 0 N
29 25 0 1 N
44 45 0 1 N
44 24 2 0 N
44 18 1 2 N
45 15 1 1 N
45 25 0 0 N
45 25 2 2 N
15 16 2 0 N
15 10 1 1 N
15 2 0 2 N
16 43 1 2 N
16 30 2 1 N
16 39 0 0 N
43 12 1 2 N
43 22 2 1 N
43 27 0 0 N
12 39 1 2 N
12 11 0 1 N
12 9 2 0 N
39 3 0 0 N
39 32 1 1 N
39 41 2 2 N
3 40 1 1 N
3 46 2 0 N
3 17 0 2 N
40 8 1 0 N
40 46 0 2 N
40 6 2 1 N
8 14 1 2 N
8 13 2 1 N
8 40 0 0 N
14 37 2 2 N
14 20 1 0 N
14 15 0 1 N
37 23 1 1 N
37 24 2 0 N
37 24 0 2 N
23 27 1 2 N
23 32 2 1 N
23 9 0 0 N
27 0 0 2 N
27 41 1 0 N
27 25 2 1 N
0 9 1 0 N
0 39 0 1 N
0 33 2 2 N
9 20 1 2 N
9 22 2 1 N
9 11 0 0 N
20 18 0 2 N
20 44 1 1 N
20 41 2 0 N
18 36 0 1 N
18 14 2 0 N
18 14 1 2 N
36 17 2 2 N
36 32 1 0 N
36 30 0 1 N
17 1 2 2 N
17 8 0 0 N
17 44 1 1 N
1 19 2 0 N
1 14 1 2 N
1 29 0 1 N
19 22 2 1 N
19 2 0 2 N
19 14 1 0 N
22 28 1 2 N
22 21 0 0 N
22 10 2 1 N
28 30 2 2 N
28 2 0 1 N
28 41 1 0 N
30 35 0 0 N
30 41 1 1 N
30 28 2 2 N
35 26 0 1 N
35 28 2 0 N
35 45 1 2 N
26 24 2 0 N
26 43 0 1 N
26 16 1 2 N
24 32 2 2 N
24 46 1 0 N
24 12 0 1 N
32 10 0 1 N
32 4 1 0 N
32 1 2 2 N
10 41 1 2 N
10 28 2 1 N
10 11 0 0 N
41 33 2 2 N
41 6 0 0 N
41 25 1 1 N
33 20 2 0 N
33 44 0 2 N
33 29 1 1 N
