8 1 0 1 S
1 13 2 0 N
13 23 2 2 N
23 17 0 2 N
17 39 2 2 N
39 2 0 0 N
2 40 2 0 N
40 44 0 1 N
44 35 1 0 N
35 42 2 2 N
42 5 0 0 N
5 30 2 2 N
30 43 2 2 N
43 12 0 2 N
12 46 1 2 N
46 18 1 1 N
18 24 0 1 N
24 11 0 0 N
11 29 2 0 N
29 9 1 1 N
9 25 0 0 N
25 7 0 0 N
7 19 2 0 N
19 10 0 1 N
10 22 0 1 N
22 37 2 2 N
37 15 0 0 N
15 14 0 2 N
14 32 1 2 N
32 16 1 1 N
16 27 1 0 N
27 6 1 1 N
6 41 1 1 N
41 36 0 0 N
36 33 2 1 N
33 38 0 0 N
38 34 1 2 N
34 0 1 1 N
0 31 0 0 N
31 28 2 1 N
28 21 0 1 N
21 26 2 0 N
26 4 0 1 N
4 45 0 2 N
45 3 2 2 N
3 20 0 0 N
