35 26 2 1 S
26 8 1 1 N
8 27 1 1 N
27 4 2 2 N
4 5 1 2 N
5 7 2 2 N
7 1 2 0 N
1 14 1 0 N
14 9 1 1 N
9 17 2 1 N
17 37 1 2 N
37 34 1 0 N
34 21 1 1 N
21 45 0 1 N
45 38 1 1 N
38 39 1 1 N
39 41 2 2 N
41 22 1 2 N
22 33 0 0 N
33 40 1 1 N
40 2 1 1 N
2 15 1 0 N
15 30 2 1 N
30 13 1 0 N
13 12 1 0 N
12 24 1 0 N
24 31 0 2 N
31 32 1 2 N
32 19 0 0 N
19 20 2 2 N
20 46 1 0 N
46 36 0 0 N
36 18 1 0 N
18 43 1 0 N
43 3 1 0 N
3 6 2 2 N
6 16 1 0 N
16 25 0 2 N
25 11 2 0 N
11 44 2 0 N
44 42 0 2 N
42 23 1 0 N
23 10 0 1 N
10 28 1 2 N
28 0 0 0 N
0 29 0 2 N
