34 12 0 1 S
34 17 2 0 S
34 22 1 2 S
12 26 1 2 N
12 27 0 0 N
12 41 2 1 N
26 38 2 2 N
26 34 1 0 N
26 36 0 1 N
38 9 0 1 N
38 24 2 0 N
38 31 1 2 N
9 45 2 2 N
9 32 0 0 N
9 33 1 1 N
45 42 2 2 N
45 35 1 1 N
45 36 0 0 N
42 35 1 2 N
42 34 2 0 N
42 30 0 1 N
35 31 1 2 N
35 15 0 0 N
35 10 2 1 N
31 21 1 0 N
31 45 0 2 N
31 36 2 1 N
21 29 0 1 N
21 18 1 0 N
21 16 2 2 N
29 22 0 2 N
29 18 1 0 N
29 4 2 1 N
22 24 1 0 N
22 41 2 2 N
22 36 0 1 N
24 25 1 1 N
24 37 0 0 N
24 33 2 2 N
25 16 2 0 N
25 9 1 2 N
25 39 0 1 N
16 28 0 2 N
16 28 2 1 N
16 26 1 0 N
28 13 0 0 N
28 37 2 2 N
28 4 1 1 N
13 23 1 2 N
13 27 2 1 N
13 29 0 0 N
23 20 1 2 N
23 39 2 0 N
23 18 0 1 N
20 8 0 1 N
20 8 2 2 N
20 6 1 0 N
8 30 1 0 N
8 36 0 2 N
8 20 2 1 N
30 19 0 0 N
30 45 1 2 N
30 4 2 1 N
19 33 0 2 N
19 24 1 0 N
19 41 2 1 N
33 32 1 0 N
33 15 0 2 N
33 22 2 1 N
32 17 1 2 N
32 28 2 0 N
32 46 0 1 N
17 37 1 2 N
17 37 2 0 N
17 24 0 1 N
37 39 2 2 N
37 41 1 1 N
37 36 0 0 N
39 27 1 1 N
39 21 2 0 N
39 37 0 2 N
27 41 1 2 N
27 9 2 1 N
27 34 0 0 N
41 2 2 0 N
41 45 0 2 N
41 45 1 1 N
2 5 1 0 N
2 34 2 1 N
2 35 0 2 N
5 10 0 1 N
5 37 1 2 N
5 44 2 0 N
10 43 2 2 N
10 36 0 1 N
10 41 1 0 N
43 6 1 0 N
43 20 0 1 N
43 30 2 2 N
6 44 2 1 N
6 25 1 0 N
6 3 0 2 N
44 46 1 0 N
44 30 2 2 N
44 36 0 1 N
46 18 1 1 N
46 2 0 0 N
46 31 2 2 N
18 40 1 1 N
18 37 2 2 N
18 40 0 0 N
40 0 0 1 N
40 30 2 0 N
40 4 1 2 N
0 3 1 0 N
0 37 0 2 N
0 41 2 1 N
3 14 1 1 N
3 24 2 0 N
3 36 0 2 N
14 4 2 2 N
14 44 0 1 N
14 6 1 0 N
4 7 0 2 N
4 44 1 0 N
4 36 2 1 N
7 11 1 0 N
7 3 2 1 N
7 26 0 2 N
11 1 1 1 N
11 35 2 2 N
11 15 0 0 N
1 15 1 0 N
1 37 2 1 N
1 42 0 2 N
15 36 2 2 N
15 30 0 0 N
15 23 1 1 N
36 31 1 2 N
36 45 0 1 N
36 36 2 0 N
