6 3 2 0 S
6 11 0 1 S
6 12 1 2 S
3 4 2 1 N
3 46 0 0 N
3 3 1 2 N
4 42 2 0 N
4 32 0 2 N
4 34 1 1 N
42 34 0 1 N
42 5 2 0 N
42 33 1 2 N
34 14 0 1 N
34 3 1 2 N
34 17 2 0 N
14 40 0 0 N
14 40 2 2 N
14 33 1 1 N
40 9 0 0 N
40 19 2 2 N
40 18 1 1 N
9 44 0 1 N
9 11 2 2 N
9 1 1 0 N
44 13 1 0 N
44 39 2 2 N
44 33 0 1 N
13 35 2 0 N
13 4 0 2 N
13 44 1 1 N
35 0 2 2 N
35 39 1 1 N
35 14 0 0 N
0 12 1 0 N
0 12 0 1 N
0 11 2 2 N
12 5 2 2 N
12 19 1 1 N
12 3 0 0 N
5 43 0 0 N
5 41 2 1 N
5 8 1 2 N
43 32 1 0 N
43 3 2 2 N
43 3 0 1 N
32 37 2 0 N
32 25 0 1 N
32 16 1 2 N
37 21 1 1 N
37 8 2 0 N
37 21 0 2 N
21 38 1 2 N
21 6 0 1 N
21 29 2 0 N
38 7 0 2 N
38 27 1 1 N
38 44 2 0 N
7 17 2 0 N
7 14 0 2 N
7 28 1 1 N
17 2 0 0 N
17 6 1 2 N
17 39 2 1 N
2 16 1 0 N
2 25 2 1 N
2 12 0 2 N
16 15 2 0 N
16 27 0 1 N
16 28 1 2 N
15 27 1 2 N
15 12 0 1 N
15 3 2 0 N
27 22 2 0 N
27 40 0 2 N
27 3 1 1 N
22 31 1 1 N
22 26 2 0 N
22 3 0 2 N
31 29 1 1 N
31 33 0 0 N
31 25 2 2 N
29 8 2 0 N
29 39 1 1 N
29 39 0 2 N
8 33 0 1 N
8 33 1 2 N
8 23 2 0 N
33 39 1 2 N
33 11 2 1 N
33 46 0 0 N
39 41 1 0 N
39 18 2 1 N
39 6 0 2 N
41 24 1 1 N
41 44 2 0 N
41 18 0 2 N
24 1 2 0 N
24 15 0 1 N
24 38 1 2 N
1 11 0 0 N
1 46 1 1 N
1 14 2 2 N
11 36 0 0 N
11 3 2 1 N
11 12 1 2 N
36 25 0 2 N
36 22 2 0 N
36 38 1 1 N
25 45 1 0 N
25 12 0 2 N
25 34 2 1 N
45 28 2 2 N
45 41 0 0 N
45 35 1 1 N
28 19 1 1 N
28 0 2 2 N
28 37 0 0 N
19 26 1 1 N
19 2 0 2 N
19 14 2 0 N
26 23 0 1 N
26 27 2 2 N
26 41 1 0 N
23 46 1 0 N
23 40 0 1 N
23 21 2 2 N
46 20 2 0 N
46 33 0 1 N
46 12 1 2 N
20 10 1 2 N
20 30 2 0 N
20 30 0 1 N
10 18 0 1 N
10 4 2 2 N
10 28 1 0 N
18 30 2 0 N
18 14 0 1 N
18 30 1 2 N
30 46 1 1 N
30 29 0 2 N
30 15 2 0 N
