26 39 1 2 S
26 4 0 0 S
26 30 2 1 S
39 2 0 0 N
39 40 2 2 N
39 12 1 1 N
2 15 1 0 N
2 42 0 2 N
2 8 2 1 N
15 42 2 0 N
15 35 1 1 N
15 5 0 2 N
42 7 2 2 N
42 31 1 0 N
42 36 0 1 N
7 27 2 2 N
7 35 0 0 N
7 27 1 1 N
27 5 1 2 N
27 38 2 1 N
27 29 0 0 N
5 4 2 2 N
5 42 0 0 N
5 36 1 1 N
4 12 2 0 N
4 1 1 2 N
4 3 0 1 N
12 9 2 0 N
12 4 0 2 N
12 44 1 1 N
9 0 0 2 N
9 44 2 0 N
9 24 1 1 N
0 36 2 1 N
0 1 0 0 N
0 2 1 2 N
36 33 2 1 N
36 36 0 0 N
36 36 1 2 N
33 20 2 1 N
33 25 1 0 N
33 15 0 2 N
20 3 2 0 N
20 5 1 2 N
20 29 0 1 N
3 46 2 1 N
3 26 1 2 N
3 28 0 0 N
46 21 1 2 N
46 43 2 0 N
46 30 0 1 N
21 6 0 1 N
21 4 1 2 N
21 37 2 0 N
6 17 0 0 N
6 42 1 1 N
6 44 2 2 N
17 11 2 2 N
17 44 1 0 N
17 29 0 1 N
11 38 0 2 N
11 8 2 0 N
11 12 1 1 N
38 23 1 2 N
38 46 2 0 N
38 14 0 1 N
23 1 2 2 N
23 6 1 0 N
23 28 0 1 N
1 29 0 0 N
1 39 1 1 N
1 9 2 2 N
29 44 0 2 N
29 20 2 0 N
29 5 1 1 N
44 40 0 2 N
44 35 2 0 N
44 30 1 1 N
40 18 1 0 N
40 28 0 1 N
40 36 2 2 N
18 8 2 2 N
18 3 1 0 N
18 8 0 1 N
8 32 1 0 N
8 20 2 1 N
8 35 0 2 N
32 22 0 2 N
32 9 2 0 N
32 40 1 1 N
22 41 1 2 N
22 37 0 0 N
22 26 2 1 N
41 31 2 1 N
41 10 0 0 N
41 44 1 2 N
31 25 0 0 N
31 36 1 2 N
31 36 2 1 N
25 24 0 0 N
25 22 1 2 N
25 15 2 1 N
24 14 1 1 N
24 46 0 0 N
24 5 2 2 N
14 13 1 0 N
14 26 0 2 N
14 31 2 1 N
13 10 0 0 N
13 28 1 2 N
13 11 2 1 N
10 37 2 0 N
10 14 1 2 N
10 15 0 1 N
37 19 2 1 N
37 42 0 2 N
37 31 1 0 N
19 16 0 1 N
19 0 1 0 N
19 4 2 2 N
16 45 2 0 N
16 44 1 1 N
16 23 0 2 N
45 43 2 1 N
45 33 0 0 N
45 19 1 2 N
43 35 1 2 N
43 31 2 1 N
43 35 0 0 N
35 30 2 1 N
35 31 1 0 N
35 15 0 2 N
30 28 0 2 N
30 15 2 1 N
30 42 1 0 N
28 34 2 2 N
28 35 1 1 N
28 36 0 0 N
34 38 2 2 N
34 15 0 0 N
34 14 1 1 N
