23 25 0 1 S
25 32 0 0 N
32 45 1 1 N
45 19 2 0 N
19 42 0 1 N
42 46 2 0 N
46 35 0 2 N
35 44 2 1 N
44 28 2 2 N
28 12 1 1 N
12 14 1 0 N
14 22 2 1 N
22 15 2 1 N
15 16 0 0 N
16 24 2 1 N
24 11 2 1 N
11 1 0 0 N
1 18 0 1 N
18 31 1 0 N
31 34 2 0 N
34 43 1 1 N
43 0 0 2 N
0 26 1 2 N
26 30 1 0 N
30 9 0 2 N
9 10 2 0 N
10 20 1 0 N
20 8 1 0 N
8 38 2 0 N
38 33 1 1 N
33 13 0 2 N
13 2 2 0 N
2 21 1 2 N
21 7 1 1 N
7 39 0 2 N
39 6 1 1 N
6 37 1 2 N
37 5 1 1 N
5 29 1 0 N
29 17 2 1 N
17 3 1 0 N
3 40 0 0 N
40 36 1 2 N
36 4 0 2 N
4 41 1 0 N
41 27 1 1 N
