42 17 0 1 S
42 22 2 0 S
42 16 1 2 S
17 41 0 1 N
17 3 1 0 N
17 4 2 2 N
41 20 0 0 N
41 34 2 1 N
41 24 1 2 N
20 2 2 1 N
20 43 0 2 N
20 5 1 0 N
2 13 2 1 N
2 36 1 0 N
2 20 0 2 N
13 45 0 2 N
13 22 2 1 N
13 19 1 0 N
45 37 2 1 N
45 23 0 2 N
45 28 1 0 N
37 34 0 0 N
37 34 1 2 N
37 5 2 1 N
34 21 1 0 N
34 31 0 2 N
34 36 2 1 N
21 28 1 2 N
21 39 0 1 N
21 41 2 0 N
28 35 2 0 N
28 24 1 2 N
28 19 0 1 N
35 9 0 2 N
35 34 2 1 N
35 39 1 0 N
9 6 1 0 N
9 38 0 2 N
9 1 2 1 N
6 33 0 0 N
6 2 2 2 N
6 33 1 1 N
33 23 0 1 N
33 3 1 0 N
33 41 2 2 N
23 18 0 0 N
23 28 1 1 N
23 24 2 2 N
18 4 1 0 N
18 3 2 1 N
18 3 0 2 N
4 19 1 2 N
4 33 2 0 N
4 5 0 1 N
19 15 1 1 N
19 23 0 0 N
19 19 2 2 N
15 27 2 2 N
15 10 0 1 N
15 46 1 0 N
27 8 1 1 N
27 39 2 2 N
27 14 0 0 N
8 7 0 2 N
8 9 2 0 N
8 37 1 1 N
7 46 1 0 N
7 16 2 1 N
7 27 0 2 N
46 26 2 0 N
46 0 1 2 N
46 29 0 1 N
26 39 0 2 N
26 28 2 1 N
26 16 1 0 N
39 22 2 1 N
39 0 0 0 N
39 44 1 2 N
22 5 2 0 N
22 5 0 1 N
22 33 1 2 N
5 31 0 2 N
5 0 1 0 N
5 23 2 1 N
31 29 0 1 N
31 8 2 0 N
31 36 1 2 N
29 44 1 1 N
29 13 2 2 N
29 16 0 0 N
44 25 0 0 N
44 16 1 1 N
44 24 2 2 N
25 3 1 2 N
25 9 2 0 N
25 4 0 1 N
3 12 2 2 N
3 16 1 1 N
3 11 0 0 N
12 16 2 1 N
12 39 0 0 N
12 45 1 2 N
16 30 1 1 N
16 1 2 2 N
16 36 0 0 N
30 40 0 1 N
30 17 2 0 N
30 33 1 2 N
40 11 0 2 N
40 37 1 1 N
40 10 2 0 N
11 14 1 0 N
11 25 2 1 N
11 42 0 2 N
14 38 2 1 N
14 42 0 2 N
14 31 1 0 N
38 0 0 1 N
38 33 1 0 N
38 34 2 2 N
0 24 1 2 N
0 16 2 1 N
0 36 0 0 N
24 1 0 1 N
24 28 2 2 N
24 36 1 0 N
1 10 0 0 N
1 3 2 1 N
1 20 1 2 N
10 36 0 1 N
10 16 1 0 N
10 36 2 2 N
36 32 1 2 N
36 19 0 0 N
36 19 2 1 N
32 43 1 0 N
32 41 2 2 N
32 4 0 1 N
43 4 1 2 N
43 1 2 0 N
43 20 0 1 N
