38 13 2 2 S
13 32 0 0 N
32 33 2 2 N
33 1 0 2 N
1 44 0 1 N
44 21 2 1 N
21 17 0 2 N
17 43 0 1 N
43 5 2 1 N
5 20 2 1 N
20 42 1 2 N
42 11 0 1 N
11 24 0 1 N
24 25 1 2 N
25 0 2 0 N
0 29 1 2 N
29 41 2 1 N
41 22 2 2 N
22 10 2 0 N
10 18 0 2 N
18 37 1 1 N
37 15 1 2 N
15 27 0 2 N
27 46 0 1 N
46 30 1 1 N
30 39 1 1 N
39 36 2 2 N
36 3 0 1 N
3 7 0 2 N
7 40 0 2 N
40 16 0 1 N
16 14 0 1 N
14 23 0 1 N
23 8 0 0 N
8 34 2 1 N
34 28 0 2 N
28 31 1 2 N
31 19 1 1 N
19 9 1 1 N
9 26 0 0 N
26 12 1 1 N
12 2 2 0 N
2 35 1 1 N
35 6 0 2 N
6 45 2 1 N
45 4 2 2 N
