12 2 0 2 S
12 42 2 0 S
12 46 1 1 S
2 37 0 1 N
2 10 2 0 N
2 46 1 2 N
37 24 2 0 N
37 22 0 2 N
37 23 1 1 N
24 29 1 1 N
24 5 2 0 N
24 14 0 2 N
29 38 0 0 N
29 39 2 2 N
29 22 1 1 N
38 27 2 2 N
38 22 0 1 N
38 38 1 0 N
27 1 1 1 N
27 2 2 0 N
27 31 0 2 N
1 14 0 2 N
1 20 1 1 N
1 6 2 0 N
14 20 0 1 N
14 16 2 2 N
14 41 1 0 N
20 35 0 1 N
20 35 1 2 N
20 45 2 0 N
35 22 1 2 N
35 8 2 1 N
35 30 0 0 N
22 34 0 0 N
22 4 1 2 N
22 38 2 1 N
34 30 1 2 N
34 2 2 0 N
34 32 0 1 N
30 33 1 0 N
30 29 2 1 N
30 14 0 2 N
33 25 1 2 N
33 22 0 1 N
33 21 2 0 N
25 21 2 0 N
25 38 1 1 N
25 22 0 2 N
21 32 2 0 N
21 10 0 2 N
21 4 1 1 N
32 3 2 0 N
32 22 0 2 N
32 22 1 1 N
3 43 1 2 N
3 45 2 1 N
3 20 0 0 N
43 18 0 0 N
43 35 2 1 N
43 20 1 2 N
18 11 1 2 N
18 45 0 1 N
18 1 2 0 N
11 41 2 1 N
11 8 0 0 N
11 26 1 2 N
41 6 0 0 N
41 25 1 2 N
41 39 2 1 N
6 16 0 2 N
6 22 1 0 N
6 39 2 1 N
16 13 0 1 N
16 25 2 2 N
16 22 1 0 N
13 36 2 2 N
13 40 1 1 N
13 14 0 0 N
36 46 0 2 N
36 42 1 1 N
36 26 2 0 N
46 42 1 2 N
46 20 0 1 N
46 45 2 0 N
42 0 2 2 N
42 35 1 0 N
42 38 0 1 N
0 17 1 0 N
0 38 2 2 N
0 38 0 1 N
17 4 1 1 N
17 21 2 0 N
17 34 0 2 N
4 15 1 1 N
4 2 2 0 N
4 38 0 2 N
15 9 1 1 N
15 25 0 2 N
15 12 2 0 N
9 28 1 0 N
9 20 2 2 N
9 43 0 1 N
28 7 0 0 N
28 2 1 2 N
28 30 2 1 N
7 31 2 0 N
7 42 1 1 N
7 38 0 2 N
31 39 1 0 N
31 10 0 2 N
31 5 2 1 N
39 23 2 0 N
39 21 1 1 N
39 22 0 2 N
23 26 2 0 N
23 27 1 2 N
23 4 0 1 N
26 8 1 0 N
26 12 0 2 N
26 21 2 1 N
8 40 2 0 N
8 1 0 2 N
8 1 1 1 N
40 19 0 0 N
40 36 2 1 N
40 6 1 2 N
19 5 1 1 N
19 13 0 0 N
19 1 2 2 N
5 45 0 1 N
5 1 1 2 N
5 14 2 0 N
45 44 0 0 N
45 20 1 2 N
45 25 2 1 N
44 10 1 1 N
44 26 0 0 N
44 30 2 2 N
10 25 0 2 N
10 45 1 0 N
10 39 2 1 N
