0 9 0 1 S
9 16 1 2 N
16 20 2 2 N
20 30 0 2 N
30 42 1 2 N
42 31 0 1 N
31 37 0 0 N
37 28 0 2 N
28 13 1 1 N
13 19 0 0 N
19 41 2 0 N
41 3 0 0 N
3 11 0 0 N
11 23 0 2 N
23 46 1 1 N
46 36 0 1 N
36 24 1 1 N
24 44 0 0 N
44 34 0 1 N
34 43 1 1 N
43 21 2 1 N
21 33 2 0 N
33 27 2 1 N
27 6 0 1 N
6 32 0 0 N
32 10 0 2 N
10 5 1 0 N
5 39 2 1 N
39 7 1 1 N
7 4 2 0 N
4 29 1 2 N
29 40 1 0 N
40 2 1 2 N
2 17 0 0 N
17 12 0 1 N
12 26 0 2 N
26 22 0 2 N
22 38 0 1 N
38 8 2 0 N
8 1 1 2 N
1 18 0 1 N
18 25 1 0 N
25 35 0 2 N
35 45 0 0 N
45 15 1 1 N
15 14 0 2 N
