21 1 1 0 S
21 2 2 1 S
21 2 0 2 S
1 29 1 0 N
1 20 0 1 N
1 26 2 2 N
29 6 2 2 N
29 40 1 1 N
29 21 0 0 N
6 3 1 0 N
6 5 2 2 N
6 5 0 1 N
3 45 0 0 N
3 27 2 1 N
3 17 1 2 N
45 8 2 0 N
45 17 1 2 N
45 22 0 1 N
8 7 2 2 N
8 7 0 0 N
8 34 1 1 N
7 43 0 2 N
7 20 2 1 N
7 27 1 0 N
43 35 1 0 N
43 3 2 1 N
43 0 0 2 N
35 18 1 2 N
35 29 0 1 N
35 21 2 0 N
18 17 2 1 N
18 25 1 2 N
18 1 0 0 N
17 9 2 1 N
17 23 1 0 N
17 4 0 2 N
9 23 0 2 N
9 35 2 1 N
9 4 1 0 N
23 14 0 2 N
23 4 1 1 N
23 5 2 0 N
14 10 2 0 N
14 42 1 2 N
14 26 0 1 N
10 16 2 1 N
10 40 0 2 N
10 19 1 0 N
16 37 2 2 N
16 29 0 1 N
16 4 1 0 N
37 0 1 0 N
37 40 2 1 N
37 16 0 2 N
0 20 0 0 N
0 19 1 1 N
0 32 2 2 N
20 25 2 2 N
20 13 1 0 N
20 8 0 1 N
25 31 0 2 N
25 14 1 1 N
25 22 2 0 N
31 27 0 0 N
31 30 1 2 N
31 13 2 1 N
27 26 1 0 N
27 19 0 2 N
27 34 2 1 N
26 36 1 1 N
26 40 0 0 N
26 2 2 2 N
36 44 2 1 N
36 40 0 2 N
36 5 1 0 N
44 32 1 1 N
44 0 2 0 N
44 24 0 2 N
32 28 1 2 N
32 34 2 0 N
32 42 0 1 N
28 41 0 1 N
28 21 2 0 N
28 22 1 2 N
41 30 0 1 N
41 18 1 2 N
41 5 2 0 N
30 40 1 1 N
30 1 0 2 N
30 28 2 0 N
40 2 1 2 N
40 37 0 0 N
40 19 2 1 N
2 11 0 0 N
2 37 1 1 N
2 16 2 2 N
11 13 0 1 N
11 37 2 2 N
11 6 1 0 N
13 33 0 1 N
13 36 1 0 N
13 0 2 2 N
33 34 0 0 N
33 24 1 2 N
33 17 2 1 N
34 42 2 0 N
34 27 0 2 N
34 21 1 1 N
42 38 1 2 N
42 19 0 0 N
42 26 2 1 N
38 46 1 2 N
38 16 0 0 N
38 37 2 1 N
46 24 1 1 N
46 2 0 2 N
46 5 2 0 N
24 12 2 2 N
24 12 1 1 N
24 27 0 0 N
12 39 2 1 N
12 16 0 0 N
12 10 1 2 N
39 19 1 2 N
39 34 2 0 N
39 23 0 1 N
19 22 2 2 N
19 37 1 0 N
19 2 0 1 N
22 15 1 1 N
22 27 2 0 N
22 29 0 2 N
15 5 2 0 N
15 35 1 2 N
15 43 0 1 N
5 4 2 0 N
5 2 0 2 N
5 10 1 1 N
4 37 0 0 N
4 4 2 1 N
4 4 1 2 N
