33 22 2 1 S
22 24 1 0 N
24 12 0 0 N
12 29 0 2 N
29 38 1 1 N
38 39 1 2 N
39 18 1 1 N
18 26 2 0 N
26 46 1 0 N
46 35 0 2 N
35 4 0 0 N
4 19 1 1 N
19 31 0 1 N
31 9 1 1 N
9 13 2 0 N
13 40 1 2 N
40 25 2 2 N
25 32 2 0 N
32 14 2 2 N
14 30 1 1 N
30 27 2 2 N
27 28 0 2 N
28 10 1 2 N
10 36 2 0 N
36 44 2 0 N
44 17 1 0 N
17 34 0 0 N
34 2 2 1 N
2 11 1 1 N
11 5 2 1 N
5 15 2 2 N
15 21 2 1 N
21 41 1 0 N
41 37 2 0 N
37 8 0 2 N
8 3 2 1 N
3 43 2 2 N
43 45 0 0 N
45 7 1 1 N
7 16 2 2 N
16 0 0 1 N
0 6 0 1 N
6 23 2 2 N
23 1 0 2 N
1 42 1 2 N
42 20 2 2 N
