22 39 1 0 S
39 0 1 1 N
0 42 0 0 N
42 9 0 1 N
9 16 1 2 N
16 21 1 1 N
21 46 0 0 N
46 6 2 1 N
6 35 2 1 N
35 45 1 2 N
45 40 2 2 N
40 23 2 1 N
23 3 2 2 N
3 5 2 0 N
5 20 1 2 N
20 25 0 2 N
25 4 1 0 N
4 37 0 1 N
37 41 1 0 N
41 13 0 0 N
13 31 1 0 N
31 38 1 0 N
38 7 1 1 N
7 43 1 1 N
43 34 2 0 N
34 10 2 1 N
10 18 1 2 N
18 24 2 0 N
24 44 1 0 N
44 15 0 0 N
15 33 2 0 N
33 14 2 0 N
14 19 0 1 N
19 17 1 0 N
17 28 2 1 N
28 29 1 1 N
29 8 2 0 N
8 27 1 1 N
27 11 2 1 N
11 26 2 1 N
26 1 0 1 N
1 30 2 1 N
30 2 1 0 N
2 36 2 2 N
36 32 2 0 N
32 12 2 1 N
