39 27 2 2 S
27 13 0 0 N
13 3 1 1 N
3 6 0 1 N
6 37 2 0 N
37 16 1 2 N
16 18 0 0 N
18 8 1 1 N
8 40 0 1 N
40 30 2 0 N
30 17 0 2 N
17 42 0 0 N
42 36 0 2 N
36 4 1 1 N
4 15 0 2 N
15 43 2 2 N
43 28 0 1 N
28 1 0 1 N
1 23 2 1 N
23 31 0 0 N
31 24 0 1 N
24 22 1 0 N
22 21 1 0 N
21 33 1 0 N
33 12 2 1 N
12 26 0 1 N
26 38 2 2 N
38 29 2 2 N
29 5 2 0 N
5 14 1 0 N
14 7 1 1 N
7 10 1 1 N
10 19 0 1 N
19 32 0 0 N
32 41 0 1 N
41 45 1 2 N
45 46 0 0 N
46 20 2 2 N
20 34 0 2 N
34 35 1 2 N
35 25 0 1 N
25 9 2 2 N
9 44 0 0 N
44 11 0 2 N
11 2 1 0 N
2 0 0 2 N
