23 38 2 1 S
38 16 1 0 N
16 45 0 2 N
45 26 1 2 N
26 22 2 0 N
22 6 1 0 N
6 41 1 1 N
41 46 2 2 N
46 13 2 0 N
13 29 2 0 N
29 27 0 0 N
27 2 1 0 N
2 42 0 2 N
42 37 0 2 N
37 17 2 2 N
17 40 2 0 N
40 21 0 1 N
21 8 0 2 N
8 5 0 0 N
5 9 0 2 N
9 1 0 1 N
1 34 1 0 N
34 18 1 1 N
18 7 0 0 N
7 3 2 0 N
3 43 1 1 N
43 25 2 0 N
25 0 2 2 N
0 12 1 1 N
12 28 2 0 N
28 32 0 2 N
32 11 2 2 N
11 35 0 0 N
35 31 2 0 N
31 24 0 1 N
24 33 2 1 N
33 4 0 1 N
4 39 0 2 N
39 14 2 0 N
14 20 1 1 N
20 15 1 1 N
15 30 0 1 N
30 44 0 1 N
44 10 1 1 N
10 19 0 2 N
19 36 1 1 N
