10 35 0 2 S
35 41 2 1 N
41 34 1 2 N
34 15 1 1 N
15 43 1 0 N
43 25 1 2 N
25 2 2 1 N
2 12 1 2 N
12 30 0 2 N
30 19 1 1 N
19 37 1 2 N
37 11 1 1 N
11 20 2 0 N
20 6 0 1 N
6 1 0 1 N
1 7 2 0 N
7 16 0 0 N
16 44 0 2 N
44 17 0 0 N
17 33 0 2 N
33 21 1 2 N
21 18 2 0 N
18 42 2 1 N
42 13 0 1 N
13 32 0 0 N
32 3 0 1 N
3 22 2 2 N
22 23 1 2 N
23 14 1 0 N
14 9 0 2 N
9 29 2 2 N
29 39 2 1 N
39 36 2 2 N
36 45 0 2 N
45 27 1 2 N
27 8 1 0 N
8 28 0 0 N
28 5 0 2 N
5 31 2 2 N
31 46 1 0 N
46 38 1 2 N
38 26 0 0 N
26 40 0 0 N
40 4 0 2 N
4 24 2 0 N
24 0 2 0 N
