21 32 2 2 S
32 37 0 0 N
37 14 2 2 N
14 46 0 1 N
46 11 1 2 N
11 31 2 2 N
31 22 2 2 N
22 2 0 2 N
2 35 0 2 N
35 7 2 1 N
7 34 2 0 N
34 13 0 1 N
13 30 1 2 N
30 42 1 0 N
42 20 0 2 N
20 26 0 1 N
26 23 2 0 N
23 16 0 2 N
16 41 0 1 N
41 9 1 2 N
9 8 2 0 N
8 0 2 1 N
0 39 2 0 N
39 4 0 1 N
4 25 2 2 N
25 17 1 0 N
17 5 1 2 N
5 24 0 0 N
24 45 1 1 N
45 43 0 1 N
43 12 0 2 N
12 38 2 2 N
38 6 2 0 N
6 1 2 0 N
1 44 2 1 N
44 10 2 0 N
10 15 1 2 N
15 40 1 1 N
40 29 0 2 N
29 36 2 2 N
36 28 0 0 N
28 27 2 1 N
27 3 0 2 N
3 33 1 1 N
33 19 2 2 N
19 18 2 1 N
