18 32 0 2 S
32 6 0 1 N
6 45 0 2 N
45 0 2 0 N
0 12 2 2 N
12 31 0 2 N
31 8 2 0 N
8 43 0 2 N
43 35 2 0 N
35 2 0 1 N
2 46 1 1 N
46 40 2 1 N
40 15 2 2 N
15 7 2 0 N
7 38 0 0 N
38 14 2 2 N
14 39 0 1 N
39 25 2 0 N
25 42 1 1 N
42 41 0 1 N
41 33 2 2 N
33 29 2 2 N
29 17 2 1 N
17 28 2 2 N
28 21 2 1 N
21 19 0 2 N
19 27 0 2 N
27 30 0 1 N
30 44 2 2 N
44 5 0 0 N
5 3 2 1 N
3 10 1 0 N
10 11 0 2 N
11 13 0 1 N
13 9 0 1 N
9 22 2 0 N
22 20 1 2 N
20 26 2 1 N
26 24 0 2 N
24 37 2 2 N
37 36 1 2 N
36 23 0 2 N
23 4 1 0 N
4 34 2 0 N
34 1 1 0 N
1 16 0 0 N
