40 15 0 2 S
15 32 0 1 N
32 45 1 0 N
45 7 0 1 N
7 10 1 2 N
10 26 0 2 N
26 13 1 1 N
13 8 1 1 N
8 28 0 2 N
28 4 1 2 N
4 39 1 2 N
39 0 0 0 N
0 27 0 2 N
27 22 0 2 N
22 34 2 0 N
34 9 1 0 N
9 19 1 0 N
19 12 1 1 N
12 20 1 1 N
20 41 2 0 N
41 23 1 2 N
23 36 2 1 N
36 17 1 0 N
17 1 1 2 N
1 43 0 2 N
43 46 0 2 N
46 2 0 2 N
2 3 2 2 N
3 21 1 2 N
21 33 1 2 N
33 37 1 1 N
37 38 0 0 N
38 11 2 2 N
11 24 1 0 N
24 30 1 2 N
30 16 0 1 N
16 6 1 1 N
6 35 1 2 N
35 25 0 2 N
25 5 0 0 N
5 29 1 0 N
29 14 1 0 N
14 42 2 2 N
42 31 2 0 N
31 18 1 1 N
18 44 0 2 N
