31 19 0 2 S
31 6 1 0 S
31 26 2 1 S
19 43 2 2 N
19 0 1 0 N
19 15 0 1 N
43 9 0 0 N
43 29 2 2 N
43 12 1 1 N
9 3 0 0 N
9 39 1 2 N
9 35 2 1 N
3 26 2 0 N
3 31 0 1 N
3 6 1 2 N
26 5 1 2 N
26 14 0 0 N
26 23 2 1 N
5 25 0 0 N
5 21 2 2 N
5 35 1 1 N
25 33 1 1 N
25 17 2 2 N
25 35 0 0 N
33 12 1 0 N
33 22 2 2 N
33 9 0 1 N
12 39 2 1 N
12 2 1 0 N
12 13 0 2 N
39 7 0 1 N
39 21 1 2 N
39 5 2 0 N
7 37 1 1 N
7 38 2 2 N
7 4 0 0 N
37 15 2 2 N
37 38 1 1 N
37 46 0 0 N
15 1 2 2 N
15 9 1 0 N
15 4 0 1 N
1 41 2 1 N
1 31 0 0 N
1 23 1 2 N
41 8 1 0 N
41 5 2 1 N
41 9 0 2 N
8 2 2 2 N
8 43 0 1 N
8 3 1 0 N
2 11 0 2 N
2 3 2 1 N
2 20 1 0 N
11 23 1 0 N
11 2 2 1 N
11 13 0 2 N
23 34 1 0 N
23 25 2 2 N
23 46 0 1 N
34 16 0 2 N
34 6 2 1 N
34 46 1 0 N
16 38 0 1 N
16 24 1 2 N
16 13 2 0 N
38 24 0 0 N
38 35 1 2 N
38 4 2 1 N
24 32 2 0 N
24 39 0 1 N
24 21 1 2 N
32 6 0 1 N
32 38 2 0 N
32 34 1 2 N
6 20 0 0 N
6 25 1 1 N
6 9 2 2 N
20 35 0 1 N
20 16 1 2 N
20 23 2 0 N
35 21 1 2 N
35 9 2 0 N
35 24 0 1 N
21 40 1 2 N
21 43 0 1 N
21 21 2 0 N
40 17 0 0 N
40 15 1 1 N
40 20 2 2 N
17 18 2 2 N
17 19 1 0 N
17 18 0 1 N
18 10 2 1 N
18 5 1 2 N
18 16 0 0 N
10 4 2 2 N
10 26 0 1 N
10 21 1 0 N
4 46 2 1 N
4 13 0 0 N
4 21 1 2 N
46 44 0 2 N
46 12 2 0 N
46 4 1 1 N
44 36 0 1 N
44 46 1 0 N
44 15 2 2 N
36 28 0 1 N
36 32 1 0 N
36 2 2 2 N
28 0 2 0 N
28 9 1 1 N
28 43 0 2 N
0 27 1 0 N
0 6 0 1 N
0 45 2 2 N
27 22 0 0 N
27 9 1 1 N
27 0 2 2 N
22 30 0 1 N
22 45 1 0 N
22 26 2 2 N
30 42 0 1 N
30 46 2 2 N
30 9 1 0 N
42 29 0 2 N
42 39 1 1 N
42 40 2 0 N
29 45 0 1 N
29 44 2 0 N
29 10 1 2 N
45 14 2 2 N
45 4 0 1 N
45 38 1 0 N
14 13 0 0 N
14 8 2 2 N
14 15 1 1 N
13 36 0 0 N
13 36 2 2 N
13 21 1 1 N
