30 0 0 0 S
30 10 1 1 S
30 6 2 2 S
0 43 0 2 N
0 9 2 0 N
0 46 1 1 N
43 21 1 1 N
43 27 2 2 N
43 29 0 0 N
21 27 1 0 N
21 39 2 1 N
21 32 0 2 N
27 2 0 2 N
27 4 2 0 N
27 10 1 1 N
2 35 0 2 N
2 37 2 1 N
2 0 1 0 N
35 44 2 0 N
35 11 1 2 N
35 24 0 1 N
44 17 1 1 N
44 46 2 2 N
44 13 0 0 N
17 37 2 0 N
17 37 0 2 N
17 24 1 1 N
37 7 2 2 N
37 36 0 0 N
37 33 1 1 N
7 15 0 0 N
7 45 2 1 N
7 40 1 2 N
15 28 1 0 N
15 11 2 1 N
15 25 0 2 N
28 32 0 0 N
28 33 2 1 N
28 46 1 2 N
32 22 2 2 N
32 17 1 1 N
32 13 0 0 N
22 18 1 0 N
22 7 0 2 N
22 14 2 1 N
18 6 0 1 N
18 32 1 0 N
18 11 2 2 N
6 42 2 0 N
6 13 0 1 N
6 6 1 2 N
42 11 0 2 N
42 31 2 1 N
42 6 1 0 N
11 10 2 2 N
11 46 1 0 N
11 5 0 1 N
10 46 1 2 N
10 37 0 1 N
10 17 2 0 N
46 41 1 2 N
46 10 2 1 N
46 9 0 0 N
41 45 1 1 N
41 9 0 0 N
41 33 2 2 N
45 20 0 1 N
45 18 2 2 N
45 25 1 0 N
20 33 1 2 N
20 36 2 1 N
20 32 0 0 N
33 26 0 2 N
33 41 1 1 N
33 32 2 0 N
26 23 0 2 N
26 9 2 1 N
26 13 1 0 N
23 39 1 2 N
23 26 0 1 N
23 4 2 0 N
39 19 0 0 N
39 5 2 1 N
39 7 1 2 N
19 34 1 0 N
19 20 2 1 N
19 13 0 2 N
34 3 0 1 N
34 27 2 2 N
34 0 1 0 N
3 1 2 2 N
3 23 0 1 N
3 33 1 0 N
1 12 1 2 N
1 20 0 0 N
1 14 2 1 N
12 4 0 1 N
12 31 1 2 N
12 8 2 0 N
4 29 1 0 N
4 33 2 2 N
4 33 0 1 N
29 8 2 2 N
29 19 0 1 N
29 23 1 0 N
8 36 2 2 N
8 13 1 1 N
8 13 0 0 N
36 16 2 2 N
36 26 1 0 N
36 2 0 1 N
16 14 0 1 N
16 23 1 0 N
16 44 2 2 N
14 5 1 1 N
14 32 2 0 N
14 24 0 2 N
5 24 1 0 N
5 32 0 2 N
5 6 2 1 N
24 9 1 1 N
24 21 0 2 N
24 23 2 0 N
9 25 1 1 N
9 5 0 0 N
9 26 2 2 N
25 38 1 0 N
25 19 0 2 N
25 32 2 1 N
38 13 2 1 N
38 0 0 2 N
38 13 1 0 N
13 40 2 1 N
13 31 0 0 N
13 6 1 2 N
40 31 2 2 N
40 20 1 1 N
40 18 0 0 N
31 25 1 1 N
31 0 0 0 N
31 9 2 2 N
