12 17 0 0 S
17 2 1 0 N
2 8 1 2 N
8 33 0 0 N
33 40 2 2 N
40 44 1 0 N
44 6 0 2 N
6 0 1 2 N
0 29 1 0 N
29 30 1 2 N
30 31 1 1 N
31 24 2 0 N
24 34 2 2 N
34 14 0 0 N
14 1 1 0 N
1 21 2 2 N
21 43 0 2 N
43 28 1 1 N
28 42 2 2 N
42 35 2 2 N
35 37 0 0 N
37 18 0 0 N
18 26 2 2 N
26 16 2 1 N
16 4 0 0 N
4 15 0 2 N
15 3 1 1 N
3 5 1 0 N
5 32 2 2 N
32 41 1 0 N
41 45 0 1 N
45 7 0 0 N
7 10 1 1 N
10 23 0 1 N
23 9 0 1 N
9 39 0 2 N
39 25 1 2 N
25 20 2 0 N
20 27 2 1 N
27 36 0 0 N
36 13 0 2 N
13 38 2 0 N
38 19 0 2 N
19 22 2 0 N
22 11 2 2 N
11 46 1 1 N
