42 32 1 2 S
32 27 2 2 N
27 13 1 0 N
13 21 1 0 N
21 3 2 1 N
3 7 1 2 N
7 19 0 2 N
19 33 1 1 N
33 45 2 2 N
45 30 2 1 N
30 29 0 2 N
29 36 0 0 N
36 12 0 1 N
12 0 0 2 N
0 4 2 0 N
4 22 0 0 N
22 34 0 0 N
34 41 0 1 N
41 15 1 0 N
15 11 2 0 N
11 38 0 2 N
38 17 2 0 N
17 31 0 2 N
31 20 2 1 N
20 25 1 1 N
25 16 1 1 N
16 23 2 1 N
23 10 0 1 N
10 14 2 1 N
14 44 2 2 N
44 8 1 0 N
8 46 1 0 N
46 43 1 1 N
43 2 1 1 N
2 1 0 0 N
1 6 0 1 N
6 40 2 2 N
40 35 1 2 N
35 9 0 2 N
9 18 2 2 N
18 39 0 1 N
39 28 2 2 N
28 24 0 2 N
24 26 1 0 N
26 37 0 2 N
37 5 2 2 N
