2 11 1 0 S
2 18 2 2 S
2 20 0 1 S
11 0 2 0 N
11 30 1 2 N
11 24 0 1 N
0 1 2 1 N
0 29 1 2 N
0 34 0 0 N
1 13 0 0 N
1 38 2 1 N
1 20 1 2 N
13 26 1 1 N
13 16 0 2 N
13 5 2 0 N
26 34 2 0 N
26 14 1 1 N
26 24 0 2 N
34 3 1 2 N
34 41 2 0 N
34 8 0 1 N
3 16 2 1 N
3 4 0 0 N
3 12 1 2 N
16 36 1 1 N
16 23 2 0 N
16 34 0 2 N
36 32 1 1 N
36 22 2 2 N
36 0 0 0 N
32 15 0 0 N
32 15 1 1 N
32 41 2 2 N
15 44 1 0 N
15 0 2 2 N
15 46 0 1 N
44 8 1 0 N
44 27 0 1 N
44 45 2 2 N
8 7 1 0 N
8 34 2 2 N
8 5 0 1 N
7 21 2 0 N
7 16 0 1 N
7 31 1 2 N
21 42 0 2 N
21 39 1 0 N
21 26 2 1 N
42 27 2 1 N
42 5 0 0 N
42 30 1 2 N
27 20 0 0 N
27 40 2 2 N
27 32 1 1 N
20 19 1 2 N
20 19 0 1 N
20 24 2 0 N
19 17 2 2 N
19 40 1 0 N
19 41 0 1 N
17 23 0 0 N
17 11 1 2 N
17 7 2 1 N
23 6 1 2 N
23 6 0 1 N
23 34 2 0 N
6 22 0 2 N
6 41 1 1 N
6 7 2 0 N
22 33 2 2 N
22 20 1 0 N
22 32 0 1 N
33 24 2 0 N
33 24 0 1 N
33 30 1 2 N
24 46 2 0 N
24 6 1 2 N
24 23 0 1 N
46 28 0 0 N
46 37 1 1 N
46 7 2 2 N
28 12 0 1 N
28 43 2 2 N
28 7 1 0 N
12 39 0 0 N
12 30 1 2 N
12 30 2 1 N
39 10 1 2 N
39 37 2 0 N
39 26 0 1 N
10 31 0 2 N
10 11 2 1 N
10 19 1 0 N
31 9 2 2 N
31 8 0 0 N
31 30 1 1 N
9 30 0 1 N
9 7 1 0 N
9 6 2 2 N
30 41 0 1 N
30 5 2 0 N
30 29 1 2 N
41 4 1 1 N
41 31 0 2 N
41 29 2 0 N
4 43 0 1 N
4 13 2 2 N
4 0 1 0 N
43 14 2 1 N
43 18 0 2 N
43 7 1 0 N
14 37 2 2 N
14 34 1 1 N
14 7 0 0 N
37 5 2 1 N
37 32 1 2 N
37 31 0 0 N
5 40 2 1 N
5 7 1 2 N
5 30 0 0 N
40 38 0 1 N
40 22 1 2 N
40 11 2 0 N
38 18 1 1 N
38 25 0 0 N
38 20 2 2 N
18 25 1 0 N
18 46 0 1 N
18 36 2 2 N
25 35 1 0 N
25 0 2 2 N
25 0 0 1 N
35 45 0 2 N
35 30 1 0 N
35 22 2 1 N
45 29 0 1 N
45 5 2 2 N
45 38 1 0 N
29 31 2 0 N
29 31 1 2 N
29 29 0 1 N
