1 13 0 2 S
13 14 2 2 N
14 26 2 1 N
26 43 0 2 N
43 38 0 1 N
38 27 0 2 N
27 41 1 2 N
41 2 2 1 N
2 31 0 0 N
31 39 1 2 N
39 44 2 0 N
44 8 2 2 N
8 15 0 0 N
15 29 1 2 N
29 24 2 2 N
24 36 0 0 N
36 42 2 1 N
42 20 0 0 N
20 5 0 0 N
5 34 2 0 N
34 23 2 1 N
23 30 1 0 N
30 25 1 0 N
25 19 1 1 N
19 21 1 2 N
21 12 1 0 N
12 4 0 2 N
4 45 2 1 N
45 10 1 2 N
10 9 1 1 N
9 28 1 0 N
28 40 2 2 N
40 0 1 1 N
0 22 0 2 N
22 35 2 0 N
35 3 2 2 N
3 33 1 0 N
33 7 2 1 N
7 46 1 1 N
46 32 2 0 N
32 18 0 0 N
18 37 0 2 N
37 6 0 2 N
6 17 1 0 N
17 16 2 0 N
16 11 0 2 N
