20 34 0 0 S
34 4 1 2 N
4 0 2 0 N
0 22 2 2 N
22 18 1 1 N
18 3 2 1 N
3 11 0 0 N
11 43 0 1 N
43 10 1 2 N
10 15 2 0 N
15 9 1 0 N
9 27 0 2 N
27 25 0 0 N
25 2 2 1 N
2 33 2 1 N
33 28 0 2 N
28 40 0 0 N
40 31 1 0 N
31 23 0 2 N
23 8 1 0 N
8 30 0 0 N
30 46 2 0 N
46 21 2 1 N
21 14 2 2 N
14 1 0 0 N
1 36 1 1 N
36 35 2 1 N
35 38 2 2 N
38 12 2 2 N
12 44 0 2 N
44 16 0 1 N
16 6 1 1 N
6 37 1 1 N
37 24 0 2 N
24 32 0 0 N
32 29 2 0 N
29 19 1 0 N
19 17 0 0 N
17 45 1 2 N
45 7 1 1 N
7 26 2 1 N
26 5 1 2 N
5 13 2 0 N
13 42 0 1 N
42 41 1 2 N
41 39 0 2 N
