28 11 1 2 S
11 37 2 0 N
37 24 1 1 N
24 2 0 0 N
2 20 0 0 N
20 29 0 1 N
29 23 2 2 N
23 8 2 2 N
8 21 2 1 N
21 5 1 2 N
5 31 0 0 N
31 0 0 2 N
0 6 0 2 N
6 33 1 1 N
33 42 1 2 N
42 26 2 0 N
26 40 2 1 N
40 35 2 2 N
35 38 0 1 N
38 25 0 2 N
25 17 0 2 N
17 44 1 2 N
44 16 2 0 N
16 30 1 1 N
30 36 2 0 N
36 45 0 0 N
45 18 2 0 N
18 41 2 1 N
41 7 0 0 N
7 4 2 0 N
4 13 2 1 N
13 19 1 0 N
19 12 0 2 N
12 27 0 2 N
27 39 0 0 N
39 1 2 1 N
1 46 0 2 N
46 43 1 2 N
43 22 0 1 N
22 34 2 1 N
34 14 2 1 N
14 10 1 1 N
10 9 1 0 N
9 3 0 1 N
3 32 2 1 N
32 15 2 0 N
