18 16 2 0 S
16 31 1 0 N
31 15 2 2 N
15 38 1 2 N
38 2 0 2 N
2 12 2 1 N
12 24 0 1 N
24 13 2 1 N
13 43 2 1 N
43 19 1 1 N
19 36 0 1 N
36 6 2 1 N
6 40 0 0 N
40 26 0 2 N
26 37 0 2 N
37 14 2 2 N
14 27 0 1 N
27 22 1 0 N
22 42 0 1 N
42 34 2 1 N
34 8 1 0 N
8 20 0 0 N
20 3 0 2 N
3 33 0 1 N
33 9 1 1 N
9 4 2 1 N
4 23 2 0 N
23 10 2 1 N
10 41 1 2 N
41 44 1 1 N
44 39 2 1 N
39 17 1 2 N
17 32 1 2 N
32 46 0 0 N
46 35 0 1 N
35 30 1 2 N
30 28 0 2 N
28 21 0 1 N
21 11 2 0 N
11 29 2 0 N
29 1 1 1 N
1 25 1 0 N
25 7 2 1 N
7 0 1 2 N
0 45 0 0 N
45 5 0 2 N
