8 19 2 1 S
19 12 2 1 N
12 30 2 2 N
30 7 0 1 N
7 38 2 2 N
38 2 2 0 N
2 27 1 0 N
27 44 2 1 N
44 32 1 0 N
32 29 0 1 N
29 25 0 0 N
25 22 1 2 N
22 16 1 0 N
16 0 2 2 N
0 11 0 2 N
11 43 0 1 N
43 31 2 0 N
31 42 2 1 N
42 15 1 2 N
15 6 0 0 N
6 28 1 0 N
28 18 1 0 N
18 9 1 1 N
9 10 2 2 N
10 26 1 1 N
26 23 0 2 N
23 5 2 2 N
5 3 0 1 N
3 36 0 2 N
36 45 0 0 N
45 34 1 1 N
34 40 2 0 N
40 41 2 2 N
41 20 1 0 N
20 35 1 2 N
35 13 2 1 N
13 4 0 2 N
4 37 0 0 N
37 21 0 2 N
21 46 1 2 N
46 39 2 2 N
39 17 2 2 N
17 14 1 1 N
14 1 1 1 N
1 24 1 0 N
24 33 1 0 N
