11 19 1 0 S
11 6 0 1 S
11 41 2 2 S
19 31 1 0 N
19 32 0 2 N
19 20 2 1 N
31 23 2 2 N
31 10 0 0 N
31 14 1 1 N
23 14 0 2 N
23 30 1 1 N
23 18 2 0 N
14 38 1 0 N
14 23 0 2 N
14 20 2 1 N
38 30 2 2 N
38 46 0 1 N
38 32 1 0 N
30 2 0 1 N
30 45 2 2 N
30 37 1 0 N
2 41 2 0 N
2 37 1 2 N
2 40 0 1 N
41 10 2 0 N
41 26 1 2 N
41 20 0 1 N
10 28 1 2 N
10 3 0 0 N
10 26 2 1 N
28 37 2 0 N
28 39 0 2 N
28 20 1 1 N
37 26 1 0 N
37 22 0 2 N
37 20 2 1 N
26 46 2 2 N
26 31 0 0 N
26 19 1 1 N
46 34 2 2 N
46 32 1 0 N
46 15 0 1 N
34 18 2 0 N
34 36 0 2 N
34 38 1 1 N
18 13 2 1 N
18 42 1 2 N
18 31 0 0 N
13 12 0 2 N
13 1 2 1 N
13 11 1 0 N
12 29 2 1 N
12 34 1 2 N
12 44 0 0 N
29 6 2 0 N
29 41 1 1 N
29 19 0 2 N
6 27 1 1 N
6 23 0 0 N
6 21 2 2 N
27 33 0 2 N
27 10 2 1 N
27 18 1 0 N
33 5 0 0 N
33 14 2 2 N
33 11 1 1 N
5 3 2 1 N
5 21 1 0 N
5 7 0 2 N
3 22 0 1 N
3 41 1 2 N
3 11 2 0 N
22 35 2 2 N
22 0 1 1 N
22 14 0 0 N
35 4 0 1 N
35 40 2 2 N
35 36 1 0 N
4 25 0 2 N
4 24 1 1 N
4 16 2 0 N
25 17 2 2 N
25 1 0 1 N
25 21 1 0 N
17 40 0 0 N
17 23 2 1 N
17 18 1 2 N
40 9 2 1 N
40 19 0 0 N
40 30 1 2 N
9 42 1 1 N
9 42 0 0 N
9 6 2 2 N
42 44 2 2 N
42 41 0 1 N
42 22 1 0 N
44 39 1 1 N
44 31 0 2 N
44 32 2 0 N
39 0 2 1 N
39 16 1 2 N
39 45 0 0 N
0 24 2 0 N
0 44 1 2 N
0 37 0 1 N
24 20 0 0 N
24 22 1 2 N
24 8 2 1 N
20 21 2 0 N
20 14 0 2 N
20 20 1 1 N
21 16 1 0 N
21 8 2 1 N
21 32 0 2 N
16 8 1 2 N
16 42 0 1 N
16 1 2 0 N
8 7 1 2 N
8 1 2 0 N
8 7 0 1 N
7 1 1 1 N
7 2 2 2 N
7 21 0 0 N
1 45 1 1 N
1 14 2 2 N
1 7 0 0 N
45 32 2 2 N
45 20 1 1 N
45 14 0 0 N
32 15 2 1 N
32 14 0 0 N
32 20 1 2 N
15 36 1 2 N
15 42 0 1 N
15 31 2 0 N
36 43 2 1 N
36 13 1 0 N
36 21 0 2 N
43 45 0 1 N
43 33 2 0 N
43 14 1 2 N
