34 11 2 1 S
34 2 0 2 S
34 16 1 0 S
11 46 1 1 N
11 3 2 2 N
11 39 0 0 N
46 31 2 0 N
46 35 0 2 N
46 23 1 1 N
31 4 1 2 N
31 23 0 0 N
31 9 2 1 N
4 14 0 1 N
4 3 1 0 N
4 8 2 2 N
14 5 0 1 N
14 46 2 2 N
14 18 1 0 N
5 18 0 1 N
5 19 1 0 N
5 42 2 2 N
18 35 0 2 N
18 3 1 0 N
18 23 2 1 N
35 16 0 2 N
35 20 1 1 N
35 9 2 0 N
16 36 2 1 N
16 44 1 2 N
16 18 0 0 N
36 10 0 1 N
36 34 2 2 N
36 10 1 0 N
10 41 1 1 N
10 32 2 0 N
10 24 0 2 N
41 12 2 1 N
41 7 0 0 N
41 42 1 2 N
12 0 1 1 N
12 14 0 2 N
12 41 2 0 N
0 25 0 2 N
0 46 1 0 N
0 30 2 1 N
25 19 2 1 N
25 18 1 0 N
25 30 0 2 N
19 42 0 0 N
19 39 2 2 N
19 5 1 1 N
42 24 1 0 N
42 41 0 1 N
42 18 2 2 N
24 38 0 1 N
24 18 2 0 N
24 32 1 2 N
38 9 1 1 N
38 7 0 0 N
38 34 2 2 N
9 17 0 1 N
9 23 2 2 N
9 44 1 0 N
17 22 0 0 N
17 26 2 1 N
17 9 1 2 N
22 43 1 0 N
22 3 0 1 N
22 18 2 2 N
43 21 1 2 N
43 29 2 0 N
43 6 0 1 N
21 40 0 2 N
21 33 1 1 N
21 9 2 0 N
40 39 1 2 N
40 22 0 1 N
40 9 2 0 N
39 20 2 2 N
39 18 1 0 N
39 44 0 1 N
20 29 2 1 N
20 0 0 2 N
20 30 1 0 N
29 44 2 1 N
29 11 0 0 N
29 33 1 2 N
44 13 0 1 N
44 22 2 2 N
44 18 1 0 N
13 2 2 2 N
13 27 0 1 N
13 16 1 0 N
2 3 0 1 N
2 37 1 2 N
2 4 2 0 N
3 8 0 1 N
3 9 2 2 N
3 44 1 0 N
8 7 1 2 N
8 9 0 0 N
8 23 2 1 N
7 32 2 0 N
7 44 0 1 N
7 30 1 2 N
32 23 0 2 N
32 23 1 1 N
32 41 2 0 N
23 45 1 2 N
23 5 0 0 N
23 23 2 1 N
45 6 1 2 N
45 8 0 0 N
45 25 2 1 N
6 15 2 0 N
6 38 1 2 N
6 28 0 1 N
15 26 1 1 N
15 42 2 0 N
15 7 0 2 N
26 28 1 2 N
26 44 0 1 N
26 37 2 0 N
28 33 0 0 N
28 4 2 2 N
28 5 1 1 N
33 27 2 0 N
33 0 0 1 N
33 9 1 2 N
27 37 1 1 N
27 28 0 0 N
27 42 2 2 N
37 1 0 1 N
37 17 2 0 N
37 42 1 2 N
1 30 1 1 N
1 42 2 2 N
1 16 0 0 N
30 40 2 2 N
30 9 0 0 N
30 44 1 1 N
