29 44 1 1 S
44 3 1 2 N
3 25 2 1 N
25 34 0 1 N
34 21 0 1 N
21 38 1 0 N
38 37 2 1 N
37 22 2 1 N
22 9 2 2 N
9 23 2 1 N
23 36 1 0 N
36 27 0 0 N
27 28 2 0 N
28 30 0 1 N
30 11 2 1 N
11 13 0 2 N
13 18 0 1 N
18 17 0 1 N
17 8 1 0 N
8 2 2 2 N
2 26 1 2 N
26 45 0 1 N
45 32 1 0 N
32 43 0 1 N
43 24 0 0 N
24 14 2 0 N
14 0 0 1 N
0 35 2 1 N
35 42 2 0 N
42 4 1 0 N
4 5 1 1 N
5 6 2 2 N
6 39 2 1 N
39 31 0 2 N
31 1 1 0 N
1 15 1 2 N
15 46 2 2 N
46 12 0 2 N
12 16 1 1 N
16 40 1 2 N
40 19 2 0 N
19 20 2 1 N
20 33 0 0 N
33 7 0 1 N
7 10 0 2 N
10 41 1 1 N
