17 10 0 2 S
17 15 2 0 S
17 10 1 1 S
10 44 2 2 N
10 46 1 1 N
10 38 0 0 N
44 37 0 1 N
44 3 2 0 N
44 6 1 2 N
37 43 2 1 N
37 18 0 2 N
37 12 1 0 N
43 4 1 1 N
43 22 2 2 N
43 10 0 0 N
4 25 1 2 N
4 7 2 0 N
4 5 0 1 N
25 6 1 1 N
25 26 0 0 N
25 16 2 2 N
6 39 0 2 N
6 38 2 0 N
6 16 1 1 N
39 36 1 2 N
39 44 2 1 N
39 46 0 0 N
36 0 1 2 N
36 29 0 0 N
36 7 2 1 N
0 21 0 0 N
0 14 1 1 N
0 46 2 2 N
21 8 0 2 N
21 24 2 1 N
21 38 1 0 N
8 41 1 0 N
8 25 2 2 N
8 21 0 1 N
41 23 0 2 N
41 26 1 0 N
41 36 2 1 N
23 15 1 2 N
23 21 0 1 N
23 25 2 0 N
15 12 0 0 N
15 7 1 1 N
15 0 2 2 N
12 28 0 1 N
12 46 1 2 N
12 26 2 0 N
28 26 2 0 N
28 5 1 1 N
28 31 0 2 N
26 5 0 1 N
26 14 1 0 N
26 7 2 2 N
5 14 0 1 N
5 14 1 0 N
5 38 2 2 N
14 30 0 1 N
14 5 1 0 N
14 38 2 2 N
30 20 0 1 N
30 25 2 0 N
30 6 1 2 N
20 1 0 0 N
20 46 2 2 N
20 46 1 1 N
1 46 2 2 N
1 2 0 1 N
1 41 1 0 N
46 27 0 1 N
46 8 2 0 N
46 14 1 2 N
27 22 2 0 N
27 20 1 1 N
27 19 0 2 N
22 40 1 1 N
22 37 2 0 N
22 14 0 2 N
40 45 1 2 N
40 37 2 1 N
40 3 0 0 N
45 24 0 1 N
45 11 1 0 N
45 26 2 2 N
24 13 0 0 N
24 2 1 1 N
24 29 2 2 N
13 33 0 0 N
13 24 2 1 N
13 15 1 2 N
33 11 1 2 N
33 29 2 1 N
33 25 0 0 N
11 34 0 0 N
11 30 2 1 N
11 14 1 2 N
34 29 0 1 N
34 18 2 2 N
34 10 1 0 N
29 32 2 2 N
29 9 1 1 N
29 46 0 0 N
32 18 0 1 N
32 29 1 2 N
32 11 2 0 N
18 9 1 0 N
18 46 0 2 N
18 36 2 1 N
9 35 1 0 N
9 0 2 2 N
9 36 0 1 N
35 3 0 2 N
35 43 1 0 N
35 29 2 1 N
3 31 2 0 N
3 35 1 2 N
3 1 0 1 N
31 42 0 0 N
31 29 1 1 N
31 38 2 2 N
42 7 0 0 N
42 29 2 1 N
42 10 1 2 N
7 19 1 1 N
7 36 0 0 N
7 5 2 2 N
19 16 1 1 N
19 12 2 0 N
19 5 0 2 N
16 38 2 1 N
16 26 1 0 N
16 38 0 2 N
38 2 0 0 N
38 14 2 2 N
38 38 1 1 N
2 38 2 2 N
2 14 0 0 N
2 21 1 1 N
