1 2 1 0 S
2 14 2 1 N
14 34 2 1 N
34 13 0 1 N
13 40 0 1 N
40 7 2 0 N
7 28 2 1 N
28 38 1 0 N
38 30 1 1 N
30 37 0 1 N
37 36 0 0 N
36 23 2 1 N
23 4 2 2 N
4 8 1 1 N
8 6 1 2 N
6 17 1 2 N
17 27 0 2 N
27 12 0 2 N
12 21 0 1 N
21 39 0 0 N
39 35 0 1 N
35 26 2 2 N
26 20 2 1 N
20 11 0 0 N
11 41 0 0 N
41 18 2 0 N
18 33 1 0 N
33 0 1 2 N
0 16 2 0 N
16 32 1 0 N
32 19 1 1 N
19 31 2 2 N
31 15 0 1 N
15 5 1 2 N
5 3 1 0 N
3 42 1 1 N
42 22 2 2 N
22 45 2 2 N
45 43 0 0 N
43 10 1 0 N
10 9 2 2 N
9 46 2 1 N
46 25 0 2 N
25 24 0 2 N
24 29 1 1 N
29 44 2 2 N
