17 30 2 2 S
30 39 0 2 N
39 0 0 1 N
0 16 2 1 N
16 13 0 1 N
13 46 0 2 N
46 23 0 1 N
23 10 0 0 N
10 11 2 1 N
11 19 1 1 N
19 14 2 0 N
14 35 0 0 N
35 6 0 2 N
6 26 1 1 N
26 9 2 2 N
9 36 0 2 N
36 5 0 2 N
5 18 2 0 N
18 1 0 1 N
1 7 2 0 N
7 28 1 1 N
28 21 2 1 N
21 32 2 1 N
32 41 1 2 N
41 42 0 1 N
42 15 2 1 N
15 24 0 0 N
24 25 0 2 N
25 38 2 2 N
38 33 0 2 N
33 27 2 0 N
27 12 1 2 N
12 3 2 0 N
3 37 1 0 N
37 43 2 2 N
43 4 0 0 N
4 45 1 0 N
45 8 0 2 N
8 40 2 1 N
40 44 2 1 N
44 34 2 0 N
34 29 1 1 N
29 31 1 1 N
31 2 1 0 N
2 20 1 0 N
20 22 2 1 N
