35 1 2 2 S
35 36 1 1 S
35 8 0 0 S
1 20 2 0 N
1 31 1 2 N
1 45 0 1 N
20 29 0 0 N
20 25 2 2 N
20 25 1 1 N
29 5 2 1 N
29 38 0 0 N
29 16 1 2 N
5 37 0 0 N
5 10 1 2 N
5 46 2 1 N
37 32 0 2 N
37 17 2 1 N
37 23 1 0 N
32 14 1 0 N
32 31 2 2 N
32 23 0 1 N
14 38 2 0 N
14 33 0 2 N
14 18 1 1 N
38 17 1 0 N
38 31 0 1 N
38 19 2 2 N
17 34 2 1 N
17 20 1 2 N
17 38 0 0 N
34 8 2 2 N
34 44 0 0 N
34 2 1 1 N
8 18 2 1 N
8 21 1 2 N
8 34 0 0 N
18 0 0 2 N
18 19 2 1 N
18 46 1 0 N
0 11 0 2 N
0 29 1 0 N
0 44 2 1 N
11 12 1 2 N
11 10 2 0 N
11 15 0 1 N
12 19 0 1 N
12 34 1 0 N
12 39 2 2 N
19 45 2 0 N
19 3 0 2 N
19 21 1 1 N
45 42 2 0 N
45 21 0 1 N
45 6 1 2 N
42 46 2 1 N
42 23 0 2 N
42 7 1 0 N
46 2 0 2 N
46 17 1 1 N
46 23 2 0 N
2 26 1 2 N
2 44 2 1 N
2 3 0 0 N
26 41 1 2 N
26 37 0 1 N
26 19 2 0 N
41 39 0 2 N
41 18 2 1 N
41 28 1 0 N
39 27 0 0 N
39 20 2 1 N
39 44 1 2 N
27 15 2 2 N
27 28 1 0 N
27 12 0 1 N
15 36 1 1 N
15 21 2 2 N
15 42 0 0 N
36 24 2 0 N
36 18 0 1 N
36 9 1 2 N
24 4 2 0 N
24 6 0 1 N
24 12 1 2 N
4 22 0 0 N
4 39 2 2 N
4 21 1 1 N
22 25 2 0 N
22 30 0 1 N
22 7 1 2 N
25 44 1 2 N
25 44 2 0 N
25 44 0 1 N
44 6 2 0 N
44 44 0 1 N
44 44 1 2 N
6 7 0 2 N
6 27 1 1 N
6 21 2 0 N
7 31 2 2 N
7 18 0 0 N
7 0 1 1 N
31 16 1 1 N
31 29 2 2 N
31 25 0 0 N
16 43 1 0 N
16 45 0 1 N
16 20 2 2 N
43 23 2 1 N
43 34 0 2 N
43 20 1 0 N
23 33 2 0 N
23 12 1 1 N
23 39 0 2 N
33 3 0 2 N
33 30 2 1 N
33 42 1 0 N
3 21 0 1 N
3 18 2 0 N
3 21 1 2 N
21 40 2 2 N
21 45 1 1 N
21 44 0 0 N
40 30 1 1 N
40 44 2 0 N
40 0 0 2 N
30 10 2 1 N
30 46 0 0 N
30 34 1 2 N
10 13 2 1 N
10 1 1 2 N
10 19 0 0 N
13 9 0 0 N
13 5 2 1 N
13 4 1 2 N
9 28 1 1 N
9 32 0 0 N
9 0 2 2 N
28 33 0 2 N
28 17 2 0 N
28 12 1 1 N
