0 44 1 0 S
44 28 1 1 N
28 38 1 1 N
38 35 1 2 N
35 6 0 1 N
6 5 1 2 N
5 18 0 1 N
18 27 1 0 N
27 21 0 1 N
21 20 1 0 N
20 46 1 1 N
46 40 0 0 N
40 23 2 0 N
23 2 0 1 N
2 3 1 2 N
3 34 1 2 N
34 10 2 2 N
10 4 1 2 N
4 36 0 2 N
36 32 1 2 N
32 17 0 1 N
17 25 2 1 N
25 15 0 0 N
15 37 2 2 N
37 29 1 0 N
29 42 1 1 N
42 41 0 1 N
41 22 0 2 N
22 39 2 1 N
39 45 2 0 N
45 16 2 2 N
16 30 0 1 N
30 33 0 1 N
33 9 0 0 N
9 43 0 2 N
43 26 0 1 N
26 31 1 1 N
31 19 2 0 N
19 14 0 0 N
14 1 2 0 N
1 8 0 1 N
8 13 2 1 N
13 24 2 2 N
24 7 2 0 N
7 12 2 2 N
12 11 1 1 N
