10 42 0 1 S
10 24 1 0 S
10 26 2 2 S
42 30 1 2 N
42 37 2 1 N
42 8 0 0 N
30 3 2 0 N
30 36 0 2 N
30 7 1 1 N
3 14 0 2 N
3 6 2 1 N
3 31 1 0 N
14 34 1 2 N
14 24 2 0 N
14 15 0 1 N
34 36 0 1 N
34 7 1 2 N
34 36 2 0 N
36 41 0 2 N
36 5 1 0 N
36 7 2 1 N
41 23 1 1 N
41 4 2 0 N
41 23 0 2 N
23 40 1 1 N
23 10 0 0 N
23 43 2 2 N
40 31 0 2 N
40 17 2 0 N
40 34 1 1 N
31 33 1 2 N
31 41 2 1 N
31 9 0 0 N
33 43 1 2 N
33 32 0 1 N
33 44 2 0 N
43 20 1 0 N
43 5 0 2 N
43 0 2 1 N
20 8 2 1 N
20 45 0 0 N
20 38 1 2 N
8 35 1 0 N
8 7 2 1 N
8 40 0 2 N
35 15 2 1 N
35 31 1 0 N
35 10 0 2 N
15 28 1 2 N
15 12 2 0 N
15 16 0 1 N
28 6 0 1 N
28 9 1 0 N
28 25 2 2 N
6 2 1 2 N
6 9 0 1 N
6 43 2 0 N
2 37 0 0 N
2 16 1 1 N
2 1 2 2 N
37 22 1 0 N
37 40 0 1 N
37 21 2 2 N
22 0 2 2 N
22 35 1 0 N
22 5 0 1 N
0 1 2 0 N
0 12 1 2 N
0 7 0 1 N
1 9 2 1 N
1 9 1 0 N
1 36 0 2 N
9 24 0 2 N
9 1 2 1 N
9 7 1 0 N
24 29 0 2 N
24 0 1 1 N
24 36 2 0 N
29 32 2 0 N
29 42 0 2 N
29 5 1 1 N
32 38 1 2 N
32 0 2 1 N
32 26 0 0 N
38 11 0 0 N
38 8 2 2 N
38 1 1 1 N
11 39 1 2 N
11 36 2 1 N
11 24 0 0 N
39 26 1 2 N
39 21 0 0 N
39 25 2 1 N
26 45 2 0 N
26 30 0 1 N
26 30 1 2 N
45 16 2 0 N
45 17 0 1 N
45 25 1 2 N
16 25 0 1 N
16 13 1 2 N
16 7 2 0 N
25 7 2 0 N
25 10 1 2 N
25 36 0 1 N
7 17 0 1 N
7 17 2 0 N
7 7 1 2 N
17 27 2 2 N
17 2 0 0 N
17 24 1 1 N
27 5 2 0 N
27 8 0 2 N
27 21 1 1 N
5 4 1 1 N
5 37 0 0 N
5 9 2 2 N
4 44 1 0 N
4 16 2 2 N
4 29 0 1 N
44 46 0 1 N
44 20 2 2 N
44 30 1 0 N
46 19 0 0 N
46 19 1 1 N
46 34 2 2 N
19 13 0 2 N
19 18 2 1 N
19 12 1 0 N
13 18 0 0 N
13 33 2 2 N
13 19 1 1 N
18 21 0 0 N
18 24 1 1 N
18 12 2 2 N
21 12 2 2 N
21 17 1 0 N
21 30 0 1 N
12 46 0 0 N
12 18 2 2 N
12 1 1 1 N
