21 3 1 0 S
21 22 0 2 S
21 34 2 1 S
3 34 2 0 N
3 20 1 2 N
3 5 0 1 N
34 23 2 2 N
34 22 1 0 N
34 39 0 1 N
23 25 0 1 N
23 27 2 0 N
23 46 1 2 N
25 39 0 1 N
25 2 2 0 N
25 29 1 2 N
39 26 0 2 N
39 1 1 1 N
39 39 2 0 N
26 40 2 1 N
26 31 0 2 N
26 2 1 0 N
40 14 1 1 N
40 5 0 2 N
40 26 2 0 N
14 44 2 0 N
14 29 1 1 N
14 4 0 2 N
44 12 0 1 N
44 40 2 2 N
44 25 1 0 N
12 18 0 2 N
12 5 1 1 N
12 0 2 0 N
18 19 1 2 N
18 20 0 0 N
18 38 2 1 N
19 29 1 1 N
19 15 0 0 N
19 6 2 2 N
29 9 2 1 N
29 12 0 0 N
29 21 1 2 N
9 6 1 1 N
9 16 0 0 N
9 6 2 2 N
6 17 2 2 N
6 11 1 1 N
6 21 0 0 N
17 22 0 1 N
17 19 2 2 N
17 16 1 0 N
22 11 2 0 N
22 34 0 2 N
22 29 1 1 N
11 4 2 2 N
11 35 0 0 N
11 14 1 1 N
4 31 1 2 N
4 25 2 1 N
4 34 0 0 N
31 8 0 2 N
31 46 1 1 N
31 1 2 0 N
8 28 2 1 N
8 4 1 2 N
8 26 0 0 N
28 42 2 0 N
28 20 0 1 N
28 38 1 2 N
42 20 1 1 N
42 34 2 2 N
42 38 0 0 N
20 15 2 2 N
20 14 1 0 N
20 38 0 1 N
15 35 1 0 N
15 21 2 1 N
15 5 0 2 N
35 41 1 0 N
35 43 0 2 N
35 4 2 1 N
41 27 0 1 N
41 4 2 2 N
41 5 1 0 N
27 10 2 2 N
27 18 0 0 N
27 4 1 1 N
10 24 1 0 N
10 29 2 2 N
10 38 0 1 N
24 5 0 2 N
24 16 1 0 N
24 34 2 1 N
5 32 2 2 N
5 21 1 0 N
5 14 0 1 N
32 38 0 2 N
32 17 1 0 N
32 22 2 1 N
38 0 0 2 N
38 42 1 0 N
38 39 2 1 N
0 30 1 2 N
0 34 0 1 N
0 38 2 0 N
30 13 0 0 N
30 39 2 2 N
30 33 1 1 N
13 45 1 0 N
13 1 2 2 N
13 34 0 1 N
45 46 2 2 N
45 35 0 0 N
45 3 1 1 N
46 7 0 0 N
46 1 1 2 N
46 31 2 1 N
7 36 1 1 N
7 40 0 2 N
7 20 2 0 N
36 2 1 1 N
36 37 2 0 N
36 22 0 2 N
2 33 2 0 N
2 20 1 2 N
2 35 0 1 N
33 43 0 1 N
33 15 1 0 N
33 14 2 2 N
43 16 1 0 N
43 4 0 2 N
43 21 2 1 N
16 37 1 2 N
16 44 2 1 N
16 35 0 0 N
37 1 2 2 N
37 23 1 1 N
37 23 0 0 N
1 14 0 0 N
1 34 2 1 N
1 34 1 2 N
