6 19 1 1 S
6 9 2 0 S
6 7 0 2 S
19 29 0 0 N
19 13 1 1 N
19 28 2 2 N
29 32 2 1 N
29 5 0 2 N
29 28 1 0 N
32 20 1 1 N
32 36 0 0 N
32 29 2 2 N
20 9 1 0 N
20 18 0 1 N
20 26 2 2 N
9 14 1 0 N
9 27 2 1 N
9 16 0 2 N
14 4 2 2 N
14 25 1 0 N
14 9 0 1 N
4 18 0 2 N
4 34 1 0 N
4 15 2 1 N
18 25 0 0 N
18 3 2 1 N
18 31 1 2 N
25 1 2 0 N
25 11 1 1 N
25 33 0 2 N
1 31 0 2 N
1 32 2 0 N
1 25 1 1 N
31 33 2 1 N
31 33 0 2 N
31 19 1 0 N
33 22 0 2 N
33 28 2 1 N
33 36 1 0 N
22 26 1 1 N
22 9 2 0 N
22 25 0 2 N
26 35 2 2 N
26 21 1 1 N
26 29 0 0 N
35 11 1 2 N
35 13 2 0 N
35 16 0 1 N
11 13 0 2 N
11 17 1 0 N
11 19 2 1 N
13 0 0 2 N
13 5 1 0 N
13 36 2 1 N
0 28 0 1 N
0 3 2 2 N
0 33 1 0 N
28 16 0 0 N
28 14 2 2 N
28 36 1 1 N
16 5 2 1 N
16 34 0 2 N
16 19 1 0 N
5 2 0 1 N
5 22 2 2 N
5 17 1 0 N
2 12 0 0 N
2 11 2 2 N
2 17 1 1 N
12 27 1 2 N
12 5 0 1 N
12 22 2 0 N
27 23 1 0 N
27 3 2 1 N
27 32 0 2 N
23 10 2 0 N
23 7 0 2 N
23 22 1 1 N
10 21 0 0 N
10 13 1 1 N
10 21 2 2 N
21 17 0 1 N
21 36 1 0 N
21 3 2 2 N
17 34 2 2 N
17 35 0 1 N
17 3 1 0 N
34 36 2 1 N
34 4 1 2 N
34 36 0 0 N
36 24 0 0 N
36 36 2 2 N
36 36 1 1 N
24 30 1 0 N
24 25 2 1 N
24 11 0 2 N
30 8 2 2 N
30 13 0 1 N
30 15 1 0 N
8 15 2 2 N
8 26 0 0 N
8 30 1 1 N
15 7 0 1 N
15 10 2 2 N
15 19 1 0 N
7 3 0 1 N
7 32 1 0 N
7 33 2 2 N
3 24 1 2 N
3 30 0 0 N
3 28 2 1 N
