12 36 2 1 S
12 17 1 2 S
12 10 0 0 S
36 19 0 1 N
36 4 2 0 N
36 15 1 2 N
19 35 2 0 N
19 11 0 2 N
19 17 1 1 N
35 20 0 1 N
35 32 1 2 N
35 23 2 0 N
20 13 1 1 N
20 28 2 0 N
20 27 0 2 N
13 18 0 1 N
13 6 2 2 N
13 6 1 0 N
18 6 0 2 N
18 6 2 0 N
18 6 1 1 N
6 14 2 2 N
6 28 1 0 N
6 30 0 1 N
14 15 2 2 N
14 17 1 0 N
14 18 0 1 N
15 5 1 0 N
15 36 0 2 N
15 13 2 1 N
5 2 2 2 N
5 27 0 0 N
5 9 1 1 N
2 27 0 2 N
2 15 2 1 N
2 22 1 0 N
27 28 1 0 N
27 19 0 1 N
27 28 2 2 N
28 23 0 0 N
28 21 1 1 N
28 6 2 2 N
23 9 1 2 N
23 4 0 1 N
23 24 2 0 N
9 25 2 0 N
9 24 0 2 N
9 6 1 1 N
25 16 0 1 N
25 8 2 2 N
25 31 1 0 N
16 8 0 2 N
16 17 1 0 N
16 30 2 1 N
8 30 2 2 N
8 23 1 0 N
8 24 0 1 N
30 4 1 2 N
30 14 2 0 N
30 30 0 1 N
4 24 0 1 N
4 12 1 0 N
4 21 2 2 N
24 33 1 1 N
24 18 0 0 N
24 30 2 2 N
33 10 1 1 N
33 16 0 2 N
33 32 2 0 N
10 3 0 1 N
10 30 2 2 N
10 28 1 0 N
3 7 2 1 N
3 10 0 2 N
3 28 1 0 N
7 1 0 2 N
7 4 2 0 N
7 0 1 1 N
1 34 1 0 N
1 10 2 2 N
1 34 0 1 N
34 0 0 2 N
34 4 1 0 N
34 10 2 1 N
0 17 1 1 N
0 14 0 0 N
0 28 2 2 N
17 21 1 2 N
17 24 2 0 N
17 21 0 1 N
21 11 0 0 N
21 8 1 2 N
21 30 2 1 N
11 31 1 2 N
11 24 0 1 N
11 21 2 0 N
31 22 1 2 N
31 9 2 0 N
31 15 0 1 N
22 29 0 1 N
22 6 2 0 N
22 30 1 2 N
29 26 2 2 N
29 10 1 1 N
29 7 0 0 N
26 32 1 1 N
26 13 0 2 N
26 22 2 0 N
32 4 2 2 N
32 15 1 0 N
32 21 0 1 N
