8 0 1 1 S
8 22 2 0 S
8 23 0 2 S
0 15 2 0 N
0 15 0 2 N
0 23 1 1 N
15 2 0 2 N
15 0 2 0 N
15 6 1 1 N
2 10 1 1 N
2 1 0 2 N
2 7 2 0 N
10 17 2 2 N
10 36 1 1 N
10 24 0 0 N
17 12 1 1 N
17 3 2 0 N
17 20 0 2 N
12 23 2 1 N
12 2 0 2 N
12 32 1 0 N
23 4 2 1 N
23 2 1 2 N
23 27 0 0 N
4 29 1 2 N
4 32 2 0 N
4 7 0 1 N
29 18 0 0 N
29 10 1 2 N
29 36 2 1 N
18 32 2 0 N
18 1 1 1 N
18 9 0 2 N
32 9 1 0 N
32 7 0 1 N
32 7 2 2 N
9 22 0 0 N
9 28 1 2 N
9 32 2 1 N
22 19 2 0 N
22 35 0 2 N
22 9 1 1 N
19 11 1 2 N
19 31 0 0 N
19 4 2 1 N
11 6 2 0 N
11 30 1 1 N
11 13 0 2 N
6 35 1 1 N
6 12 2 0 N
6 20 0 2 N
35 24 0 1 N
35 27 2 0 N
35 23 1 2 N
24 31 0 1 N
24 12 1 0 N
24 35 2 2 N
31 3 2 1 N
31 23 0 2 N
31 16 1 0 N
3 7 0 2 N
3 0 2 1 N
3 6 1 0 N
7 21 0 2 N
7 27 1 1 N
7 7 2 0 N
21 5 0 2 N
21 12 1 1 N
21 16 2 0 N
5 36 2 1 N
5 35 0 2 N
5 23 1 0 N
36 14 2 1 N
36 3 1 0 N
36 17 0 2 N
14 25 0 1 N
14 8 1 0 N
14 7 2 2 N
25 30 0 1 N
25 23 1 2 N
25 23 2 0 N
30 27 0 1 N
30 32 2 0 N
30 3 1 2 N
27 13 0 2 N
27 32 1 1 N
27 20 2 0 N
13 20 1 0 N
13 35 0 2 N
13 31 2 1 N
20 16 2 2 N
20 12 0 0 N
20 7 1 1 N
16 1 2 0 N
16 4 0 2 N
16 2 1 1 N
1 33 1 1 N
1 2 2 0 N
1 20 0 2 N
33 26 0 1 N
33 34 1 2 N
33 15 2 0 N
26 28 1 1 N
26 21 0 0 N
26 34 2 2 N
28 34 2 1 N
28 13 0 0 N
28 35 1 2 N
34 13 2 0 N
34 30 0 2 N
34 32 1 1 N
