32 35 2 0 S
32 16 0 2 S
32 34 1 1 S
35 0 0 1 N
35 6 1 2 N
35 4 2 0 N
0 5 1 2 N
0 14 0 1 N
0 33 2 0 N
5 34 2 2 N
5 19 0 0 N
5 25 1 1 N
34 4 2 2 N
34 5 0 0 N
34 26 1 1 N
4 10 1 2 N
4 15 2 0 N
4 21 0 1 N
10 33 1 2 N
10 20 2 0 N
10 20 0 1 N
33 17 1 1 N
33 15 2 0 N
33 20 0 2 N
17 22 0 1 N
17 11 2 0 N
17 9 1 2 N
22 1 1 0 N
22 1 2 2 N
22 5 0 1 N
1 11 2 2 N
1 20 1 0 N
1 10 0 1 N
11 12 0 0 N
11 21 2 1 N
11 36 1 2 N
12 3 2 0 N
12 19 1 1 N
12 13 0 2 N
3 16 2 1 N
3 5 1 0 N
3 13 0 2 N
16 29 2 0 N
16 13 0 1 N
16 31 1 2 N
29 7 1 1 N
29 17 2 0 N
29 34 0 2 N
7 28 0 2 N
7 10 1 1 N
7 1 2 0 N
28 25 2 2 N
28 21 1 0 N
28 10 0 1 N
25 21 1 1 N
25 27 0 0 N
25 25 2 2 N
21 14 0 2 N
21 8 2 1 N
21 26 1 0 N
14 19 1 2 N
14 22 0 1 N
14 11 2 0 N
19 24 2 2 N
19 0 1 0 N
19 0 0 1 N
24 23 0 1 N
24 7 2 0 N
24 14 1 2 N
23 2 2 0 N
23 36 0 2 N
23 33 1 1 N
2 27 0 1 N
2 9 2 0 N
2 27 1 2 N
27 13 2 1 N
27 9 0 2 N
27 0 1 0 N
13 9 0 0 N
13 7 2 1 N
13 27 1 2 N
9 26 0 0 N
9 33 2 1 N
9 14 1 2 N
26 36 2 1 N
26 10 1 0 N
26 33 0 2 N
36 30 1 2 N
36 29 0 1 N
36 15 2 0 N
30 6 0 1 N
30 14 2 2 N
30 13 1 0 N
6 31 1 2 N
6 34 0 0 N
6 1 2 1 N
31 8 0 2 N
31 35 2 0 N
31 27 1 1 N
8 15 2 2 N
8 31 1 0 N
8 15 0 1 N
15 18 1 1 N
15 9 0 2 N
15 6 2 0 N
18 20 0 0 N
18 13 1 2 N
18 20 2 1 N
20 10 2 1 N
20 25 0 0 N
20 25 1 2 N
