20 30 1 2 S
20 29 0 0 S
20 9 2 1 S
30 1 1 0 N
30 2 2 1 N
30 26 0 2 N
1 9 1 0 N
1 15 2 1 N
1 27 0 2 N
9 13 2 2 N
9 23 0 0 N
9 25 1 1 N
13 33 1 2 N
13 36 2 1 N
13 19 0 0 N
33 32 2 0 N
33 11 1 1 N
33 36 0 2 N
32 19 0 0 N
32 29 2 2 N
32 30 1 1 N
19 5 1 0 N
19 26 0 1 N
19 26 2 2 N
5 6 1 1 N
5 14 0 2 N
5 17 2 0 N
6 17 0 0 N
6 23 1 2 N
6 12 2 1 N
17 3 1 0 N
17 15 0 1 N
17 36 2 2 N
3 7 1 0 N
3 5 2 2 N
3 15 0 1 N
7 22 0 1 N
7 6 2 0 N
7 23 1 2 N
22 2 1 2 N
22 12 2 0 N
22 32 0 1 N
2 24 2 2 N
2 14 0 1 N
2 20 1 0 N
24 27 0 1 N
24 2 2 2 N
24 19 1 0 N
27 29 0 2 N
27 0 1 1 N
27 36 2 0 N
29 11 1 0 N
29 1 0 1 N
29 1 2 2 N
11 4 0 0 N
11 8 2 2 N
11 13 1 1 N
4 28 1 2 N
4 35 2 1 N
4 33 0 0 N
28 10 1 0 N
28 17 2 2 N
28 26 0 1 N
10 21 1 0 N
10 35 2 1 N
10 12 0 2 N
21 26 0 2 N
21 22 1 0 N
21 27 2 1 N
26 0 1 1 N
26 20 2 2 N
26 36 0 0 N
0 35 0 2 N
0 17 1 0 N
0 36 2 1 N
35 16 1 2 N
35 16 2 0 N
35 17 0 1 N
16 14 2 0 N
16 22 0 1 N
16 18 1 2 N
14 25 1 0 N
14 25 0 1 N
14 1 2 2 N
25 36 0 1 N
25 0 2 2 N
25 3 1 0 N
36 15 2 2 N
36 33 1 0 N
36 36 0 1 N
15 23 2 1 N
15 18 1 0 N
15 27 0 2 N
23 18 2 0 N
23 14 0 2 N
23 21 1 1 N
18 31 0 0 N
18 33 2 2 N
18 29 1 1 N
31 8 2 0 N
31 18 1 2 N
31 28 0 1 N
8 12 1 0 N
8 35 0 1 N
8 2 2 2 N
12 34 2 2 N
12 28 0 0 N
12 1 1 1 N
34 2 2 0 N
34 20 0 1 N
34 17 1 2 N
