9 20 1 2 S
9 8 0 1 S
9 11 2 0 S
20 24 2 2 N
20 12 1 1 N
20 24 0 0 N
24 8 0 2 N
24 32 2 0 N
24 17 1 1 N
8 35 2 0 N
8 34 0 1 N
8 26 1 2 N
35 4 0 0 N
35 4 1 2 N
35 32 2 1 N
4 22 2 1 N
4 36 1 2 N
4 24 0 0 N
22 5 2 1 N
22 31 0 0 N
22 30 1 2 N
5 13 0 0 N
5 7 2 2 N
5 17 1 1 N
13 26 0 0 N
13 24 2 1 N
13 31 1 2 N
26 27 1 1 N
26 32 2 2 N
26 11 0 0 N
27 28 2 0 N
27 13 1 1 N
27 7 0 2 N
28 19 0 2 N
28 5 1 1 N
28 10 2 0 N
19 32 0 1 N
19 34 2 2 N
19 5 1 0 N
32 10 2 2 N
32 29 1 1 N
32 0 0 0 N
10 15 0 0 N
10 18 2 2 N
10 17 1 1 N
15 6 0 0 N
15 4 1 2 N
15 31 2 1 N
6 31 0 0 N
6 31 2 1 N
6 26 1 2 N
31 21 0 1 N
31 24 2 2 N
31 18 1 0 N
21 0 1 0 N
21 13 0 2 N
21 20 2 1 N
0 16 2 0 N
0 36 0 2 N
0 19 1 1 N
16 18 1 0 N
16 21 2 1 N
16 19 0 2 N
18 11 2 0 N
18 30 0 2 N
18 5 1 1 N
11 7 2 1 N
11 1 0 2 N
11 19 1 0 N
7 29 0 0 N
7 32 1 2 N
7 18 2 1 N
29 33 1 0 N
29 7 0 1 N
29 26 2 2 N
33 14 1 0 N
33 17 2 1 N
33 17 0 2 N
14 2 1 2 N
14 36 2 0 N
14 13 0 1 N
2 17 0 2 N
2 5 2 0 N
2 11 1 1 N
17 1 0 0 N
17 18 1 2 N
17 17 2 1 N
1 30 2 1 N
1 7 1 0 N
1 18 0 2 N
30 12 1 1 N
30 34 0 2 N
30 9 2 0 N
12 3 0 0 N
12 24 2 1 N
12 31 1 2 N
3 25 2 2 N
3 19 0 1 N
3 6 1 0 N
25 23 0 1 N
25 10 2 0 N
25 0 1 2 N
23 34 2 1 N
23 19 1 2 N
23 19 0 0 N
34 36 1 2 N
34 11 2 0 N
34 19 0 1 N
36 1 0 2 N
36 17 1 0 N
36 5 2 1 N
