28 35 0 0 S
28 12 2 1 S
28 16 1 2 S
35 20 2 0 N
35 24 1 2 N
35 18 0 1 N
20 14 0 0 N
20 17 2 1 N
20 11 1 2 N
14 10 2 0 N
14 0 0 1 N
14 0 1 2 N
10 34 0 1 N
10 35 2 0 N
10 15 1 2 N
34 31 0 2 N
34 23 1 1 N
34 3 2 0 N
31 12 0 0 N
31 24 2 2 N
31 23 1 1 N
12 30 2 2 N
12 34 0 0 N
12 31 1 1 N
30 33 0 2 N
30 2 2 1 N
30 18 1 0 N
33 23 0 0 N
33 11 2 1 N
33 7 1 2 N
23 27 2 2 N
23 29 0 0 N
23 0 1 1 N
27 6 0 0 N
27 13 2 2 N
27 31 1 1 N
6 2 1 0 N
6 15 0 1 N
6 9 2 2 N
2 32 2 2 N
2 6 1 0 N
2 24 0 1 N
32 16 2 1 N
32 36 0 0 N
32 34 1 2 N
16 5 2 1 N
16 36 0 2 N
16 36 1 0 N
5 17 1 0 N
5 10 2 2 N
5 0 0 1 N
17 8 2 0 N
17 4 1 2 N
17 31 0 1 N
8 1 2 1 N
8 30 1 0 N
8 21 0 2 N
1 21 0 1 N
1 0 1 0 N
1 23 2 2 N
21 7 2 0 N
21 7 0 1 N
21 18 1 2 N
7 36 2 2 N
7 5 1 0 N
7 0 0 1 N
36 0 0 1 N
36 11 1 2 N
36 25 2 0 N
0 3 0 1 N
0 3 2 0 N
0 25 1 2 N
3 24 0 2 N
3 25 1 1 N
3 25 2 0 N
24 15 1 0 N
24 32 0 1 N
24 5 2 2 N
15 13 2 1 N
15 23 0 2 N
15 11 1 0 N
13 19 2 1 N
13 4 0 0 N
13 11 1 2 N
19 11 0 2 N
19 18 1 1 N
19 31 2 0 N
11 4 2 2 N
11 36 0 0 N
11 34 1 1 N
4 25 2 2 N
4 36 1 1 N
4 1 0 0 N
25 26 0 2 N
25 3 2 1 N
25 25 1 0 N
26 29 2 0 N
26 15 0 1 N
26 28 1 2 N
29 22 0 1 N
29 24 1 0 N
29 34 2 2 N
22 18 2 1 N
22 34 1 0 N
22 11 0 2 N
18 9 2 0 N
18 9 1 1 N
18 32 0 2 N
9 31 0 0 N
9 18 2 2 N
9 11 1 1 N
