21 15 2 1 S
21 7 0 0 S
21 28 1 2 S
15 26 2 2 N
15 9 0 0 N
15 30 1 1 N
26 35 2 0 N
26 3 1 2 N
26 35 0 1 N
35 27 1 0 N
35 19 2 2 N
35 9 0 1 N
27 33 1 0 N
27 9 0 1 N
27 19 2 2 N
33 22 0 1 N
33 29 1 2 N
33 30 2 0 N
22 4 0 1 N
22 5 1 0 N
22 30 2 2 N
4 19 1 0 N
4 15 2 1 N
4 30 0 2 N
19 30 1 1 N
19 18 2 0 N
19 33 0 2 N
30 9 1 1 N
30 9 2 0 N
30 18 0 2 N
9 6 1 2 N
9 34 2 0 N
9 18 0 1 N
6 13 2 0 N
6 28 0 2 N
6 17 1 1 N
13 18 2 1 N
13 25 1 2 N
13 33 0 0 N
18 11 0 2 N
18 27 2 1 N
18 18 1 0 N
11 17 0 0 N
11 20 2 2 N
11 30 1 1 N
17 12 2 2 N
17 34 1 1 N
17 32 0 0 N
12 2 2 1 N
12 2 1 0 N
12 20 0 2 N
2 20 0 2 N
2 23 2 0 N
2 3 1 1 N
20 0 2 2 N
20 2 0 1 N
20 13 1 0 N
0 24 2 0 N
0 30 1 1 N
0 18 0 2 N
24 1 0 1 N
24 15 2 2 N
24 2 1 0 N
1 29 1 1 N
1 0 2 2 N
1 9 0 0 N
29 34 2 0 N
29 13 0 2 N
29 27 1 1 N
34 8 0 2 N
34 11 2 0 N
34 30 1 1 N
8 25 0 2 N
8 19 1 1 N
8 22 2 0 N
25 16 1 1 N
25 20 0 2 N
25 13 2 0 N
16 3 2 0 N
16 11 0 2 N
16 9 1 1 N
3 10 2 0 N
3 8 1 2 N
3 19 0 1 N
10 14 2 2 N
10 23 1 0 N
10 15 0 1 N
14 5 2 2 N
14 4 1 0 N
14 28 0 1 N
5 23 0 2 N
5 15 2 1 N
5 33 1 0 N
23 7 1 2 N
23 14 2 0 N
23 25 0 1 N
7 36 2 0 N
7 9 1 2 N
7 27 0 1 N
36 28 2 1 N
36 16 0 0 N
36 29 1 2 N
28 31 2 1 N
28 19 1 2 N
28 26 0 0 N
31 32 0 2 N
31 26 1 1 N
31 5 2 0 N
32 15 2 0 N
32 22 0 1 N
32 20 1 2 N
