15 3 1 1 S
15 28 0 2 S
15 36 2 0 S
3 9 2 2 N
3 6 0 1 N
3 14 1 0 N
9 33 1 0 N
9 12 0 2 N
9 14 2 1 N
33 17 1 2 N
33 28 2 1 N
33 30 0 0 N
17 20 0 2 N
17 31 2 0 N
17 34 1 1 N
20 27 1 0 N
20 36 2 2 N
20 16 0 1 N
27 2 0 0 N
27 35 2 2 N
27 5 1 1 N
2 13 2 0 N
2 1 1 2 N
2 14 0 1 N
13 32 2 0 N
13 17 1 2 N
13 26 0 1 N
32 16 0 2 N
32 10 1 0 N
32 2 2 1 N
16 14 1 0 N
16 34 0 1 N
16 8 2 2 N
14 0 0 2 N
14 3 2 1 N
14 34 1 0 N
0 7 0 2 N
0 12 2 0 N
0 8 1 1 N
7 12 1 0 N
7 25 2 2 N
7 31 0 1 N
12 21 2 2 N
12 14 0 0 N
12 0 1 1 N
21 34 2 1 N
21 27 0 0 N
21 26 1 2 N
34 4 0 0 N
34 3 2 2 N
34 11 1 1 N
4 30 0 2 N
4 25 2 1 N
4 0 1 0 N
30 26 2 2 N
30 11 1 0 N
30 34 0 1 N
26 11 0 0 N
26 16 1 2 N
26 34 2 1 N
11 18 0 0 N
11 8 2 2 N
11 8 1 1 N
18 1 0 1 N
18 2 1 2 N
18 31 2 0 N
1 6 1 0 N
1 16 2 1 N
1 20 0 2 N
6 25 2 0 N
6 8 0 1 N
6 34 1 2 N
25 10 2 1 N
25 6 0 2 N
25 2 1 0 N
10 19 0 0 N
10 32 2 2 N
10 30 1 1 N
19 28 2 1 N
19 9 0 2 N
19 2 1 0 N
28 31 0 0 N
28 30 2 1 N
28 8 1 2 N
31 24 1 2 N
31 7 0 0 N
31 23 2 1 N
24 36 0 0 N
24 9 1 2 N
24 35 2 1 N
36 22 1 2 N
36 31 2 1 N
36 11 0 0 N
22 8 2 0 N
22 11 0 1 N
22 6 1 2 N
8 5 0 1 N
8 34 1 2 N
8 8 2 0 N
5 29 2 0 N
5 30 0 2 N
5 34 1 1 N
29 35 2 1 N
29 13 0 2 N
29 22 1 0 N
35 23 0 0 N
35 29 1 2 N
35 7 2 1 N
23 12 0 2 N
23 30 2 1 N
23 11 1 0 N
