10 4 1 0 S
10 15 0 1 S
10 35 2 2 S
4 18 2 1 N
4 2 0 2 N
4 26 1 0 N
18 23 1 1 N
18 8 0 2 N
18 14 2 0 N
23 15 0 0 N
23 7 1 1 N
23 30 2 2 N
15 0 0 0 N
15 25 1 1 N
15 23 2 2 N
0 6 0 0 N
0 33 1 2 N
0 5 2 1 N
6 5 0 1 N
6 16 1 2 N
6 20 2 0 N
5 28 2 2 N
5 29 0 1 N
5 35 1 0 N
28 7 1 2 N
28 7 0 0 N
28 2 2 1 N
7 17 2 2 N
7 6 1 0 N
7 6 0 1 N
17 27 2 1 N
17 32 0 2 N
17 33 1 0 N
27 1 1 1 N
27 18 0 0 N
27 29 2 2 N
1 34 2 1 N
1 11 1 2 N
1 18 0 0 N
34 31 1 0 N
34 33 2 1 N
34 26 0 2 N
31 21 0 1 N
31 30 1 0 N
31 23 2 2 N
21 12 0 1 N
21 5 1 0 N
21 7 2 2 N
12 32 1 0 N
12 27 0 2 N
12 24 2 1 N
32 14 2 2 N
32 18 1 1 N
32 9 0 0 N
14 9 1 0 N
14 36 0 2 N
14 34 2 1 N
9 26 1 1 N
9 14 2 0 N
9 7 0 2 N
26 22 2 1 N
26 9 0 0 N
26 6 1 2 N
22 20 2 1 N
22 33 1 0 N
22 16 0 2 N
20 29 2 0 N
20 12 0 1 N
20 20 1 2 N
29 16 2 1 N
29 23 0 2 N
29 33 1 0 N
16 11 0 0 N
16 7 1 1 N
16 29 2 2 N
11 24 0 2 N
11 17 1 1 N
11 24 2 0 N
24 35 1 0 N
24 36 2 1 N
24 17 0 2 N
35 36 0 2 N
35 33 1 0 N
35 6 2 1 N
36 3 1 2 N
36 17 2 1 N
36 20 0 0 N
3 2 1 1 N
3 36 0 2 N
3 33 2 0 N
2 13 0 0 N
2 26 2 1 N
2 9 1 2 N
13 30 0 2 N
13 29 1 0 N
13 23 2 1 N
30 8 2 2 N
30 17 0 1 N
30 7 1 0 N
8 25 2 0 N
8 36 1 1 N
8 24 0 2 N
25 19 2 0 N
25 27 0 1 N
25 28 1 2 N
19 33 1 0 N
19 11 0 1 N
19 6 2 2 N
33 26 2 0 N
33 20 0 2 N
33 20 1 1 N
