32 6 2 2 S
32 23 0 0 S
32 11 1 1 S
6 11 1 0 N
6 36 0 1 N
6 17 2 2 N
11 20 0 0 N
11 12 2 1 N
11 36 1 2 N
20 18 1 1 N
20 23 0 2 N
20 23 2 0 N
18 0 0 0 N
18 28 1 1 N
18 5 2 2 N
0 7 1 1 N
0 17 2 2 N
0 23 0 0 N
7 26 2 0 N
7 10 0 1 N
7 12 1 2 N
26 31 0 0 N
26 19 1 2 N
26 12 2 1 N
31 9 2 2 N
31 33 0 0 N
31 3 1 1 N
9 16 0 2 N
9 30 2 1 N
9 20 1 0 N
16 24 1 0 N
16 12 2 1 N
16 0 0 2 N
24 30 1 1 N
24 3 0 2 N
24 26 2 0 N
30 5 0 2 N
30 20 1 1 N
30 25 2 0 N
5 10 1 0 N
5 35 0 1 N
5 20 2 2 N
10 23 0 1 N
10 0 1 2 N
10 26 2 0 N
23 15 1 2 N
23 12 2 1 N
23 19 0 0 N
15 12 0 0 N
15 27 1 1 N
15 12 2 2 N
12 3 2 1 N
12 11 0 2 N
12 19 1 0 N
3 29 0 1 N
3 2 2 0 N
3 19 1 2 N
29 4 0 0 N
29 4 1 2 N
29 15 2 1 N
4 35 1 0 N
4 20 2 2 N
4 27 0 1 N
35 1 1 1 N
35 22 2 0 N
35 12 0 2 N
1 27 0 1 N
1 21 2 2 N
1 29 1 0 N
27 17 0 2 N
27 15 2 1 N
27 20 1 0 N
17 8 0 0 N
17 33 1 1 N
17 25 2 2 N
8 28 1 2 N
8 29 0 0 N
8 17 2 1 N
28 34 2 1 N
28 18 1 2 N
28 17 0 0 N
34 21 1 1 N
34 19 0 0 N
34 2 2 2 N
21 25 1 2 N
21 9 2 0 N
21 18 0 1 N
25 14 2 1 N
25 5 1 0 N
25 27 0 2 N
14 13 0 0 N
14 26 2 1 N
14 27 1 2 N
13 36 2 0 N
13 4 1 2 N
13 36 0 1 N
36 2 1 0 N
36 5 2 2 N
36 27 0 1 N
2 19 2 0 N
2 34 0 2 N
2 0 1 1 N
19 33 0 0 N
19 25 1 1 N
19 19 2 2 N
33 22 2 1 N
33 0 0 0 N
33 0 1 2 N
22 2 2 2 N
22 18 1 0 N
22 26 0 1 N
