14 15 2 0 S
14 23 1 1 S
14 35 0 2 S
15 17 0 1 N
15 11 1 2 N
15 0 2 0 N
17 4 0 0 N
17 9 2 2 N
17 11 1 1 N
4 10 0 1 N
4 18 2 0 N
4 19 1 2 N
10 21 1 1 N
10 6 0 0 N
10 36 2 2 N
21 20 2 2 N
21 12 0 0 N
21 24 1 1 N
20 23 0 0 N
20 18 2 2 N
20 11 1 1 N
23 18 0 0 N
23 20 1 1 N
23 17 2 2 N
18 9 1 0 N
18 13 2 1 N
18 19 0 2 N
9 36 2 1 N
9 3 1 0 N
9 11 0 2 N
36 1 1 0 N
36 6 0 2 N
36 11 2 1 N
1 30 2 2 N
1 4 0 0 N
1 22 1 1 N
30 29 0 1 N
30 26 2 2 N
30 19 1 0 N
29 11 0 1 N
29 3 1 2 N
29 11 2 0 N
11 7 1 0 N
11 29 0 1 N
11 0 2 2 N
7 3 0 1 N
7 16 2 2 N
7 5 1 0 N
3 33 1 0 N
3 19 0 2 N
3 20 2 1 N
33 24 0 0 N
33 21 2 2 N
33 5 1 1 N
24 8 2 2 N
24 12 1 0 N
24 6 0 1 N
8 2 2 2 N
8 36 1 0 N
8 11 0 1 N
2 5 0 1 N
2 4 2 0 N
2 34 1 2 N
5 35 0 1 N
5 12 2 2 N
5 32 1 0 N
35 25 2 1 N
35 10 0 0 N
35 22 1 2 N
25 16 2 2 N
25 24 0 0 N
25 4 1 1 N
16 0 0 2 N
16 2 1 1 N
16 19 2 0 N
0 31 0 0 N
0 0 2 1 N
0 0 1 2 N
31 12 1 1 N
31 22 0 0 N
31 16 2 2 N
12 26 2 2 N
12 25 0 0 N
12 34 1 1 N
26 13 0 2 N
26 5 1 1 N
26 36 2 0 N
13 27 0 2 N
13 30 1 0 N
13 27 2 1 N
27 6 2 2 N
27 2 1 0 N
27 30 0 1 N
6 22 1 1 N
6 34 0 0 N
6 20 2 2 N
22 28 0 2 N
22 20 2 0 N
22 34 1 1 N
28 34 1 0 N
28 8 2 1 N
28 12 0 2 N
34 32 1 1 N
34 29 0 0 N
34 0 2 2 N
32 19 1 2 N
32 16 2 0 N
32 0 0 1 N
19 24 1 1 N
19 20 0 2 N
19 11 2 0 N
