33 17 1 2 S
33 7 2 1 S
33 34 0 0 S
17 1 1 1 N
17 19 0 0 N
17 20 2 2 N
1 25 1 1 N
1 25 0 2 N
1 14 2 0 N
25 0 2 0 N
25 4 0 1 N
25 34 1 2 N
0 32 1 0 N
0 26 2 2 N
0 20 0 1 N
32 26 1 0 N
32 22 2 2 N
32 13 0 1 N
26 31 2 2 N
26 22 1 1 N
26 22 0 0 N
31 7 0 0 N
31 25 2 1 N
31 21 1 2 N
7 5 1 2 N
7 9 0 0 N
7 16 2 1 N
5 12 2 1 N
5 26 1 2 N
5 15 0 0 N
12 35 1 0 N
12 34 0 1 N
12 20 2 2 N
35 20 0 1 N
35 3 2 0 N
35 20 1 2 N
20 11 2 0 N
20 6 0 2 N
20 5 1 1 N
11 28 0 0 N
11 15 2 1 N
11 14 1 2 N
28 23 1 2 N
28 16 0 0 N
28 22 2 1 N
23 3 1 0 N
23 35 0 2 N
23 4 2 1 N
3 29 1 0 N
3 5 0 2 N
3 15 2 1 N
29 30 0 1 N
29 30 1 2 N
29 27 2 0 N
30 9 0 1 N
30 29 2 2 N
30 22 1 0 N
9 22 0 2 N
9 2 2 0 N
9 13 1 1 N
22 19 1 1 N
22 6 2 0 N
22 5 0 2 N
19 36 1 0 N
19 16 0 2 N
19 15 2 1 N
36 24 2 1 N
36 24 1 2 N
36 15 0 0 N
24 16 0 2 N
24 26 1 0 N
24 11 2 1 N
16 15 2 0 N
16 35 1 2 N
16 15 0 1 N
15 2 1 0 N
15 5 2 2 N
15 15 0 1 N
2 18 2 0 N
2 7 1 1 N
2 32 0 2 N
18 14 1 0 N
18 9 0 2 N
18 4 2 1 N
14 6 1 0 N
14 16 0 1 N
14 36 2 2 N
6 8 1 2 N
6 2 2 0 N
6 36 0 1 N
8 13 2 0 N
8 12 1 1 N
8 3 0 2 N
13 27 1 2 N
13 12 2 0 N
13 20 0 1 N
27 21 0 2 N
27 32 2 0 N
27 15 1 1 N
21 10 0 1 N
21 25 1 2 N
21 20 2 0 N
10 34 0 2 N
10 27 1 1 N
10 22 2 0 N
34 4 0 1 N
34 15 1 0 N
34 3 2 2 N
4 8 1 0 N
4 3 0 1 N
4 30 2 2 N
