15 8 0 2 S
15 18 2 1 S
15 11 1 0 S
8 16 2 0 N
8 1 0 1 N
8 17 1 2 N
16 35 0 1 N
16 9 1 2 N
16 6 2 0 N
35 20 0 2 N
35 4 1 1 N
35 26 2 0 N
20 30 0 2 N
20 30 2 0 N
20 17 1 1 N
30 26 1 1 N
30 27 0 2 N
30 27 2 0 N
26 13 1 1 N
26 4 2 2 N
26 27 0 0 N
13 19 0 2 N
13 4 1 0 N
13 32 2 1 N
19 5 1 2 N
19 34 2 1 N
19 24 0 0 N
5 4 2 0 N
5 21 1 1 N
5 26 0 2 N
4 11 2 0 N
4 23 1 1 N
4 17 0 2 N
11 3 1 2 N
11 17 2 1 N
11 29 0 0 N
3 25 0 0 N
3 10 2 1 N
3 20 1 2 N
25 6 1 1 N
25 1 0 2 N
25 18 2 0 N
6 23 2 1 N
6 17 0 0 N
6 0 1 2 N
23 36 0 0 N
23 20 2 1 N
23 17 1 2 N
36 1 1 0 N
36 19 2 2 N
36 30 0 1 N
1 12 1 2 N
1 23 2 0 N
1 13 0 1 N
12 28 2 0 N
12 32 1 2 N
12 33 0 1 N
28 14 0 2 N
28 30 2 0 N
28 0 1 1 N
14 9 2 2 N
14 5 1 0 N
14 20 0 1 N
9 0 1 0 N
9 11 2 2 N
9 20 0 1 N
0 18 1 0 N
0 30 0 1 N
0 10 2 2 N
18 32 0 1 N
18 2 1 0 N
18 5 2 2 N
32 2 2 0 N
32 29 1 2 N
32 11 0 1 N
2 10 1 2 N
2 5 2 0 N
2 21 0 1 N
10 21 2 2 N
10 20 0 0 N
10 20 1 1 N
21 34 0 2 N
21 26 1 0 N
21 17 2 1 N
34 7 2 0 N
34 15 0 2 N
34 29 1 1 N
7 33 2 0 N
7 5 0 1 N
7 17 1 2 N
33 24 2 0 N
33 2 1 2 N
33 19 0 1 N
24 31 1 2 N
24 21 2 0 N
24 27 0 1 N
31 29 2 2 N
31 4 1 1 N
31 20 0 0 N
29 17 2 2 N
29 11 0 0 N
29 21 1 1 N
17 22 0 0 N
17 3 2 2 N
17 30 1 1 N
22 27 0 1 N
22 1 1 0 N
22 32 2 2 N
27 21 2 1 N
27 20 1 0 N
27 27 0 2 N
