36 5 2 2 S
36 10 1 1 S
36 34 0 0 S
5 4 1 1 N
5 32 2 0 N
5 22 0 2 N
4 17 2 2 N
4 8 0 1 N
4 1 1 0 N
17 9 0 1 N
17 3 1 0 N
17 16 2 2 N
9 2 0 0 N
9 3 2 2 N
9 9 1 1 N
2 25 0 1 N
2 13 2 0 N
2 25 1 2 N
25 20 2 1 N
25 18 1 2 N
25 23 0 0 N
20 16 2 0 N
20 29 1 2 N
20 8 0 1 N
16 10 1 0 N
16 3 0 1 N
16 3 2 2 N
10 34 2 0 N
10 33 0 1 N
10 7 1 2 N
34 26 1 0 N
34 30 0 1 N
34 22 2 2 N
26 8 1 0 N
26 23 0 2 N
26 34 2 1 N
8 22 1 2 N
8 22 0 1 N
8 30 2 0 N
22 12 1 0 N
22 6 0 2 N
22 16 2 1 N
12 0 2 0 N
12 13 1 2 N
12 0 0 1 N
0 27 0 0 N
0 5 2 2 N
0 9 1 1 N
27 24 1 1 N
27 30 0 0 N
27 20 2 2 N
24 35 1 2 N
24 13 2 0 N
24 23 0 1 N
35 11 1 1 N
35 22 2 0 N
35 12 0 2 N
11 32 0 0 N
11 8 2 2 N
11 24 1 1 N
32 13 2 0 N
32 22 1 1 N
32 7 0 2 N
13 21 1 0 N
13 34 2 1 N
13 9 0 2 N
21 23 0 1 N
21 23 1 2 N
21 16 2 0 N
23 19 2 1 N
23 1 0 2 N
23 9 1 0 N
19 3 1 0 N
19 2 2 2 N
19 5 0 1 N
3 30 2 2 N
3 34 0 0 N
3 18 1 1 N
30 1 0 0 N
30 13 2 2 N
30 23 1 1 N
1 15 0 0 N
1 18 1 2 N
1 12 2 1 N
15 28 2 0 N
15 27 0 2 N
15 23 1 1 N
28 31 0 1 N
28 35 2 2 N
28 9 1 0 N
31 33 2 2 N
31 30 1 1 N
31 0 0 0 N
33 14 2 2 N
33 6 0 0 N
33 30 1 1 N
14 7 2 1 N
14 32 1 0 N
14 8 0 2 N
7 29 2 2 N
7 26 0 0 N
7 13 1 1 N
29 6 0 1 N
29 21 1 2 N
29 35 2 0 N
6 18 0 1 N
6 36 2 0 N
6 18 1 2 N
18 3 2 0 N
18 9 0 2 N
18 9 1 1 N
