13 12 0 0 S
13 27 1 2 S
13 19 2 1 S
12 2 1 1 N
12 12 0 2 N
12 12 2 0 N
2 22 0 2 N
2 26 2 1 N
2 29 1 0 N
22 19 2 2 N
22 23 1 0 N
22 6 0 1 N
19 17 2 2 N
19 29 1 0 N
19 34 0 1 N
17 32 0 0 N
17 19 2 2 N
17 5 1 1 N
32 10 0 1 N
32 25 2 2 N
32 35 1 0 N
10 20 2 0 N
10 1 0 1 N
10 12 1 2 N
20 4 2 0 N
20 16 1 2 N
20 4 0 1 N
4 9 2 1 N
4 26 1 0 N
4 31 0 2 N
9 18 1 2 N
9 2 0 1 N
9 2 2 0 N
18 31 0 1 N
18 7 1 2 N
18 34 2 0 N
31 8 2 2 N
31 23 0 1 N
31 35 1 0 N
8 30 1 1 N
8 21 0 2 N
8 34 2 0 N
30 28 0 1 N
30 19 2 2 N
30 34 1 0 N
28 24 1 1 N
28 25 2 2 N
28 34 0 0 N
24 6 1 2 N
24 18 2 1 N
24 18 0 0 N
6 7 0 1 N
6 28 1 0 N
6 9 2 2 N
7 15 2 0 N
7 4 1 2 N
7 32 0 1 N
15 35 2 0 N
15 29 0 2 N
15 29 1 1 N
35 26 0 1 N
35 24 2 0 N
35 34 1 2 N
26 21 1 0 N
26 29 0 2 N
26 31 2 1 N
21 0 2 2 N
21 24 0 1 N
21 35 1 0 N
0 36 1 1 N
0 7 2 0 N
0 12 0 2 N
36 29 0 2 N
36 31 2 1 N
36 12 1 0 N
29 3 2 2 N
29 0 1 0 N
29 12 0 1 N
3 11 1 1 N
3 8 2 2 N
3 30 0 0 N
11 16 0 0 N
11 21 2 2 N
11 1 1 1 N
16 34 2 1 N
16 2 1 0 N
16 5 0 2 N
34 33 2 1 N
34 12 0 0 N
34 1 1 2 N
33 25 1 1 N
33 23 2 0 N
33 5 0 2 N
25 27 1 0 N
25 2 0 2 N
25 1 2 1 N
27 23 1 0 N
27 25 0 2 N
27 24 2 1 N
23 5 2 1 N
23 19 0 2 N
23 12 1 0 N
5 14 0 0 N
5 18 2 1 N
5 23 1 2 N
14 1 2 1 N
14 35 0 0 N
14 13 1 2 N
1 15 2 0 N
1 15 0 2 N
1 0 1 1 N
