20 17 1 1 S
20 9 2 2 S
20 4 0 0 S
17 3 0 2 N
17 0 2 0 N
17 14 1 1 N
3 28 1 1 N
3 14 2 0 N
3 11 0 2 N
28 30 2 0 N
28 12 1 2 N
28 0 0 1 N
30 34 0 2 N
30 11 1 1 N
30 4 2 0 N
34 10 2 0 N
34 6 0 2 N
34 32 1 1 N
10 24 1 2 N
10 22 0 1 N
10 27 2 0 N
24 31 1 2 N
24 23 0 1 N
24 23 2 0 N
31 18 1 1 N
31 17 0 0 N
31 7 2 2 N
18 29 2 1 N
18 27 1 0 N
18 32 0 2 N
29 4 1 0 N
29 28 0 1 N
29 23 2 2 N
4 6 0 2 N
4 11 2 1 N
4 12 1 0 N
6 5 0 0 N
6 15 1 1 N
6 14 2 2 N
5 14 2 2 N
5 34 0 1 N
5 33 1 0 N
14 27 2 2 N
14 28 0 1 N
14 28 1 0 N
27 32 1 2 N
27 31 2 0 N
27 7 0 1 N
32 33 0 0 N
32 12 2 2 N
32 7 1 1 N
33 8 1 2 N
33 13 2 1 N
33 25 0 0 N
8 26 2 2 N
8 0 0 1 N
8 11 1 0 N
26 13 2 1 N
26 23 1 0 N
26 12 0 2 N
13 21 0 1 N
13 4 2 2 N
13 26 1 0 N
21 2 1 1 N
21 12 2 2 N
21 12 0 0 N
2 36 0 0 N
2 30 2 1 N
2 11 1 2 N
36 0 0 0 N
36 28 2 2 N
36 23 1 1 N
0 12 1 0 N
0 0 2 2 N
0 0 0 1 N
12 7 2 2 N
12 29 1 1 N
12 17 0 0 N
7 1 1 1 N
7 0 2 2 N
7 12 0 0 N
1 16 1 2 N
1 32 2 0 N
1 23 0 1 N
16 35 1 1 N
16 25 0 2 N
16 28 2 0 N
35 19 0 0 N
35 24 2 1 N
35 10 1 2 N
19 11 2 0 N
19 35 0 2 N
19 29 1 1 N
11 15 0 0 N
11 10 2 2 N
11 0 1 1 N
15 9 1 0 N
15 11 0 1 N
15 36 2 2 N
9 23 2 0 N
9 21 0 1 N
9 28 1 2 N
23 22 2 1 N
23 17 0 2 N
23 28 1 0 N
22 25 2 2 N
22 12 0 0 N
22 29 1 1 N
25 9 1 2 N
25 10 0 1 N
25 7 2 0 N
