32 23 1 1 S
32 35 0 2 S
32 8 2 0 S
23 9 2 0 N
23 16 1 2 N
23 16 0 1 N
9 19 0 0 N
9 18 2 2 N
9 7 1 1 N
19 20 1 1 N
19 0 0 2 N
19 9 2 0 N
20 28 0 0 N
20 36 2 2 N
20 24 1 1 N
28 31 1 1 N
28 2 0 0 N
28 31 2 2 N
31 6 0 0 N
31 20 2 2 N
31 0 1 1 N
6 21 1 1 N
6 36 2 2 N
6 19 0 0 N
21 33 1 1 N
21 14 2 2 N
21 10 0 0 N
33 18 2 0 N
33 31 1 2 N
33 2 0 1 N
18 4 2 1 N
18 28 0 2 N
18 32 1 0 N
4 34 1 1 N
4 9 0 0 N
4 26 2 2 N
34 7 1 0 N
34 17 2 2 N
34 20 0 1 N
7 2 1 1 N
7 10 2 2 N
7 8 0 0 N
2 12 0 0 N
2 23 1 1 N
2 32 2 2 N
12 26 2 2 N
12 23 1 0 N
12 35 0 1 N
26 30 2 1 N
26 33 1 2 N
26 18 0 0 N
30 8 0 2 N
30 17 2 0 N
30 5 1 1 N
8 27 2 0 N
8 4 1 1 N
8 13 0 2 N
27 16 2 2 N
27 31 1 1 N
27 2 0 0 N
16 25 0 2 N
16 0 1 1 N
16 13 2 0 N
25 29 1 1 N
25 23 0 0 N
25 3 2 2 N
29 36 0 0 N
29 8 1 2 N
29 6 2 1 N
36 0 2 1 N
36 3 1 0 N
36 7 0 2 N
0 1 2 0 N
0 32 0 2 N
0 2 1 1 N
1 5 2 2 N
1 15 1 0 N
1 23 0 1 N
5 3 0 2 N
5 12 1 0 N
5 21 2 1 N
3 24 1 0 N
3 0 2 1 N
3 0 0 2 N
24 17 2 2 N
24 10 0 0 N
24 26 1 1 N
17 11 1 2 N
17 36 0 1 N
17 18 2 0 N
11 14 0 1 N
11 24 1 0 N
11 16 2 2 N
14 15 1 1 N
14 18 2 2 N
14 7 0 0 N
15 10 0 1 N
15 7 1 0 N
15 1 2 2 N
10 13 2 1 N
10 27 1 0 N
10 19 0 2 N
13 22 0 0 N
13 1 1 2 N
13 13 2 1 N
22 35 2 1 N
22 17 0 0 N
22 19 1 2 N
35 1 2 1 N
35 2 1 2 N
35 7 0 0 N
