10 14 1 2 S
10 13 2 1 S
10 17 0 0 S
14 18 1 1 N
14 15 2 2 N
14 23 0 0 N
18 23 1 0 N
18 30 2 2 N
18 20 0 1 N
23 35 0 2 N
23 17 1 1 N
23 22 2 0 N
35 6 0 1 N
35 1 1 0 N
35 26 2 2 N
6 28 2 2 N
6 36 0 0 N
6 26 1 1 N
28 0 0 2 N
28 8 1 0 N
28 22 2 1 N
0 32 1 1 N
0 16 2 0 N
0 21 0 2 N
32 1 2 0 N
32 35 0 1 N
32 22 1 2 N
1 27 2 2 N
1 34 1 1 N
1 22 0 0 N
27 29 0 2 N
27 4 1 0 N
27 31 2 1 N
29 33 0 1 N
29 17 1 0 N
29 15 2 2 N
33 12 2 1 N
33 19 0 0 N
33 17 1 2 N
12 4 1 2 N
12 33 0 1 N
12 22 2 0 N
4 19 2 1 N
4 3 1 0 N
4 22 0 2 N
19 24 2 1 N
19 28 1 0 N
19 32 0 2 N
24 16 0 0 N
24 18 2 2 N
24 3 1 1 N
16 31 1 1 N
16 17 2 2 N
16 16 0 0 N
31 26 1 1 N
31 4 2 2 N
31 32 0 0 N
26 13 2 2 N
26 9 1 1 N
26 36 0 0 N
13 11 0 0 N
13 17 2 2 N
13 22 1 1 N
11 21 0 2 N
11 31 2 0 N
11 32 1 1 N
21 22 2 0 N
21 18 1 2 N
21 23 0 1 N
22 7 2 0 N
22 16 0 2 N
22 15 1 1 N
7 3 1 1 N
7 15 2 0 N
7 8 0 2 N
3 17 1 1 N
3 35 2 2 N
3 21 0 0 N
17 8 2 0 N
17 20 0 1 N
17 22 1 2 N
8 20 0 1 N
8 22 2 2 N
8 32 1 0 N
20 5 1 0 N
20 35 2 2 N
20 29 0 1 N
5 9 0 0 N
5 25 1 1 N
5 28 2 2 N
9 36 2 2 N
9 20 0 1 N
9 8 1 0 N
36 34 1 1 N
36 21 2 0 N
36 16 0 2 N
34 25 1 1 N
34 32 0 2 N
34 23 2 0 N
25 2 1 1 N
25 5 0 2 N
25 1 2 0 N
2 30 0 1 N
2 35 2 0 N
2 21 1 2 N
30 15 0 0 N
30 34 1 2 N
30 28 2 1 N
15 8 2 0 N
15 18 1 2 N
15 16 0 1 N
