25 30 1 1 S
25 2 2 0 S
25 25 0 2 S
30 14 2 0 N
30 7 1 1 N
30 2 0 2 N
14 8 1 1 N
14 34 2 0 N
14 34 0 2 N
8 29 0 0 N
8 24 1 2 N
8 13 2 1 N
29 35 1 2 N
29 24 0 1 N
29 6 2 0 N
35 33 2 2 N
35 34 0 0 N
35 25 1 1 N
33 31 1 0 N
33 21 2 1 N
33 2 0 2 N
31 32 1 2 N
31 28 2 1 N
31 2 0 0 N
32 1 1 1 N
32 3 0 0 N
32 9 2 2 N
1 7 1 2 N
1 32 2 1 N
1 12 0 0 N
7 6 0 2 N
7 13 1 1 N
7 28 2 0 N
6 26 1 2 N
6 21 2 1 N
6 24 0 0 N
26 19 1 1 N
26 11 2 0 N
26 8 0 2 N
19 20 2 2 N
19 24 0 1 N
19 2 1 0 N
20 22 0 0 N
20 27 1 2 N
20 18 2 1 N
22 36 2 1 N
22 35 1 0 N
22 6 0 2 N
36 5 0 1 N
36 7 2 2 N
36 12 1 0 N
5 27 2 0 N
5 8 1 2 N
5 34 0 1 N
27 4 2 2 N
27 10 1 0 N
27 11 0 1 N
4 28 1 0 N
4 9 2 1 N
4 32 0 2 N
28 16 2 1 N
28 30 1 0 N
28 25 0 2 N
16 9 1 0 N
16 31 2 1 N
16 30 0 2 N
9 11 0 2 N
9 23 2 0 N
9 25 1 1 N
11 13 1 1 N
11 15 2 0 N
11 30 0 2 N
13 12 2 1 N
13 16 1 2 N
13 25 0 0 N
12 24 1 1 N
12 6 2 2 N
12 0 0 0 N
24 23 0 0 N
24 11 2 1 N
24 7 1 2 N
23 18 0 0 N
23 36 1 1 N
23 24 2 2 N
18 34 2 2 N
18 28 0 1 N
18 25 1 0 N
34 15 2 1 N
34 13 0 0 N
34 31 1 2 N
15 10 1 2 N
15 16 0 1 N
15 12 2 0 N
10 2 0 0 N
10 0 1 2 N
10 23 2 1 N
2 21 2 2 N
2 26 0 1 N
2 28 1 0 N
21 3 0 2 N
21 30 2 0 N
21 0 1 1 N
3 0 0 2 N
3 2 1 0 N
3 13 2 1 N
0 17 0 1 N
0 11 2 2 N
0 2 1 0 N
17 2 2 2 N
17 8 0 1 N
17 31 1 0 N
