14 25 2 0 S
14 12 0 1 S
14 24 1 2 S
25 16 0 0 N
25 3 1 1 N
25 3 2 2 N
16 30 2 1 N
16 1 0 0 N
16 17 1 2 N
30 32 1 0 N
30 3 0 1 N
30 3 2 2 N
32 36 1 1 N
32 35 0 2 N
32 3 2 0 N
36 7 1 1 N
36 7 0 0 N
36 19 2 2 N
7 1 2 1 N
7 31 1 0 N
7 13 0 2 N
1 28 0 0 N
1 25 2 2 N
1 4 1 1 N
28 34 0 2 N
28 32 2 1 N
28 30 1 0 N
34 18 0 1 N
34 13 2 2 N
34 30 1 0 N
18 22 1 2 N
18 34 2 0 N
18 4 0 1 N
22 24 1 0 N
22 1 0 2 N
22 8 2 1 N
24 17 1 2 N
24 4 2 0 N
24 26 0 1 N
17 23 2 0 N
17 8 0 1 N
17 34 1 2 N
23 5 2 1 N
23 34 0 0 N
23 18 1 2 N
5 8 0 2 N
5 1 1 1 N
5 13 2 0 N
8 29 2 0 N
8 21 1 1 N
8 18 0 2 N
29 9 2 1 N
29 1 0 0 N
29 26 1 2 N
9 10 2 1 N
9 27 0 0 N
9 0 1 2 N
10 6 0 1 N
10 36 1 2 N
10 26 2 0 N
6 21 1 0 N
6 34 2 1 N
6 31 0 2 N
21 35 0 0 N
21 6 1 2 N
21 34 2 1 N
35 20 2 2 N
35 27 0 0 N
35 6 1 1 N
20 4 1 0 N
20 9 0 1 N
20 33 2 2 N
4 12 0 2 N
4 7 1 1 N
4 13 2 0 N
12 33 1 2 N
12 32 0 1 N
12 27 2 0 N
33 13 1 2 N
33 16 2 1 N
33 8 0 0 N
13 2 0 1 N
13 4 1 0 N
13 25 2 2 N
2 31 1 0 N
2 28 2 2 N
2 27 0 1 N
31 0 1 1 N
31 25 0 0 N
31 34 2 2 N
0 15 2 0 N
0 4 1 2 N
0 3 0 1 N
15 11 2 1 N
15 29 1 0 N
15 34 0 2 N
11 27 0 0 N
11 17 2 1 N
11 33 1 2 N
27 19 2 0 N
27 31 0 1 N
27 26 1 2 N
19 3 1 2 N
19 8 0 1 N
19 30 2 0 N
3 26 2 0 N
3 25 0 1 N
3 3 1 2 N
26 18 0 2 N
26 36 2 1 N
26 31 1 0 N
