11 28 0 1 S
11 35 2 0 S
11 26 1 2 S
28 36 0 1 N
28 23 2 2 N
28 31 1 0 N
36 8 0 0 N
36 7 2 1 N
36 1 1 2 N
8 30 2 2 N
8 31 1 0 N
8 27 0 1 N
30 0 2 1 N
30 12 0 0 N
30 26 1 2 N
0 9 1 2 N
0 12 2 0 N
0 14 0 1 N
9 6 1 1 N
9 8 0 0 N
9 0 2 2 N
6 12 1 2 N
6 18 0 0 N
6 32 2 1 N
12 2 1 0 N
12 30 0 1 N
12 19 2 2 N
2 7 0 0 N
2 1 2 2 N
2 35 1 1 N
7 16 0 0 N
7 0 2 2 N
7 32 1 1 N
16 1 1 1 N
16 17 0 0 N
16 17 2 2 N
1 26 2 1 N
1 6 0 2 N
1 27 1 0 N
26 15 0 1 N
26 19 1 0 N
26 1 2 2 N
15 20 2 2 N
15 35 1 0 N
15 22 0 1 N
20 24 1 1 N
20 12 2 0 N
20 9 0 2 N
24 27 1 0 N
24 5 0 2 N
24 1 2 1 N
27 18 1 0 N
27 35 0 1 N
27 18 2 2 N
18 23 2 2 N
18 27 0 0 N
18 18 1 1 N
23 29 0 1 N
23 25 1 0 N
23 0 2 2 N
29 4 2 0 N
29 24 0 1 N
29 18 1 2 N
4 10 2 0 N
4 14 0 2 N
4 0 1 1 N
10 14 1 0 N
10 23 2 1 N
10 32 0 2 N
14 19 0 2 N
14 0 2 1 N
14 18 1 0 N
19 33 2 2 N
19 36 1 1 N
19 17 0 0 N
33 21 0 0 N
33 32 2 1 N
33 1 1 2 N
21 25 2 0 N
21 33 1 2 N
21 24 0 1 N
25 3 1 2 N
25 5 2 1 N
25 1 0 0 N
3 17 2 2 N
3 35 1 0 N
3 23 0 1 N
17 5 2 1 N
17 0 0 0 N
17 1 1 2 N
5 13 0 0 N
5 18 1 1 N
5 14 2 2 N
13 32 1 2 N
13 28 2 0 N
13 18 0 1 N
32 31 2 0 N
32 27 1 1 N
32 1 0 2 N
31 34 1 1 N
31 30 2 2 N
31 19 0 0 N
34 22 0 0 N
34 13 1 1 N
34 32 2 2 N
22 35 0 2 N
22 5 1 1 N
22 10 2 0 N
35 26 0 1 N
35 19 1 0 N
35 4 2 2 N
