17 8 1 1 S
17 27 2 2 S
17 0 0 0 S
8 30 2 0 N
8 35 0 1 N
8 27 1 2 N
30 12 2 1 N
30 28 1 0 N
30 6 0 2 N
12 4 1 0 N
12 10 0 1 N
12 29 2 2 N
4 18 1 2 N
4 34 0 0 N
4 0 2 1 N
18 20 1 2 N
18 5 0 0 N
18 17 2 1 N
20 21 1 0 N
20 33 2 2 N
20 31 0 1 N
21 34 0 2 N
21 2 2 1 N
21 9 1 0 N
34 36 2 1 N
34 24 0 2 N
34 2 1 0 N
36 35 1 0 N
36 12 0 1 N
36 2 2 2 N
35 9 2 0 N
35 9 1 1 N
35 21 0 2 N
9 29 0 1 N
9 4 2 2 N
9 2 1 0 N
29 11 1 1 N
29 25 2 0 N
29 4 0 2 N
11 2 0 0 N
11 20 1 1 N
11 26 2 2 N
2 13 1 2 N
2 9 0 0 N
2 2 2 1 N
13 6 2 0 N
13 18 0 1 N
13 3 1 2 N
6 16 1 0 N
6 25 2 2 N
6 2 0 1 N
16 25 2 2 N
16 26 0 1 N
16 27 1 0 N
25 32 0 1 N
25 35 1 2 N
25 17 2 0 N
32 3 1 1 N
32 25 0 2 N
32 21 2 0 N
3 24 1 2 N
3 5 0 0 N
3 24 2 1 N
24 19 0 0 N
24 22 1 1 N
24 9 2 2 N
19 14 2 0 N
19 4 1 2 N
19 21 0 1 N
14 28 1 1 N
14 35 0 0 N
14 4 2 2 N
28 10 0 1 N
28 1 1 2 N
28 2 2 0 N
10 33 2 1 N
10 4 1 0 N
10 18 0 2 N
33 23 0 1 N
33 9 1 2 N
33 32 2 0 N
23 15 1 2 N
23 28 0 1 N
23 30 2 0 N
15 1 2 2 N
15 6 1 1 N
15 0 0 0 N
1 5 2 1 N
1 8 1 2 N
1 34 0 0 N
5 27 2 2 N
5 36 0 0 N
5 10 1 1 N
27 7 1 1 N
27 9 0 2 N
27 9 2 0 N
7 22 2 0 N
7 22 1 1 N
7 9 0 2 N
22 26 2 2 N
22 19 0 0 N
22 27 1 1 N
26 31 0 1 N
26 9 2 2 N
26 25 1 0 N
31 0 0 0 N
31 18 2 1 N
31 32 1 2 N
0 28 0 1 N
0 28 1 0 N
0 2 2 2 N
