2 10 1 2 S
2 11 0 1 S
2 4 2 0 S
10 0 2 0 N
10 7 1 1 N
10 4 0 2 N
0 11 0 2 N
0 10 1 1 N
0 13 2 0 N
11 12 0 1 N
11 2 1 0 N
11 3 2 2 N
12 13 0 0 N
12 2 1 1 N
12 11 2 2 N
13 4 2 1 N
13 3 0 0 N
13 3 1 2 N
4 5 2 1 N
4 3 1 2 N
4 13 0 0 N
5 6 0 0 N
5 11 1 1 N
5 3 2 2 N
6 1 1 1 N
6 0 0 2 N
6 8 2 0 N
1 8 1 0 N
1 11 0 1 N
1 3 2 2 N
8 9 1 2 N
8 3 2 1 N
8 13 0 0 N
9 3 2 0 N
9 3 0 1 N
9 8 1 2 N
3 14 0 2 N
3 8 2 1 N
3 3 1 0 N
14 7 2 2 N
14 0 1 1 N
14 3 0 0 N
7 15 1 2 N
7 13 0 0 N
7 8 2 1 N
15 10 1 2 N
15 10 0 1 N
15 9 2 0 N
