7 0 1 2 S
7 0 0 0 S
7 11 2 1 S
0 5 0 1 N
0 2 2 0 N
0 11 1 2 N
5 15 0 2 N
5 1 2 0 N
5 7 1 1 N
15 6 1 1 N
15 7 2 0 N
15 1 0 2 N
6 8 2 0 N
6 5 0 2 N
6 7 1 1 N
8 1 2 2 N
8 4 0 0 N
8 9 1 1 N
1 10 0 1 N
1 9 2 2 N
1 9 1 0 N
10 13 0 0 N
10 4 2 1 N
10 9 1 2 N
13 14 0 1 N
13 0 2 2 N
13 7 1 0 N
14 12 2 0 N
14 4 1 2 N
14 11 0 1 N
12 2 1 2 N
12 3 0 1 N
12 5 2 0 N
2 3 2 1 N
2 8 1 0 N
2 9 0 2 N
3 4 0 2 N
3 9 1 1 N
3 15 2 0 N
4 9 0 2 N
4 14 2 1 N
4 11 1 0 N
9 11 1 1 N
9 10 2 0 N
9 9 0 2 N
11 7 1 1 N
11 9 0 2 N
11 9 2 0 N
