1 7 0 1 S
1 2 1 0 S
1 11 2 2 S
7 2 2 1 N
7 5 1 2 N
7 8 0 0 N
2 10 1 0 N
2 10 2 1 N
2 13 0 2 N
10 12 1 1 N
10 5 2 2 N
10 12 0 0 N
12 9 1 0 N
12 6 0 2 N
12 8 2 1 N
9 11 1 2 N
9 15 0 1 N
9 15 2 0 N
11 6 2 0 N
11 9 0 1 N
11 13 1 2 N
6 4 0 1 N
6 3 1 2 N
6 15 2 0 N
4 13 0 0 N
4 13 1 1 N
4 11 2 2 N
13 5 0 1 N
13 11 1 2 N
13 3 2 0 N
5 3 2 0 N
5 9 1 2 N
5 15 0 1 N
3 8 1 2 N
3 1 0 0 N
3 9 2 1 N
8 14 2 0 N
8 15 0 1 N
8 9 1 2 N
14 0 0 0 N
14 6 2 2 N
14 13 1 1 N
0 15 2 0 N
0 3 1 2 N
0 15 0 1 N
15 12 1 2 N
15 3 2 0 N
15 15 0 1 N
