9 13 0 2 S
9 7 2 0 S
9 10 1 1 S
13 3 0 2 N
13 9 1 1 N
13 12 2 0 N
3 14 1 2 N
3 3 2 0 N
3 3 0 1 N
14 10 2 1 N
14 15 1 0 N
14 3 0 2 N
10 5 1 0 N
10 2 0 1 N
10 2 2 2 N
5 11 0 2 N
5 9 1 1 N
5 3 2 0 N
11 4 2 0 N
11 12 1 1 N
11 3 0 2 N
4 6 0 2 N
4 7 2 0 N
4 13 1 1 N
6 12 0 0 N
6 12 2 1 N
6 11 1 2 N
12 0 0 1 N
12 14 1 0 N
12 10 2 2 N
0 1 0 0 N
0 12 2 1 N
0 10 1 2 N
1 8 2 0 N
1 11 1 2 N
1 2 0 1 N
8 7 2 1 N
8 0 1 2 N
8 9 0 0 N
7 2 2 2 N
7 1 1 0 N
7 12 0 1 N
2 15 1 0 N
2 3 0 1 N
2 3 2 2 N
15 0 1 2 N
15 7 0 1 N
15 14 2 0 N
