0 15 2 0 S
0 9 1 2 S
0 12 0 1 S
15 3 2 1 N
15 2 0 0 N
15 9 1 2 N
3 9 0 0 N
3 0 2 1 N
3 9 1 2 N
9 12 1 0 N
9 9 0 2 N
9 9 2 1 N
12 14 2 2 N
12 4 0 0 N
12 9 1 1 N
14 2 2 2 N
14 5 0 0 N
14 10 1 1 N
2 13 0 1 N
2 7 2 0 N
2 8 1 2 N
13 10 0 2 N
13 3 2 0 N
13 3 1 1 N
10 7 0 2 N
10 2 1 0 N
10 15 2 1 N
7 4 1 1 N
7 10 0 0 N
7 0 2 2 N
4 6 1 2 N
4 1 0 1 N
4 9 2 0 N
6 5 0 1 N
6 2 1 2 N
6 9 2 0 N
5 1 0 1 N
5 12 1 2 N
5 8 2 0 N
1 8 1 0 N
1 15 2 2 N
1 10 0 1 N
8 11 0 0 N
8 12 1 1 N
8 9 2 2 N
11 12 0 1 N
11 12 2 2 N
11 10 1 0 N
