7 4 1 1 S
7 6 2 2 S
7 10 0 0 S
4 9 1 1 N
4 6 0 2 N
4 14 2 0 N
9 8 0 2 N
9 13 1 0 N
9 0 2 1 N
8 15 0 2 N
8 4 1 0 N
8 12 2 1 N
15 12 0 0 N
15 3 1 2 N
15 13 2 1 N
12 11 2 0 N
12 7 1 1 N
12 14 0 2 N
11 10 1 1 N
11 15 0 2 N
11 13 2 0 N
10 3 2 2 N
10 8 1 0 N
10 11 0 1 N
3 6 2 2 N
3 12 0 1 N
3 13 1 0 N
6 13 0 1 N
6 12 2 0 N
6 1 1 2 N
13 14 2 1 N
13 5 1 0 N
13 14 0 2 N
14 2 1 2 N
14 1 2 0 N
14 14 0 1 N
2 5 0 0 N
2 6 2 1 N
2 11 1 2 N
5 1 2 0 N
5 15 0 1 N
5 13 1 2 N
1 0 2 1 N
1 13 1 2 N
1 14 0 0 N
0 9 1 2 N
0 2 0 1 N
0 5 2 0 N
