11 1 1 1 S
11 12 0 2 S
11 6 2 0 S
1 7 1 1 N
1 5 2 0 N
1 3 0 2 N
7 4 2 0 N
7 3 0 2 N
7 14 1 1 N
4 6 2 1 N
4 3 0 0 N
4 11 1 2 N
6 15 0 2 N
6 2 2 0 N
6 6 1 1 N
15 0 2 2 N
15 0 0 0 N
15 10 1 1 N
0 8 0 0 N
0 11 1 2 N
0 3 2 1 N
8 5 2 1 N
8 7 1 2 N
8 7 0 0 N
5 12 0 0 N
5 8 1 2 N
5 4 2 1 N
12 3 0 2 N
12 10 2 1 N
12 8 1 0 N
3 2 2 0 N
3 14 0 2 N
3 14 1 1 N
2 13 1 1 N
2 4 0 2 N
2 6 2 0 N
13 9 2 2 N
13 2 0 0 N
13 11 1 1 N
9 10 1 0 N
9 2 0 2 N
9 6 2 1 N
10 14 2 1 N
10 2 0 2 N
10 2 1 0 N
14 9 2 2 N
14 3 1 0 N
14 11 0 1 N
