13 8 0 2 S
13 0 2 0 S
13 12 1 1 S
8 1 1 2 N
8 12 0 0 N
8 5 2 1 N
1 12 2 0 N
1 11 0 1 N
1 13 1 2 N
12 5 0 0 N
12 10 2 1 N
12 10 1 2 N
5 10 2 1 N
5 1 1 0 N
5 3 0 2 N
10 6 0 1 N
10 15 1 2 N
10 10 2 0 N
6 3 0 1 N
6 12 1 2 N
6 0 2 0 N
3 2 0 0 N
3 4 1 1 N
3 10 2 2 N
2 4 1 2 N
2 11 0 0 N
2 0 2 1 N
4 0 2 2 N
4 3 1 0 N
4 15 0 1 N
0 9 0 0 N
0 10 1 1 N
0 10 2 2 N
9 14 0 1 N
9 1 2 2 N
9 1 1 0 N
14 7 0 0 N
14 11 2 1 N
14 2 1 2 N
7 11 0 0 N
7 10 2 1 N
7 0 1 2 N
11 15 0 0 N
11 10 1 1 N
11 15 2 2 N
15 12 2 0 N
15 10 1 2 N
15 10 0 1 N
