4 0 0 0 S
4 13 2 1 S
4 4 1 2 S
0 7 0 0 N
0 13 1 1 N
0 10 2 2 N
7 15 0 2 N
7 5 2 0 N
7 4 1 1 N
15 5 2 0 N
15 3 1 1 N
15 2 0 2 N
5 6 0 2 N
5 4 1 0 N
5 10 2 1 N
6 10 0 1 N
6 5 2 0 N
6 15 1 2 N
10 11 0 0 N
10 14 2 2 N
10 14 1 1 N
11 2 1 2 N
11 5 2 1 N
11 2 0 0 N
2 1 2 0 N
2 9 0 1 N
2 8 1 2 N
1 14 2 1 N
1 14 1 0 N
1 9 0 2 N
14 13 2 1 N
14 2 0 0 N
14 4 1 2 N
13 3 2 0 N
13 0 0 1 N
13 10 1 2 N
3 9 0 1 N
3 0 1 2 N
3 12 2 0 N
9 12 2 2 N
9 4 0 0 N
9 8 1 1 N
12 8 0 2 N
12 13 2 0 N
12 14 1 1 N
8 13 1 2 N
8 2 2 1 N
8 4 0 0 N
