6 15 0 2 S
6 15 1 1 S
6 15 2 0 S
15 5 0 0 N
15 5 2 2 N
15 3 1 1 N
5 0 1 1 N
5 8 2 2 N
5 15 0 0 N
0 14 0 2 N
0 5 2 0 N
0 12 1 1 N
14 1 1 1 N
14 3 2 0 N
14 10 0 2 N
1 4 0 2 N
1 5 1 0 N
1 0 2 1 N
4 13 1 2 N
4 13 0 0 N
4 13 2 1 N
13 3 2 2 N
13 5 0 0 N
13 3 1 1 N
3 12 0 1 N
3 5 1 2 N
3 3 2 0 N
12 8 2 0 N
12 7 1 2 N
12 3 0 1 N
8 10 2 1 N
8 3 1 0 N
8 3 0 2 N
10 2 0 0 N
10 4 2 2 N
10 13 1 1 N
2 7 1 2 N
2 0 2 0 N
2 13 0 1 N
7 9 2 1 N
7 6 0 0 N
7 8 1 2 N
9 11 2 0 N
9 5 0 2 N
9 5 1 1 N
11 8 1 1 N
11 8 0 2 N
11 3 2 0 N
