7 9 0 0 S
7 9 1 2 S
7 9 2 1 S
9 2 0 2 N
9 15 1 0 N
9 14 2 1 N
2 11 2 0 N
2 14 1 1 N
2 13 0 2 N
11 12 0 1 N
11 9 1 2 N
11 14 2 0 N
12 10 2 0 N
12 7 1 2 N
12 11 0 1 N
10 4 0 1 N
10 13 1 0 N
10 14 2 2 N
4 6 1 0 N
4 9 2 1 N
4 3 0 2 N
6 0 2 2 N
6 0 0 0 N
6 11 1 1 N
0 13 0 0 N
0 15 1 1 N
0 9 2 2 N
13 8 0 2 N
13 10 2 1 N
13 15 1 0 N
8 1 0 2 N
8 10 1 1 N
8 15 2 0 N
1 3 0 2 N
1 8 2 0 N
1 8 1 1 N
3 5 1 1 N
3 14 0 2 N
3 15 2 0 N
5 15 2 2 N
5 7 1 0 N
5 3 0 1 N
15 14 0 2 N
15 9 2 0 N
15 9 1 1 N
14 0 2 0 N
14 9 1 2 N
14 14 0 1 N
