0 4 1 0 S
0 11 2 1 S
0 15 0 2 S
4 6 1 1 N
4 14 0 0 N
4 12 2 2 N
6 12 1 0 N
6 3 0 2 N
6 3 2 1 N
12 15 2 2 N
12 14 0 1 N
12 7 1 0 N
15 9 2 0 N
15 11 1 2 N
15 3 0 1 N
9 13 2 2 N
9 3 1 1 N
9 7 0 0 N
13 2 2 0 N
13 14 0 1 N
13 0 1 2 N
2 1 1 0 N
2 7 0 1 N
2 12 2 2 N
1 5 0 1 N
1 14 1 0 N
1 12 2 2 N
5 8 1 2 N
5 4 2 0 N
5 13 0 1 N
8 11 1 0 N
8 14 0 2 N
8 14 2 1 N
11 10 1 2 N
11 14 2 0 N
11 15 0 1 N
10 3 0 1 N
10 11 2 2 N
10 0 1 0 N
3 14 2 2 N
3 15 1 0 N
3 3 0 1 N
14 7 1 0 N
14 6 2 1 N
14 1 0 2 N
7 10 1 0 N
7 3 0 2 N
7 15 2 1 N
