10 15 2 1 S
10 12 0 2 S
10 7 1 0 S
15 13 2 0 N
15 12 1 1 N
15 12 0 2 N
13 2 1 2 N
13 0 0 0 N
13 14 2 1 N
2 7 0 0 N
2 3 1 2 N
2 14 2 1 N
7 5 1 1 N
7 6 2 2 N
7 1 0 0 N
5 4 0 1 N
5 10 2 0 N
5 0 1 2 N
4 9 0 0 N
4 12 1 2 N
4 5 2 1 N
9 0 0 1 N
9 12 1 0 N
9 10 2 2 N
0 11 2 2 N
0 1 1 0 N
0 12 0 1 N
11 6 2 2 N
11 3 1 1 N
11 4 0 0 N
6 8 1 2 N
6 12 2 1 N
6 4 0 0 N
8 12 0 1 N
8 5 1 2 N
8 7 2 0 N
12 14 0 2 N
12 7 2 0 N
12 12 1 1 N
14 3 0 0 N
14 0 2 2 N
14 12 1 1 N
3 1 1 2 N
3 15 2 1 N
3 14 0 0 N
1 7 0 0 N
1 12 2 1 N
1 12 1 2 N
