8 10 1 1 S
8 6 2 0 S
8 7 0 2 S
10 7 1 1 N
10 12 2 0 N
10 13 0 2 N
7 0 2 2 N
7 15 0 1 N
7 0 1 0 N
0 2 2 1 N
0 15 1 0 N
0 13 0 2 N
2 11 1 1 N
2 12 2 2 N
2 0 0 0 N
11 1 2 2 N
11 13 1 0 N
11 1 0 1 N
1 5 1 0 N
1 13 0 1 N
1 9 2 2 N
5 15 2 2 N
5 6 1 1 N
5 10 0 0 N
15 13 2 2 N
15 13 0 0 N
15 4 1 1 N
13 4 0 2 N
13 3 1 0 N
13 13 2 1 N
4 14 0 2 N
4 15 2 0 N
4 1 1 1 N
14 6 0 2 N
14 2 1 0 N
14 5 2 1 N
6 12 1 1 N
6 13 2 2 N
6 7 0 0 N
12 3 0 2 N
12 9 1 0 N
12 9 2 1 N
3 9 2 0 N
3 12 1 1 N
3 11 0 2 N
9 1 0 2 N
9 10 2 0 N
9 13 1 1 N
