3 10 2 1 S
3 13 0 2 S
3 13 1 0 S
10 7 0 0 N
10 4 2 2 N
10 15 1 1 N
7 11 0 0 N
7 11 1 1 N
7 5 2 2 N
11 12 1 0 N
11 14 0 2 N
11 5 2 1 N
12 6 0 0 N
12 4 2 1 N
12 3 1 2 N
6 0 1 2 N
6 3 0 1 N
6 15 2 0 N
0 8 2 1 N
0 1 1 0 N
0 5 0 2 N
8 14 2 1 N
8 12 1 0 N
8 10 0 2 N
14 15 0 2 N
14 2 1 0 N
14 13 2 1 N
15 1 2 0 N
15 2 0 2 N
15 2 1 1 N
1 5 2 1 N
1 4 1 2 N
1 5 0 0 N
5 13 0 1 N
5 4 2 0 N
5 2 1 2 N
13 9 2 0 N
13 11 1 2 N
13 5 0 1 N
9 4 1 1 N
9 7 0 2 N
9 5 2 0 N
4 2 1 2 N
4 2 2 0 N
4 2 0 1 N
2 15 0 1 N
2 2 1 2 N
2 2 2 0 N
