2 4 0 1 S
2 6 1 2 S
2 14 2 0 S
4 9 2 1 N
4 0 0 2 N
4 1 1 0 N
9 3 1 0 N
9 5 0 1 N
9 6 2 2 N
3 15 1 0 N
3 15 2 1 N
3 2 0 2 N
15 14 1 2 N
15 0 0 0 N
15 14 2 1 N
14 8 1 1 N
14 1 0 2 N
14 1 2 0 N
8 6 2 1 N
8 15 0 2 N
8 6 1 0 N
6 5 1 2 N
6 2 0 0 N
6 14 2 1 N
5 7 2 0 N
5 15 1 2 N
5 14 0 1 N
7 0 0 1 N
7 1 1 2 N
7 5 2 0 N
0 10 1 2 N
0 5 2 1 N
0 14 0 0 N
10 1 2 2 N
10 13 1 0 N
10 7 0 1 N
1 11 2 0 N
1 9 0 1 N
1 1 1 2 N
11 12 1 2 N
11 5 2 0 N
11 6 0 1 N
12 13 1 2 N
12 0 0 0 N
12 4 2 1 N
13 7 1 0 N
13 14 0 1 N
13 14 2 2 N
