1 8 1 1 S
1 15 0 2 S
1 4 2 0 S
8 14 2 0 N
8 1 1 1 N
8 11 0 2 N
14 2 0 2 N
14 9 2 0 N
14 5 1 1 N
2 5 2 1 N
2 9 1 2 N
2 5 0 0 N
5 12 1 1 N
5 0 0 0 N
5 5 2 2 N
12 3 0 0 N
12 15 1 1 N
12 5 2 2 N
3 6 0 2 N
3 14 1 0 N
3 9 2 1 N
6 15 1 0 N
6 10 2 2 N
6 12 0 1 N
15 13 0 1 N
15 12 2 2 N
15 7 1 0 N
13 11 1 0 N
13 4 0 2 N
13 14 2 1 N
11 4 0 2 N
11 7 1 0 N
11 9 2 1 N
4 9 0 0 N
4 12 1 2 N
4 9 2 1 N
9 10 0 1 N
9 5 1 2 N
9 12 2 0 N
10 0 2 2 N
10 1 0 1 N
10 0 1 0 N
0 7 0 2 N
0 6 2 1 N
0 6 1 0 N
7 1 0 2 N
7 14 1 0 N
7 4 2 1 N
