10 3 1 1 S
10 15 0 2 S
10 5 2 0 S
3 12 1 2 N
3 4 2 1 N
3 1 0 0 N
12 15 0 2 N
12 2 2 1 N
12 9 1 0 N
15 4 2 0 N
15 5 1 2 N
15 0 0 1 N
4 7 1 1 N
4 13 2 0 N
4 5 0 2 N
7 11 0 0 N
7 1 1 2 N
7 4 2 1 N
11 13 1 0 N
11 13 2 1 N
11 7 0 2 N
13 6 0 1 N
13 3 2 2 N
13 1 1 0 N
6 14 1 1 N
6 4 0 0 N
6 3 2 2 N
14 1 1 0 N
14 1 0 1 N
14 3 2 2 N
1 5 1 2 N
1 13 2 1 N
1 4 0 0 N
5 9 0 2 N
5 13 2 0 N
5 5 1 1 N
9 8 0 2 N
9 4 2 1 N
9 5 1 0 N
8 2 1 1 N
8 12 0 0 N
8 9 2 2 N
2 0 0 0 N
2 4 1 1 N
2 0 2 2 N
0 1 2 0 N
0 12 0 1 N
0 5 1 2 N
