10 14 2 1 S
10 9 1 0 S
10 9 0 2 S
14 1 2 0 N
14 15 0 2 N
14 10 1 1 N
1 7 2 2 N
1 12 0 0 N
1 3 1 1 N
7 4 2 2 N
7 15 1 0 N
7 10 0 1 N
4 5 2 2 N
4 6 1 0 N
4 9 0 1 N
5 8 0 1 N
5 9 1 0 N
5 10 2 2 N
8 12 1 2 N
8 11 2 1 N
8 15 0 0 N
12 11 0 0 N
12 11 1 1 N
12 10 2 2 N
11 13 2 0 N
11 5 0 1 N
11 14 1 2 N
13 6 1 0 N
13 2 0 1 N
13 9 2 2 N
6 15 2 1 N
6 5 0 2 N
6 3 1 0 N
15 0 2 2 N
15 9 0 0 N
15 10 1 1 N
0 9 2 2 N
0 1 0 0 N
0 8 1 1 N
9 2 1 0 N
9 10 0 2 N
9 9 2 1 N
2 3 0 0 N
2 8 2 1 N
2 6 1 2 N
3 9 2 2 N
3 15 1 1 N
3 10 0 0 N
