10 7 0 2 S
10 5 2 1 S
10 12 1 0 S
7 11 2 1 N
7 8 1 2 N
7 14 0 0 N
11 1 0 1 N
11 14 1 0 N
11 15 2 2 N
1 13 0 0 N
1 3 2 1 N
1 13 1 2 N
13 14 2 1 N
13 14 0 0 N
13 13 1 2 N
14 4 1 2 N
14 3 0 1 N
14 8 2 0 N
4 8 2 0 N
4 9 0 2 N
4 5 1 1 N
8 6 1 1 N
8 13 0 0 N
8 9 2 2 N
6 0 1 2 N
6 11 2 0 N
6 7 0 1 N
0 3 1 2 N
0 2 0 0 N
0 8 2 1 N
3 5 1 1 N
3 0 2 0 N
3 5 0 2 N
5 9 2 2 N
5 8 0 0 N
5 8 1 1 N
9 2 0 0 N
9 13 2 1 N
9 13 1 2 N
2 15 1 2 N
2 5 0 1 N
2 8 2 0 N
15 12 2 2 N
15 0 1 1 N
15 9 0 0 N
12 0 1 1 N
12 14 2 2 N
12 0 0 0 N
