8 13 1 2 S
8 1 0 0 S
8 11 2 1 S
13 6 0 2 N
13 4 1 0 N
13 8 2 1 N
6 9 1 1 N
6 13 0 2 N
6 8 2 0 N
9 7 2 1 N
9 6 1 2 N
9 11 0 0 N
7 3 0 2 N
7 5 2 1 N
7 14 1 0 N
3 11 2 2 N
3 9 1 1 N
3 9 0 0 N
11 5 2 1 N
11 8 0 2 N
11 11 1 0 N
5 15 1 0 N
5 9 0 1 N
5 9 2 2 N
15 4 1 1 N
15 1 2 2 N
15 1 0 0 N
4 14 0 0 N
4 11 2 1 N
4 12 1 2 N
14 12 1 0 N
14 5 0 2 N
14 13 2 1 N
12 10 1 1 N
12 11 0 2 N
12 11 2 0 N
10 1 1 1 N
10 9 0 2 N
10 12 2 0 N
1 2 0 2 N
1 4 2 0 N
1 11 1 1 N
2 0 2 2 N
2 11 0 0 N
2 0 1 1 N
0 5 0 0 N
0 11 2 1 N
0 8 1 2 N
