13 8 2 2 S
13 8 0 1 S
13 9 1 0 S
8 9 0 2 N
8 7 2 0 N
8 3 1 1 N
9 10 2 1 N
9 14 0 0 N
9 0 1 2 N
10 3 1 2 N
10 0 0 1 N
10 6 2 0 N
3 5 1 2 N
3 5 2 0 N
3 5 0 1 N
5 15 0 0 N
5 0 1 2 N
5 5 2 1 N
15 0 2 2 N
15 6 1 1 N
15 3 0 0 N
0 14 2 2 N
0 8 1 1 N
0 5 0 0 N
14 7 2 2 N
14 12 1 1 N
14 9 0 0 N
7 1 2 1 N
7 4 1 0 N
7 9 0 2 N
1 2 0 1 N
1 5 1 2 N
1 8 2 0 N
2 12 1 0 N
2 11 2 2 N
2 8 0 1 N
12 6 2 1 N
12 0 0 0 N
12 0 1 2 N
6 4 1 1 N
6 5 0 2 N
6 0 2 0 N
4 11 0 1 N
4 8 1 0 N
4 5 2 2 N
11 10 2 0 N
11 0 0 2 N
11 9 1 1 N
