5 10 2 1 S
5 0 1 0 S
5 8 0 2 S
10 7 2 0 N
10 4 0 1 N
10 1 1 2 N
7 0 0 1 N
7 9 2 0 N
7 7 1 2 N
0 3 1 1 N
0 13 2 2 N
0 11 0 0 N
3 13 2 2 N
3 4 0 0 N
3 7 1 1 N
13 9 2 1 N
13 3 0 0 N
13 4 1 2 N
9 14 1 0 N
9 8 0 1 N
9 8 2 2 N
14 15 0 1 N
14 1 1 0 N
14 5 2 2 N
15 6 2 0 N
15 1 0 1 N
15 5 1 2 N
6 12 1 2 N
6 13 0 0 N
6 5 2 1 N
12 4 1 2 N
12 13 0 1 N
12 11 2 0 N
4 11 2 2 N
4 3 0 0 N
4 9 1 1 N
11 1 2 1 N
11 5 0 0 N
11 7 1 2 N
1 8 2 2 N
1 7 1 0 N
1 7 0 1 N
8 2 2 1 N
8 7 0 0 N
8 7 1 2 N
2 11 2 1 N
2 9 0 0 N
2 11 1 2 N
