3 12 1 0 S
3 10 2 1 S
3 10 0 2 S
12 4 1 2 N
12 8 0 0 N
12 10 2 1 N
4 14 1 2 N
4 9 0 1 N
4 9 2 0 N
14 7 0 2 N
14 1 2 1 N
14 7 1 0 N
7 6 0 2 N
7 8 2 0 N
7 9 1 1 N
6 13 1 1 N
6 10 0 0 N
6 11 2 2 N
13 0 2 0 N
13 7 0 1 N
13 1 1 2 N
0 8 2 0 N
0 8 0 2 N
0 8 1 1 N
8 5 2 2 N
8 8 0 1 N
8 8 1 0 N
5 2 2 1 N
5 15 1 0 N
5 8 0 2 N
2 9 2 0 N
2 10 1 1 N
2 10 0 2 N
9 1 2 1 N
9 10 1 2 N
9 2 0 0 N
1 11 0 1 N
1 11 1 2 N
1 9 2 0 N
11 10 0 0 N
11 7 1 1 N
11 10 2 2 N
10 15 1 1 N
10 15 2 0 N
10 8 0 2 N
15 7 1 1 N
15 11 2 2 N
15 2 0 0 N
