27 28 0 1 S
27 1 1 0 S
27 4 2 2 S
28 29 0 0 N
28 12 1 1 N
28 2 2 2 N
29 15 0 0 N
29 24 1 2 N
29 17 2 1 N
15 21 1 0 N
15 12 0 2 N
15 1 2 1 N
21 24 2 0 N
21 5 0 1 N
21 26 1 2 N
24 13 0 0 N
24 15 2 2 N
24 23 1 1 N
13 16 2 0 N
13 30 1 1 N
13 3 0 2 N
16 2 1 0 N
16 1 0 2 N
16 23 2 1 N
2 9 1 2 N
2 27 0 1 N
2 23 2 0 N
9 3 2 0 N
9 1 1 1 N
9 5 0 2 N
3 6 2 0 N
3 23 0 2 N
3 18 1 1 N
6 20 0 1 N
6 18 2 0 N
6 24 1 2 N
20 7 0 0 N
20 10 1 2 N
20 23 2 1 N
7 1 2 0 N
7 15 0 2 N
7 3 1 1 N
1 18 0 0 N
1 17 1 1 N
1 23 2 2 N
18 17 2 2 N
18 6 0 0 N
18 24 1 1 N
17 23 0 0 N
17 26 1 2 N
17 24 2 1 N
23 4 2 2 N
23 4 0 0 N
23 4 1 1 N
4 14 1 2 N
4 4 2 0 N
4 4 0 1 N
14 10 2 0 N
14 4 1 1 N
14 4 0 2 N
10 25 1 0 N
10 25 2 2 N
10 12 0 1 N
25 19 0 2 N
25 16 2 0 N
25 2 1 1 N
19 8 2 2 N
19 4 0 1 N
19 5 1 0 N
8 26 1 0 N
8 20 0 2 N
8 7 2 1 N
26 5 0 1 N
26 0 2 2 N
26 0 1 0 N
5 11 1 0 N
5 1 2 2 N
5 6 0 1 N
11 22 0 0 N
11 17 1 1 N
11 3 2 2 N
22 0 2 2 N
22 21 0 0 N
22 19 1 1 N
0 12 2 1 N
0 7 0 0 N
0 14 1 2 N
12 30 1 0 N
12 10 0 1 N
12 4 2 2 N
30 25 0 0 N
30 29 2 1 N
30 3 1 2 N
