14 23 2 0 S
14 10 1 1 S
14 24 0 2 S
23 12 1 0 N
23 16 0 2 N
23 2 2 1 N
12 10 0 0 N
12 10 1 1 N
12 2 2 2 N
10 29 0 2 N
10 23 1 1 N
10 18 2 0 N
29 11 2 0 N
29 2 0 2 N
29 18 1 1 N
11 3 0 2 N
11 7 2 0 N
11 14 1 1 N
3 13 1 0 N
3 23 2 1 N
3 7 0 2 N
13 30 1 1 N
13 27 2 2 N
13 3 0 0 N
30 16 0 2 N
30 5 1 1 N
30 24 2 0 N
16 0 0 0 N
16 17 2 1 N
16 4 1 2 N
0 27 1 1 N
0 27 2 0 N
0 27 0 2 N
27 6 1 0 N
27 12 0 2 N
27 10 2 1 N
6 21 2 0 N
6 21 1 2 N
6 22 0 1 N
21 4 1 0 N
21 8 0 2 N
21 28 2 1 N
4 1 1 1 N
4 12 2 0 N
4 28 0 2 N
1 19 1 0 N
1 26 0 1 N
1 16 2 2 N
19 24 2 1 N
19 20 0 2 N
19 25 1 0 N
24 2 1 1 N
24 12 0 0 N
24 26 2 2 N
2 17 2 2 N
2 18 0 0 N
2 2 1 1 N
17 28 2 0 N
17 16 1 2 N
17 22 0 1 N
28 15 0 0 N
28 4 2 2 N
28 12 1 1 N
15 20 0 2 N
15 22 2 1 N
15 11 1 0 N
20 5 0 1 N
20 21 2 2 N
20 28 1 0 N
5 25 1 1 N
5 21 2 2 N
5 29 0 0 N
25 9 0 2 N
25 26 1 0 N
25 29 2 1 N
9 18 0 0 N
9 16 2 2 N
9 26 1 1 N
18 8 2 1 N
18 26 1 2 N
18 2 0 0 N
8 7 1 2 N
8 24 0 1 N
8 24 2 0 N
7 26 0 0 N
7 1 2 1 N
7 14 1 2 N
26 22 2 2 N
26 2 0 0 N
26 18 1 1 N
22 27 2 2 N
22 2 0 0 N
22 12 1 1 N
