22 5 1 1 S
22 12 0 0 S
22 6 2 2 S
5 1 2 2 N
5 25 1 1 N
5 23 0 0 N
1 3 1 0 N
1 8 2 2 N
1 0 0 1 N
3 12 2 0 N
3 4 1 2 N
3 28 0 1 N
12 10 1 0 N
12 9 0 2 N
12 17 2 1 N
10 30 2 2 N
10 24 0 0 N
10 6 1 1 N
30 7 1 1 N
30 13 2 2 N
30 14 0 0 N
7 21 2 1 N
7 17 0 0 N
7 17 1 2 N
21 9 2 0 N
21 19 0 2 N
21 17 1 1 N
9 23 1 0 N
9 13 2 2 N
9 5 0 1 N
23 13 1 2 N
23 19 2 0 N
23 8 0 1 N
13 15 2 0 N
13 19 1 2 N
13 14 0 1 N
15 24 1 0 N
15 12 0 2 N
15 14 2 1 N
24 20 0 0 N
24 26 2 2 N
24 12 1 1 N
20 27 1 0 N
20 10 0 2 N
20 25 2 1 N
27 4 2 2 N
27 19 1 0 N
27 13 0 1 N
4 11 2 0 N
4 24 1 2 N
4 6 0 1 N
11 25 2 0 N
11 7 1 1 N
11 14 0 2 N
25 8 2 1 N
25 7 1 0 N
25 11 0 2 N
8 28 2 2 N
8 7 1 1 N
8 6 0 0 N
28 0 1 1 N
28 22 2 0 N
28 7 0 2 N
0 18 1 2 N
0 17 0 0 N
0 6 2 1 N
18 14 2 1 N
18 15 1 0 N
18 17 0 2 N
14 19 0 2 N
14 6 2 1 N
14 7 1 0 N
19 6 0 0 N
19 4 1 1 N
19 25 2 2 N
6 29 1 1 N
6 23 0 2 N
6 7 2 0 N
29 2 1 1 N
29 25 0 2 N
29 0 2 0 N
2 26 2 0 N
2 28 1 2 N
2 30 0 1 N
26 16 2 1 N
26 16 1 2 N
26 21 0 0 N
16 17 0 1 N
16 21 2 2 N
16 15 1 0 N
17 11 0 1 N
17 17 2 2 N
17 17 1 0 N
