24 6 2 0 S
24 12 1 2 S
24 4 0 1 S
6 27 1 1 N
6 22 0 2 N
6 2 2 0 N
27 2 2 1 N
27 15 0 0 N
27 5 1 2 N
2 20 2 2 N
2 25 0 0 N
2 0 1 1 N
20 23 0 1 N
20 29 2 0 N
20 15 1 2 N
23 15 1 0 N
23 7 2 1 N
23 24 0 2 N
15 17 0 2 N
15 11 2 0 N
15 1 1 1 N
17 18 0 1 N
17 28 1 2 N
17 21 2 0 N
18 5 1 1 N
18 13 2 0 N
18 7 0 2 N
5 29 0 1 N
5 2 2 2 N
5 20 1 0 N
29 14 1 2 N
29 28 0 1 N
29 24 2 0 N
14 16 1 2 N
14 20 2 1 N
14 24 0 0 N
16 1 1 2 N
16 30 0 1 N
16 6 2 0 N
1 3 0 2 N
1 13 2 1 N
1 22 1 0 N
3 28 1 2 N
3 27 2 0 N
3 23 0 1 N
28 8 0 0 N
28 27 1 2 N
28 16 2 1 N
8 13 2 2 N
8 16 0 0 N
8 20 1 1 N
13 11 0 0 N
13 22 2 1 N
13 21 1 2 N
11 30 0 0 N
11 1 2 2 N
11 20 1 1 N
30 0 0 2 N
30 14 1 0 N
30 8 2 1 N
0 4 1 0 N
0 15 2 1 N
0 22 0 2 N
4 10 2 2 N
4 2 0 1 N
4 21 1 0 N
10 26 0 0 N
10 27 1 2 N
10 1 2 1 N
26 22 0 2 N
26 20 1 1 N
26 20 2 0 N
22 9 2 0 N
22 22 1 2 N
22 22 0 1 N
9 25 0 1 N
9 22 1 0 N
9 13 2 2 N
25 19 1 0 N
25 6 0 2 N
25 21 2 1 N
19 21 2 0 N
19 26 1 2 N
19 4 0 1 N
21 7 1 1 N
21 19 0 0 N
21 22 2 2 N
7 12 1 0 N
7 2 0 2 N
7 15 2 1 N
12 4 0 2 N
12 8 2 1 N
12 24 1 0 N
