10 7 2 0 S
10 14 0 1 S
10 11 1 2 S
7 22 0 1 N
7 16 1 0 N
7 16 2 2 N
22 29 0 0 N
22 6 1 2 N
22 4 2 1 N
29 20 1 0 N
29 19 0 2 N
29 20 2 1 N
20 17 0 0 N
20 27 1 2 N
20 7 2 1 N
17 21 2 1 N
17 25 1 0 N
17 13 0 2 N
21 18 2 1 N
21 5 0 2 N
21 1 1 0 N
18 1 0 2 N
18 14 2 0 N
18 20 1 1 N
1 28 1 2 N
1 20 0 0 N
1 4 2 1 N
28 6 0 1 N
28 4 1 2 N
28 20 2 0 N
6 5 0 1 N
6 22 1 0 N
6 14 2 2 N
5 30 2 0 N
5 11 1 2 N
5 27 0 1 N
30 12 1 2 N
30 14 2 0 N
30 12 0 1 N
12 15 1 2 N
12 30 2 1 N
12 4 0 0 N
15 25 2 1 N
15 4 0 0 N
15 10 1 2 N
25 9 0 2 N
25 10 2 1 N
25 20 1 0 N
9 11 0 2 N
9 7 2 0 N
9 4 1 1 N
11 26 1 2 N
11 15 0 1 N
11 16 2 0 N
26 2 2 0 N
26 4 0 2 N
26 28 1 1 N
2 16 0 2 N
2 24 2 0 N
2 22 1 1 N
16 3 0 2 N
16 23 1 1 N
16 16 2 0 N
3 13 1 1 N
3 20 0 2 N
3 14 2 0 N
13 19 2 2 N
13 15 1 1 N
13 16 0 0 N
19 23 1 1 N
19 1 2 2 N
19 15 0 0 N
23 0 0 0 N
23 7 2 1 N
23 7 1 2 N
0 24 2 2 N
0 15 0 1 N
0 14 1 0 N
24 14 1 2 N
24 13 2 1 N
24 20 0 0 N
14 27 2 2 N
14 13 0 0 N
14 4 1 1 N
27 8 2 2 N
27 11 1 1 N
27 12 0 0 N
8 4 2 0 N
8 0 1 1 N
8 14 0 2 N
4 0 1 0 N
4 7 0 2 N
4 16 2 1 N
