21 11 2 2 S
21 17 0 0 S
21 11 1 1 S
11 28 2 2 N
11 0 1 1 N
11 13 0 0 N
28 26 0 1 N
28 27 2 2 N
28 4 1 0 N
26 5 2 2 N
26 4 0 0 N
26 12 1 1 N
5 29 0 0 N
5 4 2 1 N
5 13 1 2 N
29 18 2 0 N
29 13 0 1 N
29 25 1 2 N
18 30 0 1 N
18 20 2 2 N
18 25 1 0 N
30 7 0 2 N
30 14 1 1 N
30 13 2 0 N
7 10 1 2 N
7 5 0 1 N
7 25 2 0 N
10 6 2 0 N
10 2 0 2 N
10 18 1 1 N
6 13 1 0 N
6 30 2 2 N
6 24 0 1 N
13 8 2 1 N
13 22 1 0 N
13 13 0 2 N
8 1 0 0 N
8 2 2 2 N
8 4 1 1 N
1 0 2 0 N
1 0 1 2 N
1 0 0 1 N
0 23 0 1 N
0 14 2 2 N
0 22 1 0 N
23 4 2 2 N
23 1 0 1 N
23 4 1 0 N
4 12 0 2 N
4 14 2 0 N
4 20 1 1 N
12 14 1 0 N
12 30 2 2 N
12 20 0 1 N
14 9 2 0 N
14 24 0 1 N
14 30 1 2 N
9 15 1 0 N
9 28 2 2 N
9 21 0 1 N
15 20 2 2 N
15 4 0 0 N
15 10 1 1 N
20 27 1 1 N
20 22 2 2 N
20 25 0 0 N
27 2 0 2 N
27 14 2 0 N
27 13 1 1 N
2 22 0 1 N
2 27 1 0 N
2 10 2 2 N
22 19 2 0 N
22 24 1 1 N
22 13 0 2 N
19 3 0 1 N
19 1 2 2 N
19 1 1 0 N
3 25 0 0 N
3 0 1 1 N
3 0 2 2 N
25 17 0 1 N
25 6 2 0 N
25 27 1 2 N
17 16 1 1 N
17 13 0 2 N
17 11 2 0 N
16 24 2 2 N
16 5 0 0 N
16 25 1 1 N
24 22 1 0 N
24 4 0 2 N
24 27 2 1 N
