2 10 1 1 S
2 27 0 2 S
2 7 2 0 S
10 23 0 1 N
10 0 1 2 N
10 21 2 0 N
23 3 1 0 N
23 17 2 1 N
23 21 0 2 N
3 9 1 0 N
3 27 2 2 N
3 29 0 1 N
9 20 1 2 N
9 24 2 1 N
9 22 0 0 N
20 7 1 0 N
20 19 2 1 N
20 11 0 2 N
7 11 0 0 N
7 15 1 2 N
7 21 2 1 N
11 16 1 2 N
11 2 0 1 N
11 25 2 0 N
16 25 2 1 N
16 5 0 0 N
16 26 1 2 N
25 8 0 0 N
25 17 1 1 N
25 21 2 2 N
8 4 2 2 N
8 29 0 0 N
8 15 1 1 N
4 12 0 2 N
4 12 2 0 N
4 18 1 1 N
12 1 0 0 N
12 27 1 2 N
12 7 2 1 N
1 5 2 2 N
1 3 1 1 N
1 4 0 0 N
5 17 0 1 N
5 29 2 0 N
5 24 1 2 N
17 14 0 0 N
17 21 1 1 N
17 0 2 2 N
14 0 1 1 N
14 3 2 2 N
14 8 0 0 N
0 6 0 1 N
0 18 2 2 N
0 5 1 0 N
6 13 2 0 N
6 13 1 1 N
6 13 0 2 N
13 27 2 1 N
13 15 0 2 N
13 5 1 0 N
27 21 1 0 N
27 8 2 2 N
27 4 0 1 N
21 15 1 0 N
21 7 0 1 N
21 24 2 2 N
15 18 2 0 N
15 12 0 2 N
15 17 1 1 N
18 19 2 1 N
18 7 0 0 N
18 7 1 2 N
19 26 1 2 N
19 3 0 1 N
19 8 2 0 N
26 22 1 0 N
26 30 2 1 N
26 2 0 2 N
22 28 0 1 N
22 0 1 2 N
22 3 2 0 N
28 30 1 0 N
28 8 0 2 N
28 18 2 1 N
30 29 0 1 N
30 1 2 0 N
30 27 1 2 N
29 24 2 0 N
29 17 0 1 N
29 21 1 2 N
24 21 0 0 N
24 21 1 2 N
24 24 2 1 N
