19 4 1 0 S
19 29 2 1 S
19 18 0 2 S
4 0 2 2 N
4 22 1 0 N
4 29 0 1 N
0 17 0 1 N
0 9 1 2 N
0 13 2 0 N
17 8 1 1 N
17 22 2 0 N
17 29 0 2 N
8 7 2 1 N
8 9 0 0 N
8 12 1 2 N
7 28 0 0 N
7 11 2 2 N
7 13 1 1 N
28 22 2 0 N
28 9 1 1 N
28 12 0 2 N
22 26 0 0 N
22 6 2 2 N
22 11 1 1 N
26 13 1 1 N
26 30 2 0 N
26 28 0 2 N
13 30 2 0 N
13 25 0 2 N
13 12 1 1 N
30 1 1 0 N
30 28 2 1 N
30 3 0 2 N
1 21 2 0 N
1 24 0 1 N
1 3 1 2 N
21 29 2 0 N
21 16 0 2 N
21 24 1 1 N
29 5 0 2 N
29 24 2 0 N
29 25 1 1 N
5 12 0 0 N
5 6 2 2 N
5 25 1 1 N
12 15 1 2 N
12 25 0 1 N
12 25 2 0 N
15 18 0 2 N
15 25 2 0 N
15 19 1 1 N
18 24 2 0 N
18 13 0 2 N
18 28 1 1 N
24 14 2 0 N
24 28 0 2 N
24 13 1 1 N
14 3 2 0 N
14 29 1 2 N
14 22 0 1 N
3 11 1 0 N
3 22 2 2 N
3 28 0 1 N
11 20 0 2 N
11 19 2 1 N
11 12 1 0 N
20 23 1 1 N
20 13 2 0 N
20 8 0 2 N
23 10 0 2 N
23 25 1 0 N
23 24 2 1 N
10 25 2 2 N
10 21 0 0 N
10 29 1 1 N
25 2 0 0 N
25 12 2 1 N
25 25 1 2 N
2 27 1 0 N
2 15 0 2 N
2 21 2 1 N
27 6 1 2 N
27 25 0 1 N
27 7 2 0 N
6 16 2 1 N
6 4 0 2 N
6 25 1 0 N
16 9 2 1 N
16 11 1 0 N
16 7 0 2 N
9 12 1 2 N
9 29 0 1 N
9 13 2 0 N
