27 14 1 2 S
27 11 0 0 S
27 7 2 1 S
14 7 1 0 N
14 15 2 2 N
14 7 0 1 N
7 30 1 1 N
7 12 2 2 N
7 26 0 0 N
30 3 0 0 N
30 24 2 1 N
30 7 1 2 N
3 4 1 1 N
3 27 2 2 N
3 4 0 0 N
4 22 2 1 N
4 20 1 2 N
4 26 0 0 N
22 10 2 0 N
22 3 0 2 N
22 25 1 1 N
10 19 0 0 N
10 12 2 2 N
10 27 1 1 N
19 6 1 0 N
19 6 0 1 N
19 9 2 2 N
6 17 1 0 N
6 27 0 1 N
6 25 2 2 N
17 24 2 0 N
17 3 0 1 N
17 5 1 2 N
24 2 2 1 N
24 21 1 0 N
24 3 0 2 N
2 0 0 1 N
2 1 2 0 N
2 15 1 2 N
0 21 1 1 N
0 26 2 2 N
0 7 0 0 N
21 25 2 0 N
21 4 1 2 N
21 25 0 1 N
25 23 0 1 N
25 30 1 0 N
25 7 2 2 N
23 1 0 0 N
23 19 2 2 N
23 5 1 1 N
1 5 2 1 N
1 27 1 0 N
1 3 0 2 N
5 12 0 1 N
5 18 2 0 N
5 26 1 2 N
12 16 1 2 N
12 21 2 1 N
12 14 0 0 N
16 15 0 1 N
16 6 1 0 N
16 20 2 2 N
15 18 1 0 N
15 11 0 1 N
15 27 2 2 N
18 13 0 2 N
18 10 2 0 N
18 4 1 1 N
13 9 2 0 N
13 15 0 2 N
13 12 1 1 N
9 20 0 2 N
9 21 1 1 N
9 1 2 0 N
20 26 1 1 N
20 22 2 2 N
20 26 0 0 N
26 28 2 2 N
26 16 1 0 N
26 26 0 1 N
28 11 1 0 N
28 13 2 2 N
28 16 0 1 N
11 8 2 0 N
11 7 1 2 N
11 7 0 1 N
8 29 0 0 N
8 26 2 2 N
8 20 1 1 N
29 20 2 0 N
29 20 0 1 N
29 5 1 2 N
