30 3 1 2 S
30 1 2 1 S
30 3 0 0 S
3 22 2 0 N
3 27 1 2 N
3 1 0 1 N
22 14 1 1 N
22 28 2 2 N
22 11 0 0 N
14 9 1 2 N
14 13 2 0 N
14 13 0 1 N
9 26 0 0 N
9 22 1 2 N
9 14 2 1 N
26 18 2 2 N
26 29 0 0 N
26 29 1 1 N
18 25 0 2 N
18 13 1 1 N
18 13 2 0 N
25 15 0 1 N
25 14 1 2 N
25 11 2 0 N
15 17 0 0 N
15 1 2 2 N
15 1 1 1 N
17 7 1 2 N
17 5 2 1 N
17 3 0 0 N
7 21 2 1 N
7 21 1 0 N
7 9 0 2 N
21 28 0 2 N
21 16 2 0 N
21 11 1 1 N
28 13 2 1 N
28 21 1 0 N
28 1 0 2 N
13 0 0 2 N
13 16 2 1 N
13 13 1 0 N
0 8 1 1 N
0 22 2 2 N
0 14 0 0 N
8 24 0 0 N
8 22 1 2 N
8 5 2 1 N
24 16 0 2 N
24 18 1 1 N
24 14 2 0 N
16 5 1 0 N
16 19 0 2 N
16 1 2 1 N
5 4 2 1 N
5 6 0 0 N
5 22 1 2 N
4 20 2 2 N
4 29 1 1 N
4 1 0 0 N
20 11 2 2 N
20 19 1 1 N
20 4 0 0 N
11 1 2 2 N
11 29 1 1 N
11 28 0 0 N
1 19 0 0 N
1 11 2 1 N
1 18 1 2 N
19 2 0 0 N
19 22 2 1 N
19 28 1 2 N
2 12 0 1 N
2 5 1 0 N
2 20 2 2 N
12 23 1 2 N
12 6 0 1 N
12 15 2 0 N
23 27 1 1 N
23 11 0 0 N
23 12 2 2 N
27 6 2 2 N
27 28 1 1 N
27 1 0 0 N
6 10 1 2 N
6 28 2 1 N
6 17 0 0 N
10 29 0 2 N
10 30 2 0 N
10 19 1 1 N
29 16 2 1 N
29 16 1 2 N
29 18 0 0 N
