9 15 0 2 S
9 2 1 0 S
9 9 2 1 S
15 12 2 1 N
15 29 0 0 N
15 9 1 2 N
12 16 2 0 N
12 17 1 2 N
12 14 0 1 N
16 30 2 1 N
16 6 1 2 N
16 20 0 0 N
30 17 2 0 N
30 14 0 1 N
30 1 1 2 N
17 24 0 1 N
17 25 2 2 N
17 30 1 0 N
24 10 2 2 N
24 14 1 1 N
24 9 0 0 N
10 25 2 2 N
10 1 1 0 N
10 24 0 1 N
25 2 0 2 N
25 10 2 1 N
25 1 1 0 N
2 29 0 2 N
2 14 2 1 N
2 4 1 0 N
29 5 2 0 N
29 15 1 2 N
29 17 0 1 N
5 19 0 2 N
5 1 1 0 N
5 2 2 1 N
19 11 0 1 N
19 9 1 2 N
19 9 2 0 N
11 3 2 1 N
11 7 0 2 N
11 6 1 0 N
3 0 0 0 N
3 9 1 2 N
3 9 2 1 N
0 26 0 0 N
0 1 1 2 N
0 10 2 1 N
26 14 0 0 N
26 9 2 1 N
26 8 1 2 N
14 20 0 0 N
14 25 1 1 N
14 4 2 2 N
20 4 0 1 N
20 2 2 2 N
20 7 1 0 N
4 1 2 1 N
4 14 1 0 N
4 9 0 2 N
1 21 0 0 N
1 6 1 2 N
1 4 2 1 N
21 6 2 0 N
21 9 0 1 N
21 13 1 2 N
6 8 0 1 N
6 30 1 0 N
6 2 2 2 N
8 13 0 1 N
8 10 1 2 N
8 1 2 0 N
13 28 1 1 N
13 3 0 2 N
13 9 2 0 N
28 27 1 2 N
28 19 2 1 N
28 1 0 0 N
27 18 1 1 N
27 8 0 2 N
27 1 2 0 N
18 22 2 0 N
18 22 0 2 N
18 0 1 1 N
22 7 2 2 N
22 7 0 1 N
22 24 1 0 N
7 23 2 1 N
7 25 1 0 N
7 14 0 2 N
23 8 0 2 N
23 20 1 0 N
23 25 2 1 N
