28 23 0 2 S
28 19 1 1 S
28 26 2 0 S
23 25 1 2 N
23 11 2 0 N
23 20 0 1 N
25 3 0 1 N
25 4 1 0 N
25 8 2 2 N
3 13 0 2 N
3 13 2 0 N
3 8 1 1 N
13 27 0 1 N
13 14 1 2 N
13 8 2 0 N
27 9 2 1 N
27 28 0 0 N
27 2 1 2 N
9 15 1 1 N
9 19 0 2 N
9 15 2 0 N
15 22 0 1 N
15 0 2 2 N
15 26 1 0 N
22 26 0 0 N
22 23 1 1 N
22 13 2 2 N
26 10 1 1 N
26 10 0 2 N
26 20 2 0 N
10 2 1 0 N
10 24 0 1 N
10 8 2 2 N
2 16 1 1 N
2 11 0 2 N
2 26 2 0 N
16 14 0 1 N
16 27 2 0 N
16 11 1 2 N
14 19 0 2 N
14 1 1 0 N
14 11 2 1 N
19 21 0 1 N
19 11 1 0 N
19 26 2 2 N
21 6 1 0 N
21 1 0 2 N
21 27 2 1 N
6 8 0 2 N
6 5 1 0 N
6 5 2 1 N
8 7 1 0 N
8 20 0 2 N
8 8 2 1 N
7 18 0 2 N
7 26 2 0 N
7 15 1 1 N
18 24 0 1 N
18 13 1 2 N
18 29 2 0 N
24 11 0 1 N
24 19 1 2 N
24 13 2 0 N
11 17 1 2 N
11 20 2 1 N
11 24 0 0 N
17 4 2 0 N
17 28 1 2 N
17 29 0 1 N
4 0 0 1 N
4 13 1 2 N
4 10 2 0 N
0 30 0 2 N
0 15 2 0 N
0 29 1 1 N
30 20 0 0 N
30 13 2 1 N
30 24 1 2 N
20 5 2 2 N
20 1 1 1 N
20 8 0 0 N
5 29 1 2 N
5 26 2 1 N
5 11 0 0 N
29 1 2 1 N
29 7 1 0 N
29 3 0 2 N
1 12 0 2 N
1 25 2 1 N
1 3 1 0 N
12 30 1 1 N
12 29 2 0 N
12 23 0 2 N
