2 11 0 2 S
2 8 2 0 S
2 12 1 1 S
11 10 0 1 N
11 10 2 0 N
11 6 1 2 N
10 20 2 2 N
10 6 0 0 N
10 8 1 1 N
20 9 0 1 N
20 5 2 0 N
20 15 1 2 N
9 16 0 1 N
9 21 2 2 N
9 25 1 0 N
16 13 0 1 N
16 25 2 0 N
16 26 1 2 N
13 12 0 2 N
13 28 1 1 N
13 8 2 0 N
12 6 1 0 N
12 13 2 1 N
12 30 0 2 N
6 23 0 2 N
6 3 2 1 N
6 8 1 0 N
23 1 1 1 N
23 9 0 2 N
23 26 2 0 N
1 3 1 0 N
1 10 2 1 N
1 25 0 2 N
3 18 2 0 N
3 15 0 2 N
3 26 1 1 N
18 4 1 0 N
18 17 0 2 N
18 8 2 1 N
4 30 0 2 N
4 24 1 0 N
4 17 2 1 N
30 27 0 1 N
30 22 2 0 N
30 22 1 2 N
27 28 2 1 N
27 30 1 0 N
27 24 0 2 N
28 7 1 1 N
28 29 0 2 N
28 3 2 0 N
7 14 2 2 N
7 5 0 1 N
7 7 1 0 N
14 29 1 2 N
14 2 2 0 N
14 3 0 1 N
29 25 2 2 N
29 18 1 1 N
29 3 0 0 N
25 15 1 2 N
25 12 0 1 N
25 18 2 0 N
15 0 1 0 N
15 9 2 2 N
15 25 0 1 N
0 19 0 1 N
0 11 2 0 N
0 18 1 2 N
19 24 0 0 N
19 16 2 2 N
19 7 1 1 N
24 8 1 1 N
24 16 2 0 N
24 5 0 2 N
8 17 0 1 N
8 22 2 2 N
8 7 1 0 N
17 22 1 0 N
17 1 2 1 N
17 30 0 2 N
22 26 2 2 N
22 25 1 0 N
22 8 0 1 N
26 21 1 1 N
26 1 2 2 N
26 5 0 0 N
21 5 2 1 N
21 2 0 2 N
21 18 1 0 N
5 30 2 0 N
5 18 1 2 N
5 7 0 1 N
