6 14 2 2 S
6 17 0 0 S
6 10 1 1 S
14 27 2 2 N
14 7 1 0 N
14 7 0 1 N
27 25 1 1 N
27 28 2 2 N
27 16 0 0 N
25 19 1 2 N
25 19 0 1 N
25 11 2 0 N
19 10 2 0 N
19 6 1 2 N
19 28 0 1 N
10 22 1 2 N
10 9 0 1 N
10 17 2 0 N
22 23 2 1 N
22 2 1 2 N
22 6 0 0 N
23 1 2 1 N
23 15 1 0 N
23 28 0 2 N
1 24 0 2 N
1 30 1 1 N
1 8 2 0 N
24 17 2 2 N
24 13 1 1 N
24 15 0 0 N
17 29 1 2 N
17 15 0 0 N
17 19 2 1 N
29 28 1 1 N
29 24 0 2 N
29 12 2 0 N
28 21 2 1 N
28 7 1 2 N
28 28 0 0 N
21 30 2 1 N
21 2 0 0 N
21 28 1 2 N
30 0 1 1 N
30 16 2 0 N
30 16 0 2 N
0 8 1 2 N
0 10 0 1 N
0 26 2 0 N
8 5 1 0 N
8 9 2 1 N
8 30 0 2 N
5 13 0 1 N
5 26 2 2 N
5 17 1 0 N
13 2 1 2 N
13 19 2 1 N
13 10 0 0 N
2 16 0 1 N
2 23 1 2 N
2 29 2 0 N
16 26 2 2 N
16 22 1 1 N
16 9 0 0 N
26 12 0 0 N
26 2 1 1 N
26 23 2 2 N
12 15 1 2 N
12 23 2 0 N
12 7 0 1 N
15 20 0 1 N
15 16 1 2 N
15 10 2 0 N
20 4 0 2 N
20 13 2 1 N
20 10 1 0 N
4 9 2 2 N
4 10 0 0 N
4 29 1 1 N
9 18 0 0 N
9 23 1 1 N
9 28 2 2 N
18 11 0 2 N
18 9 1 1 N
18 28 2 0 N
11 7 0 0 N
11 12 2 2 N
11 28 1 1 N
7 3 0 1 N
7 28 2 2 N
7 28 1 0 N
3 13 1 2 N
3 0 0 1 N
3 26 2 0 N
