23 10 0 1 S
23 8 1 2 S
23 30 2 0 S
10 21 0 0 N
10 29 2 2 N
10 11 1 1 N
21 6 1 0 N
21 23 2 2 N
21 3 0 1 N
6 25 2 0 N
6 5 1 1 N
6 11 0 2 N
25 27 1 1 N
25 26 2 0 N
25 11 0 2 N
27 15 1 0 N
27 18 0 1 N
27 5 2 2 N
15 30 0 0 N
15 8 2 2 N
15 11 1 1 N
30 14 1 0 N
30 25 0 1 N
30 11 2 2 N
14 19 1 1 N
14 19 0 0 N
14 16 2 2 N
19 2 0 0 N
19 5 2 1 N
19 15 1 2 N
2 29 2 0 N
2 4 1 1 N
2 29 0 2 N
29 22 0 2 N
29 26 1 1 N
29 19 2 0 N
22 8 0 1 N
22 23 2 2 N
22 29 1 0 N
8 24 1 1 N
8 11 0 0 N
8 11 2 2 N
24 17 1 1 N
24 4 0 0 N
24 2 2 2 N
17 9 0 0 N
17 9 2 1 N
17 26 1 2 N
9 28 0 0 N
9 21 1 2 N
9 7 2 1 N
28 13 0 0 N
28 6 2 2 N
28 12 1 1 N
13 5 0 0 N
13 21 2 2 N
13 30 1 1 N
5 3 1 2 N
5 24 2 1 N
5 24 0 0 N
3 4 2 1 N
3 29 0 2 N
3 30 1 0 N
4 7 2 1 N
4 19 0 0 N
4 18 1 2 N
7 26 1 0 N
7 14 0 1 N
7 22 2 2 N
26 12 2 1 N
26 3 0 2 N
26 11 1 0 N
12 18 0 1 N
12 10 1 2 N
12 24 2 0 N
18 11 0 1 N
18 23 2 2 N
18 11 1 0 N
11 0 1 1 N
11 11 0 0 N
11 11 2 2 N
0 16 2 0 N
0 28 1 1 N
0 2 0 2 N
16 1 2 2 N
16 23 1 0 N
16 6 0 1 N
1 20 2 0 N
1 25 1 1 N
1 23 0 2 N
20 11 2 2 N
20 29 1 0 N
20 15 0 1 N
