28 11 0 1 S
28 1 1 0 S
28 2 2 2 S
11 24 2 1 N
11 6 1 2 N
11 2 0 0 N
24 5 0 0 N
24 28 2 2 N
24 0 1 1 N
5 21 1 0 N
5 2 2 1 N
5 30 0 2 N
21 19 1 0 N
21 18 2 1 N
21 2 0 2 N
19 7 2 1 N
19 5 0 0 N
19 30 1 2 N
7 9 1 1 N
7 23 2 0 N
7 30 0 2 N
9 6 2 2 N
9 0 0 1 N
9 14 1 0 N
6 15 2 1 N
6 10 1 2 N
6 25 0 0 N
15 20 1 2 N
15 3 0 0 N
15 27 2 1 N
20 2 0 1 N
20 18 1 2 N
20 23 2 0 N
2 13 2 0 N
2 18 1 1 N
2 2 0 2 N
13 3 2 2 N
13 14 1 1 N
13 12 0 0 N
3 27 0 1 N
3 15 1 2 N
3 28 2 0 N
27 8 1 2 N
27 16 2 1 N
27 18 0 0 N
8 22 2 0 N
8 15 1 1 N
8 19 0 2 N
22 23 1 1 N
22 30 0 2 N
22 11 2 0 N
23 16 0 0 N
23 14 1 2 N
23 19 2 1 N
16 1 0 1 N
16 18 2 0 N
16 0 1 2 N
1 18 2 2 N
1 13 0 1 N
1 17 1 0 N
18 4 2 2 N
18 13 0 1 N
18 2 1 0 N
4 29 2 0 N
4 15 1 1 N
4 27 0 2 N
29 17 2 1 N
29 13 0 2 N
29 14 1 0 N
17 14 0 0 N
17 14 1 1 N
17 2 2 2 N
14 30 0 1 N
14 1 2 0 N
14 18 1 2 N
30 10 1 2 N
30 12 0 1 N
30 2 2 0 N
10 26 1 0 N
10 9 2 1 N
10 3 0 2 N
26 25 1 0 N
26 4 0 2 N
26 12 2 1 N
25 0 2 0 N
25 1 0 1 N
25 7 1 2 N
0 12 2 0 N
0 1 0 1 N
0 14 1 2 N
12 10 0 0 N
12 18 2 1 N
12 17 1 2 N
