4 3 2 2 S
4 12 0 0 S
4 15 1 1 S
3 9 0 0 N
3 6 1 1 N
3 15 2 2 N
9 0 2 2 N
9 24 0 0 N
9 12 1 1 N
0 29 1 0 N
0 17 2 1 N
0 25 0 2 N
29 7 1 0 N
29 30 2 2 N
29 21 0 1 N
7 30 1 0 N
7 2 2 2 N
7 24 0 1 N
30 25 1 1 N
30 22 2 0 N
30 12 0 2 N
25 16 2 1 N
25 10 1 0 N
25 8 0 2 N
16 1 2 1 N
16 18 1 0 N
16 9 0 2 N
1 22 1 0 N
1 16 2 2 N
1 10 0 1 N
22 27 1 0 N
22 30 2 2 N
22 5 0 1 N
27 13 2 2 N
27 21 0 1 N
27 2 1 0 N
13 21 2 1 N
13 24 0 0 N
13 19 1 2 N
21 12 0 2 N
21 19 1 0 N
21 5 2 1 N
12 8 2 1 N
12 5 1 2 N
12 17 0 0 N
8 18 1 1 N
8 26 0 0 N
8 11 2 2 N
18 24 1 1 N
18 0 0 2 N
18 5 2 0 N
24 10 2 0 N
24 17 1 2 N
24 5 0 1 N
10 5 0 2 N
10 7 2 0 N
10 13 1 1 N
5 17 0 2 N
5 24 1 1 N
5 5 2 0 N
17 23 2 1 N
17 5 0 0 N
17 5 1 2 N
23 19 0 1 N
23 7 2 2 N
23 3 1 0 N
19 11 1 2 N
19 24 2 0 N
19 5 0 1 N
11 26 1 2 N
11 23 0 0 N
11 3 2 1 N
26 28 0 0 N
26 15 1 2 N
26 22 2 1 N
28 14 2 2 N
28 1 1 1 N
28 1 0 0 N
14 6 2 2 N
14 19 0 1 N
14 22 1 0 N
6 20 1 1 N
6 22 2 2 N
6 4 0 0 N
20 2 2 0 N
20 13 0 2 N
20 9 1 1 N
2 15 0 2 N
2 5 2 1 N
2 24 1 0 N
15 18 0 1 N
15 7 2 0 N
15 17 1 2 N
