19 13 1 1 S
19 15 2 0 S
19 15 0 2 S
13 27 0 2 N
13 19 1 0 N
13 9 2 1 N
27 5 0 2 N
27 26 2 0 N
27 15 1 1 N
5 17 0 1 N
5 27 2 0 N
5 28 1 2 N
17 14 2 1 N
17 10 0 0 N
17 27 1 2 N
14 2 0 1 N
14 12 2 0 N
14 15 1 2 N
2 24 1 2 N
2 25 2 1 N
2 21 0 0 N
24 30 0 1 N
24 28 1 2 N
24 1 2 0 N
30 7 0 0 N
30 15 1 1 N
30 12 2 2 N
7 6 2 2 N
7 17 0 1 N
7 28 1 0 N
6 20 0 2 N
6 22 2 0 N
6 17 1 1 N
20 22 1 1 N
20 21 2 0 N
20 13 0 2 N
22 0 1 2 N
22 18 2 1 N
22 10 0 0 N
0 25 2 2 N
0 1 0 0 N
0 4 1 1 N
25 26 0 2 N
25 17 1 0 N
25 13 2 1 N
26 3 2 1 N
26 6 0 0 N
26 19 1 2 N
3 28 2 1 N
3 13 0 2 N
3 17 1 0 N
28 29 2 2 N
28 5 0 1 N
28 27 1 0 N
29 18 1 2 N
29 20 0 0 N
29 17 2 1 N
18 10 0 0 N
18 10 1 1 N
18 3 2 2 N
10 16 2 0 N
10 0 1 1 N
10 26 0 2 N
16 23 0 1 N
16 27 2 0 N
16 11 1 2 N
23 1 1 1 N
23 21 0 0 N
23 11 2 2 N
1 8 0 0 N
1 26 2 1 N
1 10 1 2 N
8 4 2 0 N
8 4 1 1 N
8 15 0 2 N
4 12 1 2 N
4 28 0 1 N
4 21 2 0 N
12 21 1 0 N
12 19 2 1 N
12 11 0 2 N
21 9 0 0 N
21 12 2 2 N
21 19 1 1 N
9 15 0 1 N
9 10 1 2 N
9 27 2 0 N
15 11 2 2 N
15 22 1 1 N
15 15 0 0 N
11 26 2 0 N
11 3 0 2 N
11 15 1 1 N
