12 20 0 0 S
12 9 1 1 S
12 15 2 2 S
20 24 0 0 N
20 16 2 2 N
20 4 1 1 N
24 22 1 0 N
24 5 0 2 N
24 3 2 1 N
22 2 0 1 N
22 3 2 0 N
22 15 1 2 N
2 13 1 1 N
2 4 2 2 N
2 7 0 0 N
13 3 0 1 N
13 10 1 2 N
13 0 2 0 N
3 28 2 1 N
3 7 0 2 N
3 2 1 0 N
28 14 0 2 N
28 23 2 1 N
28 20 1 0 N
14 29 2 2 N
14 0 0 1 N
14 15 1 0 N
29 19 2 2 N
29 14 0 0 N
29 4 1 1 N
19 4 1 0 N
19 7 2 1 N
19 0 0 2 N
4 23 1 2 N
4 3 0 0 N
4 19 2 1 N
23 17 1 2 N
23 16 0 0 N
23 19 2 1 N
17 16 2 0 N
17 20 1 1 N
17 29 0 2 N
16 30 0 2 N
16 8 1 0 N
16 10 2 1 N
30 7 1 0 N
30 5 2 1 N
30 5 0 2 N
7 10 2 2 N
7 13 0 0 N
7 10 1 1 N
10 11 2 0 N
10 2 1 2 N
10 0 0 1 N
11 25 0 1 N
11 1 1 2 N
11 1 2 0 N
25 21 0 2 N
25 28 2 1 N
25 24 1 0 N
21 6 2 0 N
21 9 1 1 N
21 5 0 2 N
6 5 1 2 N
6 22 0 0 N
6 0 2 1 N
5 0 2 1 N
5 25 1 2 N
5 7 0 0 N
0 1 2 1 N
0 0 0 0 N
0 0 1 2 N
1 9 1 0 N
1 19 2 2 N
1 19 0 1 N
9 27 2 2 N
9 22 1 0 N
9 4 0 1 N
27 8 0 0 N
27 13 1 1 N
27 22 2 2 N
8 26 2 2 N
8 16 1 1 N
8 15 0 0 N
26 18 2 1 N
26 10 0 2 N
26 10 1 0 N
18 15 1 2 N
18 6 0 0 N
18 0 2 1 N
15 19 0 0 N
15 10 2 1 N
15 0 1 2 N
