3 20 1 2 S
3 4 2 0 S
3 5 0 1 S
20 12 0 0 N
20 11 1 1 N
20 1 2 2 N
12 6 1 1 N
12 17 0 0 N
12 3 2 2 N
6 24 2 1 N
6 5 0 0 N
6 22 1 2 N
24 14 0 1 N
24 9 2 0 N
24 9 1 2 N
14 21 1 2 N
14 22 0 0 N
14 14 2 1 N
21 0 0 2 N
21 30 2 0 N
21 7 1 1 N
0 7 2 2 N
0 1 1 1 N
0 11 0 0 N
7 30 1 0 N
7 13 2 1 N
7 9 0 2 N
30 9 0 1 N
30 0 1 0 N
30 24 2 2 N
9 26 1 2 N
9 14 2 0 N
9 14 0 1 N
26 17 2 0 N
26 27 0 2 N
26 28 1 1 N
17 11 2 2 N
17 16 1 0 N
17 14 0 1 N
11 8 1 2 N
11 24 0 1 N
11 14 2 0 N
8 5 1 1 N
8 6 2 2 N
8 24 0 0 N
5 27 1 2 N
5 16 2 1 N
5 7 0 0 N
27 13 1 2 N
27 14 2 0 N
27 0 0 1 N
13 22 1 2 N
13 29 2 0 N
13 17 0 1 N
22 1 2 1 N
22 3 1 2 N
22 29 0 0 N
1 23 2 1 N
1 18 1 2 N
1 0 0 0 N
23 15 0 0 N
23 3 1 2 N
23 11 2 1 N
15 10 2 1 N
15 5 0 0 N
15 14 1 2 N
10 4 0 2 N
10 19 2 0 N
10 3 1 1 N
4 2 1 2 N
4 9 2 0 N
4 9 0 1 N
2 19 1 1 N
2 15 0 2 N
2 29 2 0 N
19 16 0 2 N
19 17 1 0 N
19 4 2 1 N
16 29 0 0 N
16 0 1 1 N
16 24 2 2 N
29 18 1 1 N
29 4 0 0 N
29 0 2 2 N
18 28 0 2 N
18 25 1 0 N
18 7 2 1 N
28 25 2 0 N
28 6 1 2 N
28 16 0 1 N
25 16 2 0 N
25 0 0 1 N
25 24 1 2 N
