21 30 1 1 S
21 13 0 0 S
21 1 2 2 S
30 13 1 2 N
30 22 0 1 N
30 12 2 0 N
13 14 2 2 N
13 24 1 1 N
13 1 0 0 N
14 4 2 0 N
14 21 0 2 N
14 26 1 1 N
4 10 1 0 N
4 11 0 1 N
4 21 2 2 N
10 12 2 1 N
10 12 0 2 N
10 3 1 0 N
12 15 0 2 N
12 29 1 1 N
12 24 2 0 N
15 1 1 0 N
15 26 2 1 N
15 30 0 2 N
1 16 2 2 N
1 5 1 1 N
1 1 0 0 N
16 27 2 2 N
16 4 0 1 N
16 18 1 0 N
27 6 1 2 N
27 19 2 0 N
27 8 0 1 N
6 17 0 1 N
6 13 2 0 N
6 2 1 2 N
17 3 0 0 N
17 19 2 1 N
17 18 1 2 N
3 25 1 1 N
3 19 2 2 N
3 5 0 0 N
25 22 2 1 N
25 30 0 2 N
25 15 1 0 N
22 26 2 2 N
22 1 1 1 N
22 21 0 0 N
26 5 1 2 N
26 13 2 1 N
26 13 0 0 N
5 8 1 0 N
5 20 2 2 N
5 0 0 1 N
8 28 2 1 N
8 20 0 0 N
8 13 1 2 N
28 20 0 1 N
28 19 1 2 N
28 1 2 0 N
20 18 1 2 N
20 26 2 0 N
20 13 0 1 N
18 19 0 1 N
18 0 1 2 N
18 26 2 0 N
19 29 1 1 N
19 9 2 0 N
19 14 0 2 N
29 24 0 0 N
29 8 2 1 N
29 3 1 2 N
24 9 1 2 N
24 29 0 0 N
24 20 2 1 N
9 11 2 1 N
9 8 0 0 N
9 14 1 2 N
11 2 0 2 N
11 5 2 1 N
11 0 1 0 N
2 23 2 2 N
2 29 1 0 N
2 28 0 1 N
23 7 0 2 N
23 28 2 1 N
23 3 1 0 N
7 0 2 1 N
7 24 1 0 N
7 14 0 2 N
0 28 1 0 N
0 1 2 2 N
0 26 0 1 N
