1 14 0 1 S
1 2 2 0 S
1 0 1 2 S
14 18 1 0 N
14 17 0 1 N
14 4 2 2 N
18 27 0 0 N
18 20 2 2 N
18 0 1 1 N
27 23 2 1 N
27 10 0 2 N
27 21 1 0 N
23 7 0 0 N
23 2 2 2 N
23 12 1 1 N
7 25 1 1 N
7 16 0 2 N
7 9 2 0 N
25 21 2 0 N
25 6 0 2 N
25 29 1 1 N
21 24 2 2 N
21 1 0 1 N
21 25 1 0 N
24 29 1 1 N
24 0 2 2 N
24 24 0 0 N
29 28 0 0 N
29 25 2 1 N
29 24 1 2 N
28 30 2 0 N
28 24 1 1 N
28 24 0 2 N
30 10 0 0 N
30 5 1 2 N
30 5 2 1 N
10 26 2 1 N
10 16 0 0 N
10 24 1 2 N
26 19 0 2 N
26 29 1 0 N
26 24 2 1 N
19 0 0 1 N
19 26 1 0 N
19 26 2 2 N
0 11 2 2 N
0 1 1 1 N
0 24 0 0 N
11 9 1 0 N
11 3 0 1 N
11 1 2 2 N
9 4 2 1 N
9 19 0 0 N
9 26 1 2 N
4 13 0 1 N
4 2 2 0 N
4 6 1 2 N
13 8 2 0 N
13 9 1 1 N
13 22 0 2 N
8 22 1 2 N
8 14 2 1 N
8 13 0 0 N
22 15 1 2 N
22 9 0 0 N
22 17 2 1 N
15 16 0 0 N
15 12 2 1 N
15 10 1 2 N
16 5 1 0 N
16 9 2 2 N
16 7 0 1 N
5 6 0 1 N
5 29 1 2 N
5 2 2 0 N
6 2 1 2 N
6 12 2 1 N
6 24 0 0 N
2 20 0 2 N
2 12 2 0 N
2 6 1 1 N
20 17 1 2 N
20 4 0 1 N
20 0 2 0 N
17 3 2 1 N
17 6 0 2 N
17 12 1 0 N
3 12 1 1 N
3 9 0 2 N
3 7 2 0 N
12 28 2 0 N
12 2 1 2 N
12 24 0 1 N
