21 29 0 2 S
21 3 2 1 S
21 20 1 0 S
29 30 1 2 N
29 26 0 0 N
29 16 2 1 N
30 25 1 1 N
30 20 0 0 N
30 6 2 2 N
25 1 0 0 N
25 6 1 1 N
25 24 2 2 N
1 10 2 2 N
1 8 0 1 N
1 16 1 0 N
10 18 2 2 N
10 16 0 1 N
10 29 1 0 N
18 26 0 2 N
18 20 1 0 N
18 0 2 1 N
26 2 1 1 N
26 17 0 0 N
26 17 2 2 N
2 5 1 1 N
2 17 0 0 N
2 4 2 2 N
5 7 2 1 N
5 7 1 0 N
5 15 0 2 N
7 8 0 0 N
7 16 1 2 N
7 29 2 1 N
8 22 2 0 N
8 24 0 2 N
8 8 1 1 N
22 4 1 0 N
22 27 2 1 N
22 8 0 2 N
4 12 2 0 N
4 0 0 1 N
4 29 1 2 N
12 11 0 1 N
12 25 2 2 N
12 2 1 0 N
11 13 1 2 N
11 12 2 1 N
11 23 0 0 N
13 9 1 1 N
13 0 2 0 N
13 24 0 2 N
9 0 0 1 N
9 12 1 2 N
9 17 2 0 N
0 15 0 0 N
0 18 2 2 N
0 28 1 1 N
15 27 0 2 N
15 13 1 0 N
15 28 2 1 N
27 24 1 1 N
27 0 2 0 N
27 30 0 2 N
24 20 1 2 N
24 13 0 0 N
24 8 2 1 N
20 19 0 2 N
20 7 1 1 N
20 13 2 0 N
19 16 1 0 N
19 23 0 2 N
19 8 2 1 N
16 3 2 1 N
16 13 1 2 N
16 13 0 0 N
3 14 0 0 N
3 22 1 1 N
3 30 2 2 N
14 17 0 0 N
14 10 2 1 N
14 29 1 2 N
17 28 0 1 N
17 16 1 0 N
17 25 2 2 N
28 23 1 2 N
28 8 0 0 N
28 24 2 1 N
23 6 2 2 N
23 5 1 1 N
23 17 0 0 N
6 8 1 0 N
6 24 0 2 N
6 8 2 1 N
