16 8 2 0 S
16 11 1 1 S
16 9 0 2 S
8 1 1 2 N
8 10 2 1 N
8 5 0 0 N
1 0 0 1 N
1 13 1 2 N
1 8 2 0 N
0 13 1 0 N
0 10 2 2 N
0 0 0 1 N
13 10 0 2 N
13 2 2 1 N
13 12 1 0 N
10 14 2 1 N
10 7 1 2 N
10 7 0 0 N
14 17 0 1 N
14 5 1 0 N
14 7 2 2 N
17 5 2 2 N
17 15 0 1 N
17 6 1 0 N
5 9 0 2 N
5 8 1 1 N
5 0 2 0 N
9 12 2 1 N
9 6 1 2 N
9 0 0 0 N
12 11 1 2 N
12 14 2 1 N
12 10 0 0 N
11 2 2 1 N
11 6 1 0 N
11 10 0 2 N
2 4 2 0 N
2 6 0 1 N
2 8 1 2 N
4 3 0 2 N
4 17 1 0 N
4 6 2 1 N
3 6 2 2 N
3 15 1 1 N
3 0 0 0 N
6 15 2 2 N
6 7 1 0 N
6 3 0 1 N
15 7 1 1 N
15 17 0 0 N
15 6 2 2 N
7 0 1 0 N
7 10 2 2 N
7 0 0 1 N
