5 17 2 2 S
5 12 1 0 S
5 9 0 1 S
17 14 2 0 N
17 6 1 1 N
17 0 0 2 N
14 4 2 0 N
14 5 0 2 N
14 6 1 1 N
4 10 0 0 N
4 1 1 1 N
4 15 2 2 N
10 6 1 0 N
10 12 2 2 N
10 9 0 1 N
6 12 1 1 N
6 13 2 0 N
6 8 0 2 N
12 13 0 2 N
12 9 1 0 N
12 0 2 1 N
13 1 0 2 N
13 11 1 0 N
13 0 2 1 N
1 9 1 1 N
1 14 2 2 N
1 9 0 0 N
9 15 1 1 N
9 6 0 0 N
9 12 2 2 N
15 2 2 1 N
15 8 0 2 N
15 6 1 0 N
2 11 1 0 N
2 9 0 2 N
2 13 2 1 N
11 7 1 0 N
11 10 2 2 N
11 12 0 1 N
7 16 0 1 N
7 13 1 2 N
7 8 2 0 N
16 8 0 2 N
16 7 2 1 N
16 10 1 0 N
8 3 0 1 N
8 6 2 2 N
8 0 1 0 N
3 0 1 0 N
3 5 0 1 N
3 12 2 2 N
0 15 1 1 N
0 12 2 2 N
0 0 0 0 N
