10 17 2 1 S
10 11 1 2 S
10 4 0 0 S
17 3 0 1 N
17 1 1 2 N
17 15 2 0 N
3 4 1 1 N
3 7 2 0 N
3 16 0 2 N
4 15 0 2 N
4 14 2 1 N
4 11 1 0 N
15 16 2 1 N
15 16 1 2 N
15 14 0 0 N
16 13 1 1 N
16 13 0 2 N
16 14 2 0 N
13 6 0 0 N
13 16 1 1 N
13 11 2 2 N
6 14 2 1 N
6 15 1 0 N
6 4 0 2 N
14 8 0 1 N
14 7 1 0 N
14 11 2 2 N
8 7 1 1 N
8 4 0 2 N
8 15 2 0 N
7 1 2 2 N
7 15 1 1 N
7 4 0 0 N
1 5 2 2 N
1 5 0 0 N
1 15 1 1 N
5 11 2 1 N
5 13 0 0 N
5 15 1 2 N
11 0 2 1 N
11 11 1 2 N
11 11 0 0 N
0 2 2 0 N
0 17 1 1 N
0 11 0 2 N
2 12 0 2 N
2 8 1 1 N
2 4 2 0 N
12 9 1 0 N
12 2 2 2 N
12 5 0 1 N
9 15 1 2 N
9 1 0 0 N
9 3 2 1 N
