9 8 1 1 S
9 13 0 2 S
9 17 2 0 S
8 1 1 2 N
8 12 0 1 N
8 6 2 0 N
1 6 0 2 N
1 5 1 1 N
1 2 2 0 N
6 5 2 2 N
6 12 1 1 N
6 6 0 0 N
5 14 0 0 N
5 7 2 1 N
5 6 1 2 N
14 2 2 2 N
14 11 0 1 N
14 2 1 0 N
2 13 2 0 N
2 9 1 1 N
2 9 0 2 N
13 3 0 1 N
13 15 2 2 N
13 15 1 0 N
3 4 0 0 N
3 8 2 1 N
3 8 1 2 N
4 0 1 1 N
4 15 2 0 N
4 0 0 2 N
0 7 1 2 N
0 17 2 1 N
0 17 0 0 N
7 15 2 1 N
7 17 1 0 N
7 10 0 2 N
15 10 0 2 N
15 17 2 0 N
15 6 1 1 N
10 16 2 0 N
10 1 1 2 N
10 6 0 1 N
16 11 1 2 N
16 8 2 1 N
16 1 0 0 N
11 12 0 0 N
11 2 1 2 N
11 10 2 1 N
12 17 1 1 N
12 2 2 2 N
12 3 0 0 N
17 2 0 2 N
17 6 1 1 N
17 6 2 0 N
