4 17 2 1 S
4 17 1 2 S
4 1 0 0 S
17 3 2 0 N
17 13 0 1 N
17 15 1 2 N
3 2 1 1 N
3 17 2 0 N
3 2 0 2 N
2 7 0 1 N
2 9 1 0 N
2 9 2 2 N
7 1 0 2 N
7 16 2 0 N
7 11 1 1 N
1 0 0 0 N
1 7 1 2 N
1 15 2 1 N
0 14 2 0 N
0 2 0 2 N
0 13 1 1 N
14 16 2 0 N
14 11 0 1 N
14 12 1 2 N
16 6 1 1 N
16 5 0 0 N
16 17 2 2 N
6 9 1 2 N
6 7 0 0 N
6 11 2 1 N
9 10 1 0 N
9 12 2 2 N
9 17 0 1 N
10 8 1 2 N
10 3 0 0 N
10 1 2 1 N
8 12 1 0 N
8 2 0 2 N
8 1 2 1 N
12 11 1 2 N
12 15 0 0 N
12 17 2 1 N
11 5 1 2 N
11 1 2 1 N
11 17 0 0 N
5 13 2 1 N
5 12 1 2 N
5 15 0 0 N
13 15 2 1 N
13 15 0 0 N
13 9 1 2 N
15 3 2 2 N
15 15 0 0 N
15 15 1 1 N
