13 4 1 0 S
13 17 2 1 S
13 3 0 2 S
4 14 1 2 N
4 17 2 0 N
4 3 0 1 N
14 17 2 1 N
14 10 1 0 N
14 17 0 2 N
17 1 0 1 N
17 16 1 2 N
17 16 2 0 N
1 15 0 1 N
1 3 1 2 N
1 16 2 0 N
15 12 1 2 N
15 10 2 1 N
15 11 0 0 N
12 11 0 2 N
12 4 2 1 N
12 11 1 0 N
11 7 0 0 N
11 13 1 2 N
11 11 2 1 N
7 8 2 2 N
7 0 1 0 N
7 10 0 1 N
8 16 0 0 N
8 3 2 2 N
8 3 1 1 N
16 3 2 0 N
16 3 0 1 N
16 3 1 2 N
3 0 2 2 N
3 15 1 0 N
3 12 0 1 N
0 5 2 1 N
0 11 0 2 N
0 7 1 0 N
5 2 1 2 N
5 6 0 0 N
5 13 2 1 N
2 9 0 2 N
2 12 2 0 N
2 12 1 1 N
9 6 2 1 N
9 10 0 2 N
9 6 1 0 N
6 10 2 1 N
6 12 0 0 N
6 1 1 2 N
10 9 2 1 N
10 3 1 2 N
10 11 0 0 N
