16 11 1 2 S
16 13 2 1 S
16 13 0 0 S
11 0 2 0 N
11 6 1 1 N
11 16 0 2 N
0 5 2 2 N
0 16 1 1 N
0 15 0 0 N
5 14 2 0 N
5 15 1 2 N
5 3 0 1 N
14 1 0 1 N
14 4 2 0 N
14 12 1 2 N
1 2 1 2 N
1 7 2 0 N
1 14 0 1 N
2 15 0 2 N
2 16 1 1 N
2 16 2 0 N
15 12 2 2 N
15 6 1 1 N
15 6 0 0 N
12 6 1 2 N
12 15 2 0 N
12 8 0 1 N
6 8 1 0 N
6 17 0 2 N
6 3 2 1 N
8 9 2 0 N
8 4 1 2 N
8 16 0 1 N
9 10 0 0 N
9 2 1 2 N
9 16 2 1 N
10 4 2 2 N
10 0 1 1 N
10 9 0 0 N
4 17 1 1 N
4 13 2 2 N
4 16 0 0 N
17 7 0 1 N
17 9 1 0 N
17 8 2 2 N
7 3 2 1 N
7 3 0 2 N
7 6 1 0 N
3 13 1 0 N
3 12 0 1 N
3 4 2 2 N
13 17 0 0 N
13 2 2 2 N
13 13 1 1 N
