15 12 1 2 S
15 1 2 0 S
15 6 0 1 S
12 0 2 1 N
12 10 0 2 N
12 3 1 0 N
0 3 0 2 N
0 10 1 1 N
0 13 2 0 N
3 11 0 2 N
3 4 2 0 N
3 5 1 1 N
11 14 2 2 N
11 2 0 0 N
11 2 1 1 N
14 2 0 2 N
14 13 1 1 N
14 0 2 0 N
2 16 0 2 N
2 15 2 0 N
2 0 1 1 N
16 7 1 1 N
16 11 2 2 N
16 8 0 0 N
7 9 2 2 N
7 15 1 0 N
7 0 0 1 N
9 4 0 1 N
9 8 1 2 N
9 10 2 0 N
4 6 2 2 N
4 0 1 0 N
4 1 0 1 N
6 1 2 2 N
6 6 0 0 N
6 6 1 1 N
1 8 1 2 N
1 7 2 1 N
1 0 0 0 N
8 17 1 0 N
8 2 0 2 N
8 11 2 1 N
17 5 1 1 N
17 6 0 2 N
17 0 2 0 N
5 10 2 2 N
5 1 1 1 N
5 15 0 0 N
10 13 2 1 N
10 2 0 2 N
10 1 1 0 N
13 14 1 0 N
13 6 0 1 N
13 6 2 2 N
