9 15 1 2 S
9 8 0 0 S
9 8 2 1 S
15 5 0 2 N
15 1 2 0 N
15 2 1 1 N
5 1 0 1 N
5 1 2 2 N
5 2 1 0 N
1 17 2 0 N
1 15 0 2 N
1 8 1 1 N
17 2 1 0 N
17 15 0 2 N
17 15 2 1 N
2 6 0 0 N
2 12 2 1 N
2 8 1 2 N
6 16 2 2 N
6 15 1 1 N
6 9 0 0 N
16 3 1 1 N
16 13 2 0 N
16 1 0 2 N
3 14 0 1 N
3 1 1 0 N
3 11 2 2 N
14 7 2 1 N
14 2 0 0 N
14 12 1 2 N
7 0 1 0 N
7 6 2 2 N
7 3 0 1 N
0 8 0 1 N
0 2 1 0 N
0 11 2 2 N
8 4 0 2 N
8 12 2 0 N
8 13 1 1 N
4 11 2 1 N
4 2 0 2 N
4 9 1 0 N
11 10 1 0 N
11 8 0 1 N
11 6 2 2 N
10 12 1 1 N
10 0 2 2 N
10 15 0 0 N
12 13 2 1 N
12 2 0 0 N
12 13 1 2 N
13 8 2 2 N
13 13 1 0 N
13 13 0 1 N
