14 7 2 1 S
14 0 0 2 S
14 15 1 0 S
7 13 1 2 N
7 11 0 1 N
7 11 2 0 N
13 8 0 0 N
13 9 1 2 N
13 12 2 1 N
8 0 1 1 N
8 12 2 2 N
8 1 0 0 N
0 10 1 0 N
0 17 2 2 N
0 5 0 1 N
10 11 0 2 N
10 6 2 0 N
10 15 1 1 N
11 2 1 2 N
11 11 2 0 N
11 11 0 1 N
2 1 2 1 N
2 15 1 2 N
2 1 0 0 N
1 9 0 2 N
1 10 1 1 N
1 7 2 0 N
9 17 1 1 N
9 2 2 2 N
9 15 0 0 N
17 4 1 0 N
17 11 0 2 N
17 1 2 1 N
4 6 1 0 N
4 7 2 2 N
4 11 0 1 N
6 5 0 1 N
6 7 1 2 N
6 7 2 0 N
5 12 0 1 N
5 6 1 2 N
5 11 2 0 N
12 3 0 2 N
12 7 1 1 N
12 6 2 0 N
3 15 2 0 N
3 6 0 2 N
3 11 1 1 N
15 16 1 0 N
15 3 2 1 N
15 5 0 2 N
16 5 2 0 N
16 0 1 2 N
16 6 0 1 N
