1 0 1 1 S
1 5 2 0 S
1 3 0 2 S
0 9 0 0 N
0 4 1 1 N
0 10 2 2 N
9 11 0 1 N
9 5 2 0 N
9 16 1 2 N
11 3 2 1 N
11 10 0 0 N
11 5 1 2 N
3 12 1 0 N
3 6 0 1 N
3 6 2 2 N
12 5 0 0 N
12 6 2 1 N
12 7 1 2 N
5 15 2 2 N
5 12 0 1 N
5 12 1 0 N
15 14 0 2 N
15 6 1 1 N
15 10 2 0 N
14 6 1 0 N
14 17 0 1 N
14 16 2 2 N
6 8 0 0 N
6 10 2 1 N
6 10 1 2 N
8 4 1 2 N
8 1 2 0 N
8 6 0 1 N
4 16 2 2 N
4 5 1 0 N
4 5 0 1 N
16 2 2 2 N
16 7 1 1 N
16 12 0 0 N
2 7 0 2 N
2 8 2 0 N
2 1 1 1 N
7 13 0 0 N
7 7 1 2 N
7 7 2 1 N
13 17 2 0 N
13 4 0 1 N
13 10 1 2 N
17 10 2 0 N
17 3 0 1 N
17 16 1 2 N
10 2 1 1 N
10 16 0 2 N
10 7 2 0 N
