9 0 0 1 S
9 7 1 2 S
9 13 2 0 S
0 6 2 0 N
0 14 1 1 N
0 8 0 2 N
6 15 0 1 N
6 0 1 0 N
6 17 2 2 N
15 1 1 0 N
15 11 2 1 N
15 8 0 2 N
1 7 0 0 N
1 6 1 2 N
1 15 2 1 N
7 17 1 0 N
7 9 2 2 N
7 7 0 1 N
17 10 0 1 N
17 15 2 2 N
17 11 1 0 N
10 4 0 1 N
10 7 1 2 N
10 11 2 0 N
4 16 1 2 N
4 8 0 1 N
4 15 2 0 N
16 8 1 0 N
16 11 0 1 N
16 12 2 2 N
8 3 1 2 N
8 15 0 0 N
8 7 2 1 N
3 5 1 1 N
3 7 0 2 N
3 17 2 0 N
5 14 1 2 N
5 8 2 1 N
5 17 0 0 N
14 13 1 1 N
14 13 0 2 N
14 11 2 0 N
13 2 0 1 N
13 7 2 0 N
13 7 1 2 N
2 11 1 1 N
2 17 2 0 N
2 6 0 2 N
11 12 2 2 N
11 7 0 0 N
11 7 1 1 N
12 5 2 1 N
12 10 0 2 N
12 4 1 0 N
