2 16 2 2 S
2 14 1 0 S
2 3 0 1 S
16 3 0 0 N
16 9 2 1 N
16 12 1 2 N
3 4 2 2 N
3 10 0 0 N
3 16 1 1 N
4 14 2 2 N
4 1 0 0 N
4 13 1 1 N
14 1 1 1 N
14 13 2 0 N
14 0 0 2 N
1 8 0 1 N
1 16 1 0 N
1 5 2 2 N
8 9 2 1 N
8 7 0 2 N
8 13 1 0 N
9 15 1 2 N
9 1 2 0 N
9 14 0 1 N
15 17 2 1 N
15 2 0 2 N
15 14 1 0 N
17 0 0 0 N
17 14 1 1 N
17 0 2 2 N
0 6 1 1 N
0 16 2 0 N
0 5 0 2 N
6 12 0 1 N
6 14 2 2 N
6 1 1 0 N
12 5 0 2 N
12 12 2 0 N
12 12 1 1 N
5 10 1 2 N
5 15 2 0 N
5 16 0 1 N
10 13 1 0 N
10 12 2 1 N
10 0 0 2 N
13 7 2 1 N
13 12 1 2 N
13 16 0 0 N
7 11 2 2 N
7 17 0 0 N
7 14 1 1 N
11 10 0 2 N
11 15 1 1 N
11 2 2 0 N
