16 11 2 2 S
16 0 1 1 S
16 10 0 0 S
11 15 1 2 N
11 5 0 1 N
11 4 2 0 N
15 4 2 2 N
15 7 1 0 N
15 1 0 1 N
4 8 2 0 N
4 14 0 2 N
4 7 1 1 N
8 13 0 1 N
8 0 1 2 N
8 1 2 0 N
13 9 1 2 N
13 16 0 0 N
13 10 2 1 N
9 6 1 2 N
9 8 0 0 N
9 9 2 1 N
6 0 0 1 N
6 15 1 2 N
6 13 2 0 N
0 5 2 2 N
0 16 0 0 N
0 9 1 1 N
5 17 2 1 N
5 9 0 0 N
5 9 1 2 N
17 1 1 1 N
17 10 2 2 N
17 11 0 0 N
1 2 0 2 N
1 4 1 0 N
1 9 2 1 N
2 7 2 2 N
2 15 0 1 N
2 16 1 0 N
7 12 0 1 N
7 1 1 2 N
7 13 2 0 N
12 10 0 2 N
12 4 2 1 N
12 6 1 0 N
10 14 1 1 N
10 2 2 0 N
10 9 0 2 N
14 3 2 1 N
14 13 1 0 N
14 1 0 2 N
3 6 0 2 N
3 10 2 1 N
3 14 1 0 N
