11 12 1 2 S
11 12 0 1 S
11 12 2 0 S
12 1 2 2 N
12 5 1 0 N
12 12 0 1 N
1 5 2 1 N
1 9 1 2 N
1 12 0 0 N
5 8 1 0 N
5 14 2 2 N
5 1 0 1 N
8 16 0 0 N
8 15 2 1 N
8 7 1 2 N
16 4 1 0 N
16 9 0 2 N
16 7 2 1 N
4 3 1 1 N
4 12 2 0 N
4 3 0 2 N
3 10 2 2 N
3 4 0 0 N
3 12 1 1 N
10 14 0 1 N
10 1 1 0 N
10 1 2 2 N
14 7 1 2 N
14 6 2 0 N
14 6 0 1 N
7 17 1 2 N
7 9 2 0 N
7 12 0 1 N
17 0 0 0 N
17 15 1 2 N
17 14 2 1 N
0 2 0 2 N
0 6 1 0 N
0 9 2 1 N
2 15 1 2 N
2 16 0 0 N
2 15 2 1 N
15 13 0 2 N
15 1 2 1 N
15 0 1 0 N
13 9 1 1 N
13 12 0 0 N
13 7 2 2 N
9 6 2 0 N
9 15 1 2 N
9 6 0 1 N
6 3 1 0 N
6 12 0 1 N
6 12 2 2 N
