13 8 0 2 S
13 14 1 0 S
13 4 2 1 S
8 1 2 1 N
8 12 1 0 N
8 7 0 2 N
1 7 0 2 N
1 8 1 1 N
1 11 2 0 N
7 15 2 2 N
7 17 0 1 N
7 6 1 0 N
15 2 0 0 N
15 2 1 2 N
15 0 2 1 N
2 10 2 2 N
2 12 1 0 N
2 7 0 1 N
10 0 2 2 N
10 14 1 0 N
10 8 0 1 N
0 16 0 1 N
0 13 1 2 N
0 8 2 0 N
16 14 0 0 N
16 2 2 2 N
16 2 1 1 N
14 9 2 0 N
14 6 0 1 N
14 6 1 2 N
9 12 2 0 N
9 3 0 2 N
9 7 1 1 N
12 3 1 1 N
12 2 0 0 N
12 9 2 2 N
3 5 0 2 N
3 13 1 1 N
3 1 2 0 N
5 17 1 2 N
5 2 0 0 N
5 10 2 1 N
17 4 2 2 N
17 4 1 1 N
17 12 0 0 N
4 11 1 2 N
4 11 2 1 N
4 6 0 0 N
11 6 1 0 N
11 8 2 2 N
11 9 0 1 N
6 7 0 0 N
6 7 1 1 N
6 6 2 2 N
