9 14 2 2 S
9 11 1 0 S
9 0 0 1 S
14 12 1 1 N
14 13 0 0 N
14 4 2 2 N
12 11 0 2 N
12 6 1 0 N
12 3 2 1 N
11 10 1 0 N
11 9 2 1 N
11 5 0 2 N
10 1 0 2 N
10 5 2 0 N
10 15 1 1 N
1 16 0 1 N
1 14 1 0 N
1 5 2 2 N
16 5 1 0 N
16 4 0 2 N
16 6 2 1 N
5 7 2 1 N
5 3 0 2 N
5 3 1 0 N
7 13 0 0 N
7 12 1 2 N
7 3 2 1 N
13 0 1 0 N
13 0 2 1 N
13 17 0 2 N
0 15 1 2 N
0 14 0 1 N
0 3 2 0 N
15 2 0 1 N
15 17 1 2 N
15 6 2 0 N
2 4 2 2 N
2 7 1 1 N
2 7 0 0 N
4 8 0 0 N
4 0 1 1 N
4 17 2 2 N
8 3 1 2 N
8 13 2 0 N
8 13 0 1 N
3 6 1 1 N
3 2 0 2 N
3 3 2 0 N
6 17 1 1 N
6 17 2 0 N
6 11 0 2 N
17 7 0 2 N
17 2 2 0 N
17 3 1 1 N
