12 5 1 1 S
12 11 0 0 S
12 11 2 2 S
5 11 1 2 N
5 9 0 1 N
5 10 2 0 N
11 15 1 1 N
11 0 0 0 N
11 11 2 2 N
15 1 1 2 N
15 17 2 0 N
15 6 0 1 N
1 13 2 2 N
1 13 1 1 N
1 14 0 0 N
13 17 2 1 N
13 16 1 0 N
13 9 0 2 N
17 16 2 1 N
17 16 0 0 N
17 12 1 2 N
16 2 1 2 N
16 3 2 0 N
16 11 0 1 N
2 6 1 1 N
2 17 2 2 N
2 3 0 0 N
6 4 1 1 N
6 12 2 2 N
6 14 0 0 N
4 14 1 1 N
4 1 2 0 N
4 7 0 2 N
14 3 1 2 N
14 10 0 0 N
14 8 2 1 N
3 9 1 1 N
3 17 0 2 N
3 12 2 0 N
9 10 2 1 N
9 11 1 0 N
9 3 0 2 N
10 0 2 2 N
10 0 1 0 N
10 8 0 1 N
0 7 1 1 N
0 1 0 2 N
0 11 2 0 N
7 8 1 0 N
7 13 0 1 N
7 3 2 2 N
8 12 1 1 N
8 10 0 0 N
8 11 2 2 N
