4 12 1 1 S
4 13 0 0 S
4 1 2 2 S
12 5 0 0 N
12 4 2 1 N
12 13 1 2 N
5 0 1 0 N
5 8 0 2 N
5 1 2 1 N
0 15 2 1 N
0 9 0 0 N
0 9 1 2 N
15 14 0 0 N
15 13 1 2 N
15 7 2 1 N
14 3 0 1 N
14 17 1 0 N
14 17 2 2 N
3 16 0 1 N
3 10 1 0 N
3 13 2 2 N
16 1 0 2 N
16 12 1 1 N
16 5 2 0 N
1 2 1 2 N
1 7 0 1 N
1 17 2 0 N
2 8 2 1 N
2 0 0 0 N
2 5 1 2 N
8 13 1 1 N
8 0 0 2 N
8 7 2 0 N
13 6 0 0 N
13 5 1 2 N
13 5 2 1 N
6 17 0 2 N
6 4 1 0 N
6 9 2 1 N
17 11 0 2 N
17 6 1 1 N
17 17 2 0 N
11 7 1 1 N
11 7 0 0 N
11 1 2 2 N
7 10 1 1 N
7 17 0 2 N
7 17 2 0 N
10 9 2 0 N
10 1 0 1 N
10 7 1 2 N
9 7 1 0 N
9 1 0 1 N
9 1 2 2 N
