6 2 2 0 S
6 13 1 1 S
6 7 0 2 S
2 0 0 2 N
2 11 1 1 N
2 7 2 0 N
0 15 0 0 N
0 7 2 2 N
0 4 1 1 N
15 4 2 1 N
15 7 1 0 N
15 9 0 2 N
4 3 2 2 N
4 7 1 1 N
4 8 0 0 N
3 5 2 1 N
3 9 0 0 N
3 14 1 2 N
5 17 2 0 N
5 12 0 1 N
5 13 1 2 N
17 13 2 1 N
17 7 0 0 N
17 7 1 2 N
13 1 0 1 N
13 4 2 0 N
13 4 1 2 N
1 12 0 2 N
1 13 2 0 N
1 3 1 1 N
12 10 1 0 N
12 8 2 2 N
12 11 0 1 N
10 9 1 0 N
10 6 2 1 N
10 6 0 2 N
9 16 0 1 N
9 7 2 2 N
9 7 1 0 N
16 11 0 0 N
16 4 2 1 N
16 7 1 2 N
11 7 0 2 N
11 7 2 0 N
11 0 1 1 N
7 14 0 2 N
7 7 2 1 N
7 7 1 0 N
14 8 2 0 N
14 4 0 1 N
14 6 1 2 N
8 6 0 2 N
8 6 1 1 N
8 7 2 0 N
