12 5 0 2 S
12 3 1 1 S
12 3 2 0 S
5 16 2 2 N
5 10 1 0 N
5 10 0 1 N
16 17 0 2 N
16 7 2 0 N
16 14 1 1 N
17 10 2 0 N
17 12 1 1 N
17 11 0 2 N
10 9 2 0 N
10 8 0 1 N
10 3 1 2 N
9 15 0 0 N
9 14 1 2 N
9 13 2 1 N
15 4 1 2 N
15 7 2 0 N
15 10 0 1 N
4 11 0 2 N
4 8 1 0 N
4 1 2 1 N
11 14 0 1 N
11 7 2 0 N
11 3 1 2 N
14 2 0 0 N
14 5 2 1 N
14 3 1 2 N
2 3 2 0 N
2 13 0 2 N
2 12 1 1 N
3 0 0 2 N
3 14 1 1 N
3 3 2 0 N
0 7 2 2 N
0 15 1 0 N
0 11 0 1 N
7 8 0 2 N
7 16 1 1 N
7 12 2 0 N
8 1 0 0 N
8 7 2 1 N
8 4 1 2 N
1 6 1 0 N
1 17 0 1 N
1 3 2 2 N
6 13 1 0 N
6 11 0 1 N
6 7 2 2 N
13 16 1 1 N
13 14 0 2 N
13 16 2 0 N
