14 8 2 0 S
14 5 1 1 S
14 2 0 2 S
8 13 1 1 N
8 10 0 0 N
8 6 2 2 N
13 16 2 1 N
13 2 1 2 N
13 0 0 0 N
16 5 0 2 N
16 11 2 0 N
16 8 1 1 N
5 6 0 1 N
5 10 1 0 N
5 13 2 2 N
6 9 1 2 N
6 0 2 1 N
6 2 0 0 N
9 17 1 2 N
9 16 2 1 N
9 5 0 0 N
17 0 0 2 N
17 4 1 1 N
17 7 2 0 N
0 10 1 2 N
0 12 2 0 N
0 17 0 1 N
10 3 0 0 N
10 15 1 1 N
10 6 2 2 N
3 12 0 1 N
3 6 1 2 N
3 12 2 0 N
12 15 0 1 N
12 11 1 0 N
12 6 2 2 N
15 7 1 2 N
15 6 2 1 N
15 2 0 0 N
7 4 1 0 N
7 17 2 2 N
7 7 0 1 N
4 1 0 0 N
4 13 1 2 N
4 2 2 1 N
1 2 2 0 N
1 4 0 2 N
1 12 1 1 N
2 11 2 2 N
2 0 1 1 N
2 7 0 0 N
11 6 1 0 N
11 8 2 2 N
11 8 0 1 N
