9 3 1 1 S
9 5 0 2 S
9 12 2 0 S
3 0 0 1 N
3 14 1 2 N
3 12 2 0 N
0 2 0 1 N
0 3 2 0 N
0 12 1 2 N
2 4 2 2 N
2 16 1 0 N
2 14 0 1 N
4 6 0 1 N
4 7 2 2 N
4 3 1 0 N
6 7 1 0 N
6 11 2 1 N
6 12 0 2 N
7 17 2 1 N
7 15 1 2 N
7 15 0 0 N
17 16 2 1 N
17 4 0 0 N
17 12 1 2 N
16 10 2 0 N
16 0 1 1 N
16 14 0 2 N
10 11 1 0 N
10 16 0 1 N
10 9 2 2 N
11 5 0 2 N
11 13 1 0 N
11 14 2 1 N
5 8 2 1 N
5 8 0 0 N
5 13 1 2 N
8 1 2 1 N
8 13 1 2 N
8 13 0 0 N
1 14 2 2 N
1 3 1 0 N
1 14 0 1 N
14 13 1 0 N
14 17 2 1 N
14 9 0 2 N
13 15 2 0 N
13 14 1 2 N
13 14 0 1 N
15 12 2 0 N
15 9 0 1 N
15 0 1 2 N
12 0 2 1 N
12 9 1 2 N
12 12 0 0 N
