1 13 0 2 S
1 14 2 0 S
1 4 1 1 S
13 8 2 2 N
13 2 0 1 N
13 4 1 0 N
8 3 0 2 N
8 14 1 1 N
8 6 2 0 N
3 16 1 1 N
3 2 0 0 N
3 2 2 2 N
16 11 0 2 N
16 11 2 0 N
16 4 1 1 N
11 0 0 1 N
11 2 1 0 N
11 11 2 2 N
0 14 1 2 N
0 4 2 1 N
0 10 0 0 N
14 6 2 0 N
14 10 1 2 N
14 6 0 1 N
6 15 1 0 N
6 1 0 1 N
6 2 2 2 N
15 4 2 0 N
15 17 0 2 N
15 9 1 1 N
4 7 2 1 N
4 8 0 2 N
4 2 1 0 N
7 17 0 0 N
7 10 1 2 N
7 10 2 1 N
17 9 1 1 N
17 15 2 2 N
17 15 0 0 N
9 5 0 1 N
9 1 1 0 N
9 0 2 2 N
5 10 1 1 N
5 6 0 0 N
5 0 2 2 N
10 12 1 1 N
10 3 2 0 N
10 2 0 2 N
12 2 2 1 N
12 1 1 2 N
12 7 0 0 N
2 5 0 0 N
2 4 2 2 N
2 11 1 1 N
