5 10 2 1 S
5 7 1 2 S
5 12 0 0 S
10 3 1 2 N
10 0 0 1 N
10 13 2 0 N
3 2 2 2 N
3 17 1 1 N
3 15 0 0 N
2 11 1 2 N
2 1 2 1 N
2 5 0 0 N
11 1 0 1 N
11 9 2 2 N
11 8 1 0 N
1 9 2 2 N
1 13 0 1 N
1 5 1 0 N
9 6 0 1 N
9 7 2 0 N
9 5 1 2 N
6 0 2 1 N
6 14 0 2 N
6 4 1 0 N
0 17 2 0 N
0 9 1 1 N
0 7 0 2 N
17 16 1 2 N
17 0 2 1 N
17 11 0 0 N
16 8 0 1 N
16 5 1 2 N
16 12 2 0 N
8 14 0 1 N
8 16 1 2 N
8 13 2 0 N
14 12 2 2 N
14 2 0 1 N
14 7 1 0 N
12 13 1 0 N
12 13 0 1 N
12 12 2 2 N
13 15 2 0 N
13 5 1 2 N
13 12 0 1 N
15 4 1 2 N
15 1 2 1 N
15 16 0 0 N
4 7 0 2 N
4 13 2 1 N
4 7 1 0 N
7 8 0 2 N
7 12 2 0 N
7 12 1 1 N
