8 1 1 1 S
8 7 2 0 S
8 7 0 2 S
1 14 2 0 N
1 1 0 1 N
1 1 1 2 N
14 11 0 0 N
14 6 1 1 N
14 7 2 2 N
11 16 2 2 N
11 17 1 1 N
11 8 0 0 N
16 3 2 1 N
16 3 1 2 N
16 6 0 0 N
3 10 2 2 N
3 1 1 1 N
3 6 0 0 N
10 4 2 2 N
10 9 1 1 N
10 7 0 0 N
4 13 2 2 N
4 14 1 1 N
4 16 0 0 N
13 15 1 0 N
13 5 2 2 N
13 9 0 1 N
15 5 2 2 N
15 16 0 0 N
15 8 1 1 N
5 12 0 0 N
5 12 1 2 N
5 7 2 1 N
12 17 2 2 N
12 5 0 1 N
12 5 1 0 N
17 0 0 1 N
17 2 1 2 N
17 1 2 0 N
0 9 0 0 N
0 4 1 1 N
0 17 2 2 N
9 6 0 0 N
9 1 1 1 N
9 8 2 2 N
6 2 2 2 N
6 1 1 1 N
6 1 0 0 N
2 7 2 1 N
2 17 0 0 N
2 6 1 2 N
7 5 0 0 N
7 1 2 2 N
7 6 1 1 N
