6 10 0 2 S
6 0 2 1 S
6 1 1 0 S
10 12 2 0 N
10 7 1 1 N
10 13 0 2 N
12 4 2 2 N
12 16 1 1 N
12 4 0 0 N
4 5 2 1 N
4 7 1 2 N
4 13 0 0 N
5 11 2 0 N
5 12 0 1 N
5 16 1 2 N
11 9 2 2 N
11 7 0 0 N
11 4 1 1 N
9 7 0 1 N
9 10 1 0 N
9 8 2 2 N
7 1 1 1 N
7 10 0 0 N
7 12 2 2 N
1 14 0 2 N
1 13 1 1 N
1 16 2 0 N
14 3 0 0 N
14 8 2 1 N
14 9 1 2 N
3 2 1 0 N
3 0 0 2 N
3 2 2 1 N
2 8 2 2 N
2 7 0 0 N
2 8 1 1 N
8 13 0 0 N
8 5 1 1 N
8 8 2 2 N
13 0 1 1 N
13 0 0 0 N
13 8 2 2 N
0 17 1 1 N
0 12 0 2 N
0 13 2 0 N
17 15 0 1 N
17 7 1 0 N
17 3 2 2 N
15 16 1 2 N
15 6 0 0 N
15 7 2 1 N
16 0 2 2 N
16 2 0 0 N
16 2 1 1 N
