28 19 0 0 S
28 21 2 2 S
28 11 1 1 S
19 32 2 2 N
19 3 1 1 N
19 17 0 0 N
32 16 1 2 N
32 6 2 0 N
32 21 0 1 N
16 20 1 2 N
16 0 2 1 N
16 1 0 0 N
20 14 0 0 N
20 24 2 1 N
20 17 1 2 N
14 2 1 2 N
14 32 0 0 N
14 32 2 1 N
2 30 2 0 N
2 1 0 2 N
2 17 1 1 N
30 25 2 2 N
30 24 1 0 N
30 6 0 1 N
25 10 1 2 N
25 1 0 1 N
25 24 2 0 N
10 7 0 1 N
10 31 1 0 N
10 14 2 2 N
7 13 2 2 N
7 29 1 0 N
7 19 0 1 N
13 33 0 2 N
13 33 1 1 N
13 17 2 0 N
33 11 2 2 N
33 16 0 1 N
33 21 1 0 N
11 4 2 0 N
11 15 0 1 N
11 32 1 2 N
4 27 2 2 N
4 5 1 1 N
4 20 0 0 N
27 23 0 1 N
27 5 2 2 N
27 6 1 0 N
23 22 2 2 N
23 21 1 1 N
23 5 0 0 N
22 5 2 2 N
22 19 1 1 N
22 4 0 0 N
5 6 1 2 N
5 6 2 1 N
5 3 0 0 N
6 3 0 2 N
6 3 1 0 N
6 17 2 1 N
3 1 0 0 N
3 24 2 2 N
3 19 1 1 N
1 31 1 1 N
1 8 0 2 N
1 19 2 0 N
31 15 0 2 N
31 16 1 1 N
31 16 2 0 N
15 12 1 2 N
15 21 2 1 N
15 25 0 0 N
12 24 2 1 N
12 24 1 0 N
12 3 0 2 N
24 21 0 1 N
24 21 2 0 N
24 21 1 2 N
21 18 0 0 N
21 7 1 2 N
21 17 2 1 N
18 8 0 2 N
18 24 1 1 N
18 6 2 0 N
8 0 1 2 N
8 21 0 1 N
8 6 2 0 N
0 26 0 2 N
0 19 1 1 N
0 32 2 0 N
26 9 2 2 N
26 14 1 1 N
26 24 0 0 N
9 29 1 0 N
9 8 2 2 N
9 33 0 1 N
29 17 1 2 N
29 24 2 1 N
29 19 0 0 N
17 21 0 1 N
17 17 1 0 N
17 17 2 2 N
