0 6 1 1 S
0 8 2 2 S
0 20 0 0 S
6 15 1 2 N
6 32 2 0 N
6 32 0 1 N
15 10 1 0 N
15 11 2 2 N
15 12 0 1 N
10 26 2 0 N
10 5 0 1 N
10 0 1 2 N
26 13 0 0 N
26 31 2 1 N
26 0 1 2 N
13 12 2 1 N
13 0 0 0 N
13 16 1 2 N
12 7 0 0 N
12 20 1 2 N
12 13 2 1 N
7 30 2 2 N
7 31 0 1 N
7 9 1 0 N
30 9 0 2 N
30 13 1 1 N
30 31 2 0 N
9 5 0 2 N
9 28 2 0 N
9 32 1 1 N
5 23 1 0 N
5 24 0 2 N
5 12 2 1 N
23 4 0 0 N
23 4 1 1 N
23 0 2 2 N
4 16 1 2 N
4 28 0 0 N
4 7 2 1 N
16 3 1 0 N
16 27 2 2 N
16 32 0 1 N
3 19 0 1 N
3 2 1 2 N
3 29 2 0 N
19 24 1 0 N
19 12 2 1 N
19 7 0 2 N
24 17 1 1 N
24 29 2 0 N
24 7 0 2 N
17 22 1 0 N
17 5 0 2 N
17 31 2 1 N
22 32 0 2 N
22 8 1 0 N
22 16 2 1 N
32 28 0 2 N
32 1 2 0 N
32 32 1 1 N
28 18 2 0 N
28 9 0 1 N
28 9 1 2 N
18 2 0 1 N
18 26 1 2 N
18 7 2 0 N
2 27 2 2 N
2 26 1 0 N
2 5 0 1 N
27 11 0 1 N
27 21 1 2 N
27 12 2 0 N
11 14 0 0 N
11 10 2 2 N
11 6 1 1 N
14 21 0 1 N
14 4 1 2 N
14 3 2 0 N
21 20 2 0 N
21 19 0 1 N
21 0 1 2 N
20 1 2 0 N
20 13 0 1 N
20 32 1 2 N
1 8 2 1 N
1 22 0 0 N
1 10 1 2 N
8 31 0 1 N
8 12 1 0 N
8 16 2 2 N
31 25 1 0 N
31 14 2 2 N
31 7 0 1 N
25 33 2 1 N
25 14 0 2 N
25 26 1 0 N
33 29 0 2 N
33 27 2 0 N
33 15 1 1 N
29 31 1 0 N
29 14 0 2 N
29 9 2 1 N
