22 8 0 2 S
22 32 1 1 S
22 4 2 0 S
8 32 2 2 N
8 27 1 0 N
8 21 0 1 N
32 11 1 0 N
32 2 2 1 N
32 2 0 2 N
11 10 1 1 N
11 16 0 2 N
11 5 2 0 N
10 21 0 1 N
10 27 1 2 N
10 5 2 0 N
21 12 0 0 N
21 13 1 2 N
21 19 2 1 N
12 14 1 0 N
12 23 2 2 N
12 7 0 1 N
14 3 0 2 N
14 30 1 0 N
14 2 2 1 N
3 19 2 0 N
3 32 0 1 N
3 26 1 2 N
19 4 1 0 N
19 30 0 1 N
19 2 2 2 N
4 9 1 1 N
4 10 0 0 N
4 14 2 2 N
9 15 1 0 N
9 16 0 2 N
9 21 2 1 N
15 2 1 1 N
15 29 0 0 N
15 18 2 2 N
2 6 0 1 N
2 7 2 2 N
2 31 1 0 N
6 23 1 0 N
6 32 2 1 N
6 31 0 2 N
23 7 1 2 N
23 17 2 0 N
23 14 0 1 N
7 31 1 1 N
7 32 2 0 N
7 5 0 2 N
31 5 2 1 N
31 4 0 0 N
31 31 1 2 N
5 25 1 0 N
5 6 0 2 N
5 1 2 1 N
25 33 1 2 N
25 28 2 1 N
25 10 0 0 N
33 29 2 0 N
33 3 1 2 N
33 18 0 1 N
29 18 2 0 N
29 14 0 2 N
29 30 1 1 N
18 13 1 2 N
18 20 2 1 N
18 17 0 0 N
13 16 2 2 N
13 16 1 0 N
13 24 0 1 N
16 28 0 1 N
16 29 1 0 N
16 19 2 2 N
28 0 1 1 N
28 30 0 2 N
28 31 2 0 N
0 24 1 2 N
0 5 0 0 N
0 1 2 1 N
24 20 0 2 N
24 17 1 1 N
24 1 2 0 N
20 27 1 1 N
20 25 0 0 N
20 18 2 2 N
27 30 2 2 N
27 6 1 0 N
27 16 0 1 N
30 1 2 2 N
30 32 0 0 N
30 2 1 1 N
1 17 2 2 N
1 4 1 0 N
1 14 0 1 N
17 26 0 2 N
17 28 1 1 N
17 30 2 0 N
26 13 2 0 N
26 19 1 2 N
26 17 0 1 N
