20 3 0 1 S
20 28 2 2 S
20 2 1 0 S
3 0 2 0 N
3 5 1 2 N
3 9 0 1 N
0 26 1 2 N
0 14 2 0 N
0 19 0 1 N
26 32 0 0 N
26 8 2 1 N
26 33 1 2 N
32 16 2 0 N
32 21 1 1 N
32 2 0 2 N
16 23 1 1 N
16 1 0 0 N
16 22 2 2 N
23 29 0 2 N
23 24 1 1 N
23 14 2 0 N
29 12 0 2 N
29 16 1 1 N
29 11 2 0 N
12 27 0 2 N
12 33 2 0 N
12 20 1 1 N
27 14 0 2 N
27 33 1 1 N
27 2 2 0 N
14 5 0 1 N
14 13 1 0 N
14 2 2 2 N
5 18 0 1 N
5 13 1 0 N
5 21 2 2 N
18 24 0 1 N
18 27 1 2 N
18 20 2 0 N
24 13 2 2 N
24 4 1 0 N
24 0 0 1 N
13 1 1 0 N
13 7 2 1 N
13 1 0 2 N
1 2 1 0 N
1 21 0 2 N
1 20 2 1 N
2 25 1 2 N
2 2 2 1 N
2 2 0 0 N
25 30 2 2 N
25 2 0 0 N
25 7 1 1 N
30 9 1 1 N
30 19 2 0 N
30 27 0 2 N
9 6 0 1 N
9 10 1 0 N
9 28 2 2 N
6 7 0 2 N
6 18 1 1 N
6 2 2 0 N
7 28 2 0 N
7 29 0 2 N
7 19 1 1 N
28 33 0 2 N
28 11 2 1 N
28 13 1 0 N
33 17 0 0 N
33 28 2 2 N
33 1 1 1 N
17 31 0 0 N
17 18 2 1 N
17 28 1 2 N
31 11 2 1 N
31 33 0 0 N
31 19 1 2 N
11 8 0 2 N
11 14 1 1 N
11 14 2 0 N
8 19 1 2 N
8 2 0 0 N
8 1 2 1 N
19 15 1 0 N
19 1 0 1 N
19 13 2 2 N
15 21 1 0 N
15 12 2 2 N
15 25 0 1 N
21 22 1 2 N
21 29 2 0 N
21 0 0 1 N
22 10 0 1 N
22 28 1 2 N
22 20 2 0 N
10 4 2 2 N
10 18 0 1 N
10 16 1 0 N
4 14 2 0 N
4 1 0 2 N
4 19 1 1 N
