14 24 2 2 S
14 25 1 0 S
14 33 0 1 S
24 28 0 0 N
24 0 2 2 N
24 1 1 1 N
28 26 2 0 N
28 3 0 2 N
28 12 1 1 N
26 6 2 2 N
26 15 1 0 N
26 9 0 1 N
6 13 1 1 N
6 25 2 2 N
6 16 0 0 N
13 4 2 0 N
13 33 1 2 N
13 7 0 1 N
4 1 1 2 N
4 1 2 1 N
4 1 0 0 N
1 3 0 1 N
1 26 1 2 N
1 10 2 0 N
3 7 2 1 N
3 18 1 2 N
3 12 0 0 N
7 0 1 2 N
7 11 0 0 N
7 7 2 1 N
0 18 0 1 N
0 8 2 2 N
0 15 1 0 N
18 27 0 0 N
18 20 1 1 N
18 30 2 2 N
27 16 2 1 N
27 16 0 2 N
27 23 1 0 N
16 17 2 2 N
16 29 0 1 N
16 29 1 0 N
17 31 1 2 N
17 18 2 1 N
17 11 0 0 N
31 25 1 2 N
31 14 2 1 N
31 16 0 0 N
25 5 2 1 N
25 8 0 2 N
25 1 1 0 N
5 19 2 0 N
5 10 0 1 N
5 29 1 2 N
19 11 2 0 N
19 5 0 1 N
19 13 1 2 N
11 20 1 1 N
11 6 2 0 N
11 10 0 2 N
20 22 0 1 N
20 0 1 0 N
20 23 2 2 N
22 12 0 1 N
22 27 2 0 N
22 8 1 2 N
12 15 1 1 N
12 8 2 2 N
12 10 0 0 N
15 32 0 1 N
15 13 2 2 N
15 7 1 0 N
32 30 0 0 N
32 29 1 2 N
32 16 2 1 N
30 10 1 2 N
30 5 2 0 N
30 20 0 1 N
10 9 2 0 N
10 25 1 1 N
10 15 0 2 N
9 2 0 2 N
9 31 2 1 N
9 10 1 0 N
2 8 2 0 N
2 1 0 1 N
2 15 1 2 N
8 21 0 0 N
8 11 1 1 N
8 10 2 2 N
21 33 2 1 N
21 20 1 2 N
21 10 0 0 N
33 23 0 0 N
33 21 1 1 N
33 21 2 2 N
23 29 2 2 N
23 8 0 1 N
23 1 1 0 N
29 18 1 2 N
29 33 0 0 N
29 13 2 1 N
