11 4 1 1 S
11 14 0 0 S
11 26 2 2 S
4 5 1 0 N
4 32 2 1 N
4 32 0 2 N
5 14 1 2 N
5 6 2 1 N
5 6 0 0 N
14 18 1 0 N
14 4 0 2 N
14 6 2 1 N
18 22 2 2 N
18 4 1 0 N
18 6 0 1 N
22 30 0 0 N
22 23 2 1 N
22 13 1 2 N
30 15 2 1 N
30 2 0 0 N
30 4 1 2 N
15 28 0 0 N
15 4 2 1 N
15 0 1 2 N
28 21 2 2 N
28 16 0 1 N
28 0 1 0 N
21 7 0 2 N
21 33 1 1 N
21 19 2 0 N
7 0 2 2 N
7 24 0 0 N
7 32 1 1 N
0 16 0 0 N
0 14 1 2 N
0 10 2 1 N
16 19 1 1 N
16 10 2 0 N
16 29 0 2 N
19 3 0 0 N
19 28 1 1 N
19 17 2 2 N
3 27 1 0 N
3 1 2 2 N
3 22 0 1 N
27 33 1 2 N
27 26 0 0 N
27 6 2 1 N
33 17 1 2 N
33 17 2 0 N
33 1 0 1 N
17 6 1 0 N
17 12 0 1 N
17 32 2 2 N
6 32 0 1 N
6 14 1 0 N
6 15 2 2 N
32 25 0 1 N
32 13 1 2 N
32 10 2 0 N
25 23 0 2 N
25 0 1 0 N
25 12 2 1 N
23 13 0 0 N
23 29 2 1 N
23 32 1 2 N
13 2 0 2 N
13 17 2 0 N
13 16 1 1 N
2 9 2 0 N
2 29 0 2 N
2 32 1 1 N
9 8 0 1 N
9 12 2 2 N
9 16 1 0 N
8 26 0 2 N
8 26 2 1 N
8 15 1 0 N
26 20 0 0 N
26 13 2 1 N
26 10 1 2 N
20 1 1 0 N
20 24 0 2 N
20 5 2 1 N
1 29 0 1 N
1 19 2 2 N
1 12 1 0 N
29 24 2 0 N
29 0 0 1 N
29 28 1 2 N
24 12 2 2 N
24 6 1 1 N
24 31 0 0 N
12 31 0 0 N
12 26 1 2 N
12 29 2 1 N
31 10 2 2 N
31 4 0 1 N
31 6 1 0 N
10 5 2 1 N
10 10 0 0 N
10 10 1 2 N
