29 6 0 0 S
29 19 1 2 S
29 16 2 1 S
6 30 1 2 N
6 21 2 0 N
6 30 0 1 N
30 16 2 2 N
30 19 0 0 N
30 19 1 1 N
16 24 0 0 N
16 8 2 1 N
16 19 1 2 N
24 5 0 1 N
24 10 2 2 N
24 0 1 0 N
5 13 2 0 N
5 29 0 1 N
5 26 1 2 N
13 12 2 2 N
13 5 0 0 N
13 12 1 1 N
12 2 2 0 N
12 7 1 1 N
12 5 0 2 N
2 0 2 2 N
2 30 0 1 N
2 19 1 0 N
0 33 1 2 N
0 4 0 1 N
0 5 2 0 N
33 3 2 0 N
33 21 0 2 N
33 23 1 1 N
3 31 1 1 N
3 11 0 2 N
3 19 2 0 N
31 10 2 2 N
31 30 0 1 N
31 27 1 0 N
10 7 1 1 N
10 16 0 0 N
10 6 2 2 N
7 23 1 0 N
7 1 0 1 N
7 23 2 2 N
23 4 0 0 N
23 23 2 2 N
23 23 1 1 N
4 19 1 2 N
4 10 0 1 N
4 5 2 0 N
19 18 2 0 N
19 11 1 1 N
19 23 0 2 N
18 32 0 1 N
18 14 1 2 N
18 19 2 0 N
32 1 2 1 N
32 12 1 0 N
32 21 0 2 N
1 26 1 0 N
1 19 0 2 N
1 25 2 1 N
26 15 1 1 N
26 32 0 0 N
26 14 2 2 N
15 27 1 2 N
15 17 0 0 N
15 3 2 1 N
27 22 0 1 N
27 25 1 2 N
27 16 2 0 N
22 8 2 2 N
22 24 1 1 N
22 11 0 0 N
8 25 0 0 N
8 2 1 2 N
8 19 2 1 N
25 11 2 0 N
25 29 1 2 N
25 28 0 1 N
11 21 0 1 N
11 2 1 2 N
11 23 2 0 N
21 14 1 2 N
21 11 2 1 N
21 7 0 0 N
14 20 0 2 N
14 6 2 1 N
14 18 1 0 N
20 9 2 0 N
20 8 0 1 N
20 12 1 2 N
9 28 0 2 N
9 31 1 1 N
9 18 2 0 N
28 17 1 0 N
28 13 2 2 N
28 23 0 1 N
17 3 0 2 N
17 6 2 1 N
17 3 1 0 N
