17 19 1 1 S
17 1 0 2 S
17 11 2 0 S
19 29 1 1 N
19 25 0 2 N
19 13 2 0 N
29 23 1 1 N
29 20 2 2 N
29 11 0 0 N
23 16 0 0 N
23 8 1 2 N
23 32 2 1 N
16 24 2 1 N
16 26 0 0 N
16 9 1 2 N
24 30 1 1 N
24 1 0 2 N
24 30 2 0 N
30 11 0 2 N
30 29 1 1 N
30 2 2 0 N
11 25 0 2 N
11 33 1 1 N
11 11 2 0 N
25 13 0 1 N
25 2 1 2 N
25 11 2 0 N
13 9 0 1 N
13 6 2 2 N
13 3 1 0 N
9 33 0 0 N
9 23 2 1 N
9 4 1 2 N
33 21 0 0 N
33 1 1 1 N
33 25 2 2 N
21 5 0 0 N
21 1 1 1 N
21 17 2 2 N
5 27 1 2 N
5 2 2 0 N
5 13 0 1 N
27 1 0 2 N
27 32 1 1 N
27 31 2 0 N
1 0 1 2 N
1 30 0 0 N
1 2 2 1 N
0 3 2 2 N
0 10 1 1 N
0 10 0 0 N
3 28 1 0 N
3 14 0 1 N
3 33 2 2 N
28 14 1 2 N
28 3 2 1 N
28 22 0 0 N
14 22 0 1 N
14 25 1 0 N
14 25 2 2 N
22 2 0 1 N
22 2 1 0 N
22 29 2 2 N
2 4 1 0 N
2 11 2 2 N
2 11 0 1 N
4 12 2 2 N
4 3 0 1 N
4 26 1 0 N
12 8 2 2 N
12 7 0 0 N
12 19 1 1 N
8 15 1 2 N
8 32 2 1 N
8 29 0 0 N
15 20 1 1 N
15 2 2 0 N
15 18 0 2 N
20 26 0 0 N
20 14 2 1 N
20 26 1 2 N
26 6 0 1 N
26 4 2 0 N
26 2 1 2 N
6 32 0 1 N
6 20 1 0 N
6 32 2 2 N
32 31 2 1 N
32 3 0 2 N
32 1 1 0 N
31 7 0 0 N
31 5 2 1 N
31 26 1 2 N
7 18 2 2 N
7 1 1 0 N
7 17 0 1 N
18 10 0 1 N
18 22 1 2 N
18 26 2 0 N
10 7 1 2 N
10 28 0 0 N
10 5 2 1 N
