8 2 2 1 S
8 5 1 2 S
8 5 0 0 S
2 17 0 0 N
2 29 1 2 N
2 17 2 1 N
17 6 0 0 N
17 11 1 1 N
17 24 2 2 N
6 3 0 0 N
6 11 2 2 N
6 15 1 1 N
3 16 1 2 N
3 12 2 0 N
3 5 0 1 N
16 27 2 2 N
16 19 1 1 N
16 18 0 0 N
27 11 0 1 N
27 23 2 0 N
27 32 1 2 N
11 25 0 2 N
11 19 2 0 N
11 7 1 1 N
25 30 1 2 N
25 18 2 0 N
25 13 0 1 N
30 12 1 1 N
30 7 2 2 N
30 2 0 0 N
12 23 0 0 N
12 33 1 1 N
12 13 2 2 N
23 15 0 0 N
23 6 2 1 N
23 12 1 2 N
15 33 0 2 N
15 31 2 1 N
15 11 1 0 N
33 10 2 2 N
33 17 0 0 N
33 26 1 1 N
10 22 2 2 N
10 6 0 1 N
10 32 1 0 N
22 18 1 1 N
22 9 0 0 N
22 23 2 2 N
18 29 0 1 N
18 32 2 0 N
18 7 1 2 N
29 32 1 1 N
29 19 2 0 N
29 11 0 2 N
32 20 1 2 N
32 7 2 0 N
32 9 0 1 N
20 7 2 1 N
20 29 1 0 N
20 29 0 2 N
7 26 2 1 N
7 8 0 0 N
7 13 1 2 N
26 1 2 0 N
26 7 0 2 N
26 20 1 1 N
1 5 0 0 N
1 31 1 1 N
1 10 2 2 N
5 14 2 2 N
5 11 0 0 N
5 9 1 1 N
14 31 2 1 N
14 12 1 0 N
14 24 0 2 N
31 0 0 0 N
31 12 2 1 N
31 11 1 2 N
0 19 1 0 N
0 28 2 2 N
0 12 0 1 N
19 24 2 2 N
19 15 1 0 N
19 9 0 1 N
24 4 0 2 N
24 16 1 0 N
24 7 2 1 N
4 28 0 1 N
4 3 1 2 N
4 32 2 0 N
28 21 2 0 N
28 14 1 2 N
28 9 0 1 N
21 9 1 2 N
21 9 0 0 N
21 29 2 1 N
9 13 2 2 N
9 11 0 1 N
9 18 1 0 N
13 7 1 2 N
13 7 2 1 N
13 13 0 0 N
