2 23 0 0 S
2 26 1 2 S
2 9 2 1 S
23 25 1 0 N
23 3 2 1 N
23 1 0 2 N
25 11 1 1 N
25 14 2 2 N
25 11 0 0 N
11 17 0 1 N
11 33 1 0 N
11 14 2 2 N
17 28 0 2 N
17 30 1 1 N
17 21 2 0 N
28 0 0 2 N
28 29 1 0 N
28 14 2 1 N
0 20 1 2 N
0 19 0 1 N
0 31 2 0 N
20 33 1 1 N
20 33 2 0 N
20 19 0 2 N
33 31 0 2 N
33 2 2 1 N
33 33 1 0 N
31 12 2 2 N
31 2 0 0 N
31 11 1 1 N
12 27 1 0 N
12 8 0 1 N
12 21 2 2 N
27 21 2 1 N
27 10 0 2 N
27 32 1 0 N
21 16 2 2 N
21 11 1 0 N
21 33 0 1 N
16 22 0 0 N
16 23 2 2 N
16 1 1 1 N
22 13 2 1 N
22 21 0 0 N
22 14 1 2 N
13 32 2 2 N
13 4 1 1 N
13 8 0 0 N
32 3 2 1 N
32 7 1 0 N
32 11 0 2 N
3 4 1 2 N
3 23 2 0 N
3 29 0 1 N
4 1 2 2 N
4 0 0 0 N
4 32 1 1 N
1 5 2 1 N
1 30 1 0 N
1 14 0 2 N
5 8 1 1 N
5 11 2 2 N
5 19 0 0 N
8 18 0 0 N
8 20 2 2 N
8 9 1 1 N
18 7 0 1 N
18 1 1 0 N
18 4 2 2 N
7 14 1 2 N
7 12 0 0 N
7 29 2 1 N
14 6 0 0 N
14 2 1 2 N
14 33 2 1 N
6 9 1 2 N
6 26 0 0 N
6 21 2 1 N
9 26 1 0 N
9 14 0 1 N
9 33 2 2 N
26 19 0 2 N
26 33 1 0 N
26 9 2 1 N
19 10 0 1 N
19 25 1 0 N
19 11 2 2 N
10 29 2 0 N
10 2 0 1 N
10 19 1 2 N
29 15 1 1 N
29 2 0 2 N
29 10 2 0 N
15 24 2 2 N
15 9 0 1 N
15 29 1 0 N
24 30 2 2 N
24 8 1 1 N
24 10 0 0 N
30 25 2 2 N
30 25 0 1 N
30 33 1 0 N
