20 12 2 2 S
20 7 1 1 S
20 2 0 0 S
12 0 1 1 N
12 8 0 2 N
12 18 2 0 N
0 28 1 0 N
0 9 0 1 N
0 4 2 2 N
28 7 0 2 N
28 12 1 0 N
28 19 2 1 N
7 27 1 2 N
7 9 2 1 N
7 12 0 0 N
27 4 1 1 N
27 1 2 0 N
27 7 0 2 N
4 29 2 1 N
4 28 0 2 N
4 12 1 0 N
29 24 0 1 N
29 9 2 2 N
29 19 1 0 N
24 6 1 1 N
24 12 0 0 N
24 29 2 2 N
6 23 2 1 N
6 19 1 0 N
6 12 0 2 N
23 14 2 1 N
23 5 0 2 N
23 24 1 0 N
14 30 1 1 N
14 7 0 2 N
14 28 2 0 N
30 9 2 1 N
30 4 1 0 N
30 4 0 2 N
9 21 2 2 N
9 1 0 0 N
9 12 1 1 N
21 16 1 1 N
21 7 0 2 N
21 1 2 0 N
16 25 1 0 N
16 13 2 1 N
16 15 0 2 N
25 26 0 2 N
25 21 1 1 N
25 27 2 0 N
26 15 2 2 N
26 29 1 0 N
26 24 0 1 N
15 18 1 2 N
15 27 0 0 N
15 29 2 1 N
18 2 1 0 N
18 18 0 2 N
18 18 2 1 N
2 17 1 0 N
2 25 2 2 N
2 29 0 1 N
17 3 0 2 N
17 19 1 0 N
17 12 2 1 N
3 5 2 2 N
3 33 1 0 N
3 1 0 1 N
5 8 0 1 N
5 21 1 2 N
5 12 2 0 N
8 31 0 2 N
8 14 2 1 N
8 18 1 0 N
31 32 2 1 N
31 3 1 2 N
31 1 0 0 N
32 10 2 1 N
32 33 0 2 N
32 12 1 0 N
10 33 0 1 N
10 19 2 2 N
10 11 1 0 N
33 11 1 1 N
33 28 0 0 N
33 2 2 2 N
11 13 0 0 N
11 17 2 1 N
11 13 1 2 N
13 22 2 0 N
13 24 0 1 N
13 29 1 2 N
22 1 2 2 N
22 28 1 0 N
22 2 0 1 N
1 19 2 2 N
1 7 1 0 N
1 12 0 1 N
19 16 2 2 N
19 12 1 1 N
19 18 0 0 N
