4 9 1 2 S
4 10 0 1 S
4 33 2 0 S
9 8 0 0 N
9 14 2 2 N
9 8 1 1 N
8 18 2 2 N
8 28 1 0 N
8 8 0 1 N
18 25 1 0 N
18 5 0 1 N
18 21 2 2 N
25 23 2 1 N
25 18 0 0 N
25 16 1 2 N
23 14 2 2 N
23 10 1 1 N
23 18 0 0 N
14 19 1 2 N
14 25 2 1 N
14 8 0 0 N
19 13 1 2 N
19 8 2 1 N
19 21 0 0 N
13 11 2 0 N
13 19 1 1 N
13 8 0 2 N
11 28 1 2 N
11 21 0 0 N
11 20 2 1 N
28 3 1 2 N
28 12 0 0 N
28 33 2 1 N
3 22 0 0 N
3 17 2 2 N
3 2 1 1 N
22 26 2 1 N
22 4 0 2 N
22 7 1 0 N
26 1 0 2 N
26 27 1 1 N
26 29 2 0 N
1 5 1 2 N
1 19 2 0 N
1 9 0 1 N
5 30 0 0 N
5 2 2 1 N
5 12 1 2 N
30 16 2 1 N
30 18 0 0 N
30 9 1 2 N
16 32 2 2 N
16 10 0 0 N
16 12 1 1 N
32 33 0 2 N
32 21 2 1 N
32 18 1 0 N
33 12 1 2 N
33 15 0 1 N
33 14 2 0 N
12 2 2 1 N
12 8 0 2 N
12 21 1 0 N
2 24 1 0 N
2 22 0 2 N
2 32 2 1 N
24 10 1 2 N
24 19 0 1 N
24 33 2 0 N
10 31 1 2 N
10 21 2 1 N
10 30 0 0 N
31 6 0 0 N
31 23 1 1 N
31 19 2 2 N
6 7 0 2 N
6 1 2 1 N
6 16 1 0 N
7 27 0 1 N
7 0 1 2 N
7 32 2 0 N
27 15 1 0 N
27 8 0 1 N
27 29 2 2 N
15 20 1 1 N
15 14 2 2 N
15 7 0 0 N
20 29 0 1 N
20 18 2 0 N
20 29 1 2 N
29 0 2 2 N
29 8 0 0 N
29 8 1 1 N
0 17 2 2 N
0 5 1 0 N
0 28 0 1 N
17 21 2 0 N
17 5 0 1 N
17 15 1 2 N
21 16 2 2 N
21 19 1 0 N
21 14 0 1 N
