3 28 2 0 S
3 20 1 1 S
3 15 0 2 S
28 8 1 1 N
28 30 2 2 N
28 16 0 0 N
8 31 1 0 N
8 23 2 1 N
8 3 0 2 N
31 11 0 2 N
31 30 2 0 N
31 20 1 1 N
11 12 0 1 N
11 7 1 0 N
11 7 2 2 N
12 27 0 2 N
12 28 1 0 N
12 7 2 1 N
27 22 2 2 N
27 5 0 1 N
27 16 1 0 N
22 5 0 1 N
22 1 2 0 N
22 15 1 2 N
5 21 0 0 N
5 3 1 1 N
5 30 2 2 N
21 6 2 2 N
21 32 1 0 N
21 17 0 1 N
6 14 2 0 N
6 5 0 1 N
6 15 1 2 N
14 33 2 2 N
14 19 1 1 N
14 13 0 0 N
33 29 2 1 N
33 20 0 0 N
33 25 1 2 N
29 7 2 0 N
29 6 0 2 N
29 19 1 1 N
7 32 2 0 N
7 27 0 1 N
7 1 1 2 N
32 1 2 2 N
32 5 1 0 N
32 21 0 1 N
1 24 0 1 N
1 7 1 0 N
1 1 2 2 N
24 20 0 2 N
24 17 1 1 N
24 3 2 0 N
20 10 1 0 N
20 12 2 2 N
20 22 0 1 N
10 2 2 2 N
10 19 1 0 N
10 25 0 1 N
2 25 2 2 N
2 12 1 1 N
2 26 0 0 N
25 0 0 0 N
25 33 1 1 N
25 11 2 2 N
0 23 0 2 N
0 22 2 1 N
0 7 1 0 N
23 15 1 2 N
23 7 0 0 N
23 7 2 1 N
15 4 1 0 N
15 33 0 2 N
15 1 2 1 N
4 26 1 1 N
4 6 2 2 N
4 5 0 0 N
26 18 2 1 N
26 27 0 0 N
26 15 1 2 N
18 16 2 1 N
18 28 0 0 N
18 25 1 2 N
16 19 0 1 N
16 25 2 0 N
16 7 1 2 N
19 13 0 2 N
19 21 1 1 N
19 15 2 0 N
13 30 2 2 N
13 20 0 1 N
13 10 1 0 N
30 9 0 0 N
30 0 1 1 N
30 1 2 2 N
9 17 1 2 N
9 21 0 1 N
9 16 2 0 N
17 6 2 0 N
17 12 0 2 N
17 11 1 1 N
