19 22 0 1 S
19 25 2 2 S
19 31 1 0 S
22 27 0 1 N
22 7 1 2 N
22 7 2 0 N
27 0 2 0 N
27 2 1 2 N
27 12 0 1 N
0 8 1 0 N
0 5 0 1 N
0 24 2 2 N
8 2 1 0 N
8 20 2 2 N
8 26 0 1 N
2 33 2 0 N
2 33 1 1 N
2 7 0 2 N
33 1 1 1 N
33 28 0 0 N
33 2 2 2 N
1 26 1 1 N
1 17 0 2 N
1 9 2 0 N
26 23 1 0 N
26 33 2 2 N
26 12 0 1 N
23 32 2 1 N
23 20 0 2 N
23 8 1 0 N
32 3 1 0 N
32 0 0 1 N
32 3 2 2 N
3 14 2 1 N
3 28 0 0 N
3 8 1 2 N
14 25 2 2 N
14 2 0 0 N
14 9 1 1 N
25 12 0 2 N
25 20 2 1 N
25 28 1 0 N
12 17 0 0 N
12 20 2 2 N
12 2 1 1 N
17 30 1 0 N
17 30 0 1 N
17 7 2 2 N
30 5 1 2 N
30 25 2 0 N
30 33 0 1 N
5 29 2 1 N
5 32 0 0 N
5 33 1 2 N
29 10 1 2 N
29 13 0 1 N
29 2 2 0 N
10 6 1 2 N
10 30 2 0 N
10 31 0 1 N
6 31 1 2 N
6 30 0 1 N
6 0 2 0 N
31 15 1 1 N
31 0 0 2 N
31 15 2 0 N
15 21 1 0 N
15 23 2 1 N
15 28 0 2 N
21 11 0 1 N
21 9 2 2 N
21 3 1 0 N
11 13 1 1 N
11 0 2 2 N
11 0 0 0 N
13 24 0 1 N
13 12 1 2 N
13 12 2 0 N
24 9 1 1 N
24 13 2 2 N
24 8 0 0 N
9 20 1 0 N
9 11 2 2 N
9 12 0 1 N
20 18 0 1 N
20 8 1 0 N
20 12 2 2 N
18 16 2 2 N
18 5 1 0 N
18 2 0 1 N
16 4 0 2 N
16 13 2 0 N
16 15 1 1 N
4 7 1 2 N
4 3 2 0 N
4 25 0 1 N
7 28 1 2 N
7 22 2 0 N
7 7 0 1 N
28 29 1 0 N
28 22 2 1 N
28 7 0 2 N
