19 33 1 1 S
19 20 2 0 S
19 20 0 2 S
33 17 0 2 N
33 27 2 1 N
33 11 1 0 N
17 12 0 0 N
17 31 1 2 N
17 9 2 1 N
12 9 0 0 N
12 11 1 1 N
12 19 2 2 N
9 2 0 2 N
9 11 2 1 N
9 11 1 0 N
2 6 1 1 N
2 29 2 2 N
2 10 0 0 N
6 4 2 0 N
6 17 1 2 N
6 33 0 1 N
4 8 0 1 N
4 0 1 2 N
4 21 2 0 N
8 20 0 0 N
8 19 2 1 N
8 20 1 2 N
20 11 1 1 N
20 18 2 0 N
20 11 0 2 N
11 16 0 0 N
11 16 2 1 N
11 21 1 2 N
16 18 2 1 N
16 21 1 0 N
16 32 0 2 N
18 23 1 2 N
18 23 0 1 N
18 19 2 0 N
23 21 1 0 N
23 13 2 2 N
23 8 0 1 N
21 32 2 2 N
21 1 1 1 N
21 1 0 0 N
32 7 0 0 N
32 8 2 2 N
32 1 1 1 N
7 13 1 1 N
7 20 0 0 N
7 32 2 2 N
13 24 2 2 N
13 15 0 1 N
13 27 1 0 N
24 15 0 1 N
24 0 1 2 N
24 23 2 0 N
15 26 1 2 N
15 13 0 1 N
15 10 2 0 N
26 5 1 0 N
26 16 0 2 N
26 19 2 1 N
5 10 0 0 N
5 16 2 1 N
5 33 1 2 N
10 25 2 2 N
10 24 0 0 N
10 4 1 1 N
25 27 0 1 N
25 31 1 0 N
25 6 2 2 N
27 31 0 2 N
27 10 2 0 N
27 21 1 1 N
31 30 0 1 N
31 26 2 2 N
31 27 1 0 N
30 3 2 0 N
30 4 0 2 N
30 3 1 1 N
3 0 0 1 N
3 1 1 2 N
3 1 2 0 N
0 14 1 1 N
0 8 2 2 N
0 16 0 0 N
14 28 1 2 N
14 32 0 1 N
14 15 2 0 N
28 29 1 1 N
28 24 0 0 N
28 11 2 2 N
29 22 1 2 N
29 21 2 1 N
29 11 0 0 N
22 1 0 0 N
22 7 1 2 N
22 11 2 1 N
1 3 1 1 N
1 1 0 2 N
1 1 2 0 N
