2 24 1 0 S
2 6 0 1 S
2 32 2 2 S
24 15 0 2 N
24 5 1 1 N
24 22 2 0 N
15 4 1 0 N
15 7 2 2 N
15 32 0 1 N
4 9 1 2 N
4 18 2 1 N
4 23 0 0 N
9 13 1 1 N
9 12 0 0 N
9 10 2 2 N
13 8 0 2 N
13 33 2 0 N
13 33 1 1 N
8 0 2 1 N
8 24 1 2 N
8 14 0 0 N
0 22 0 0 N
0 14 1 2 N
0 14 2 1 N
22 12 2 2 N
22 24 0 1 N
22 5 1 0 N
12 27 0 2 N
12 33 1 1 N
12 23 2 0 N
27 33 1 0 N
27 3 0 2 N
27 23 2 1 N
33 16 2 1 N
33 2 1 0 N
33 33 0 2 N
16 3 2 1 N
16 4 1 0 N
16 13 0 2 N
3 18 1 2 N
3 23 2 1 N
3 23 0 0 N
18 19 0 0 N
18 26 2 2 N
18 15 1 1 N
19 21 0 0 N
19 6 1 1 N
19 22 2 2 N
21 6 0 1 N
21 25 2 2 N
21 27 1 0 N
6 25 2 2 N
6 2 0 1 N
6 23 1 0 N
25 10 1 2 N
25 31 0 1 N
25 8 2 0 N
10 17 2 2 N
10 5 1 0 N
10 11 0 1 N
17 26 1 1 N
17 32 0 0 N
17 33 2 2 N
26 28 2 2 N
26 0 1 1 N
26 33 0 0 N
28 23 1 0 N
28 11 2 2 N
28 15 0 1 N
23 7 1 1 N
23 3 2 2 N
23 33 0 0 N
7 5 1 0 N
7 28 2 2 N
7 17 0 1 N
5 29 1 2 N
5 11 2 1 N
5 14 0 0 N
29 31 0 2 N
29 31 1 1 N
29 8 2 0 N
31 11 1 1 N
31 20 0 0 N
31 15 2 2 N
11 30 2 2 N
11 3 0 0 N
11 18 1 1 N
30 1 1 2 N
30 12 0 0 N
30 24 2 1 N
1 32 1 1 N
1 4 0 0 N
1 12 2 2 N
32 14 0 0 N
32 33 1 1 N
32 33 2 2 N
14 20 1 0 N
14 18 0 1 N
14 32 2 2 N
20 14 2 1 N
20 26 1 2 N
20 26 0 0 N
