7 4 2 0 S
7 13 1 1 S
7 19 0 2 S
4 18 1 0 N
4 19 2 1 N
4 3 0 2 N
18 8 1 0 N
18 13 2 2 N
18 21 0 1 N
8 16 2 2 N
8 6 1 0 N
8 10 0 1 N
16 19 2 1 N
16 11 1 0 N
16 11 0 2 N
19 15 2 1 N
19 9 0 2 N
19 9 1 0 N
15 0 2 2 N
15 10 0 0 N
15 12 1 1 N
0 6 1 1 N
0 9 0 2 N
0 3 2 0 N
6 21 2 2 N
6 4 1 0 N
6 21 0 1 N
21 17 0 1 N
21 0 2 0 N
21 11 1 2 N
17 14 2 1 N
17 11 0 0 N
17 14 1 2 N
14 9 1 1 N
14 4 0 2 N
14 11 2 0 N
9 5 2 0 N
9 11 0 2 N
9 11 1 1 N
5 12 2 1 N
5 10 1 0 N
5 4 0 2 N
12 1 2 1 N
12 16 0 0 N
12 11 1 2 N
1 20 1 0 N
1 0 2 2 N
1 4 0 1 N
20 2 2 0 N
20 4 0 1 N
20 3 1 2 N
2 13 0 0 N
2 8 2 1 N
2 21 1 2 N
13 10 2 1 N
13 6 1 2 N
13 10 0 0 N
10 3 2 1 N
10 14 0 2 N
10 20 1 0 N
3 11 2 1 N
3 21 0 0 N
3 21 1 2 N
11 16 1 2 N
11 11 0 1 N
11 11 2 0 N
