11 3 0 1 S
11 15 1 0 S
11 20 2 2 S
3 10 1 2 N
3 14 0 1 N
3 8 2 0 N
10 21 1 1 N
10 20 0 0 N
10 1 2 2 N
21 7 1 2 N
21 13 0 0 N
21 11 2 1 N
7 18 1 2 N
7 11 2 1 N
7 3 0 0 N
18 12 0 1 N
18 4 1 0 N
18 0 2 2 N
12 14 1 1 N
12 4 2 2 N
12 19 0 0 N
14 6 2 0 N
14 21 0 2 N
14 1 1 1 N
6 20 0 0 N
6 16 1 2 N
6 13 2 1 N
20 0 0 0 N
20 20 2 1 N
20 20 1 2 N
0 5 0 0 N
0 14 2 2 N
0 6 1 1 N
5 8 1 0 N
5 21 2 1 N
5 20 0 2 N
8 4 1 0 N
8 12 0 2 N
8 1 2 1 N
4 13 1 2 N
4 11 2 1 N
4 5 0 0 N
13 16 1 2 N
13 20 0 0 N
13 21 2 1 N
16 19 1 1 N
16 10 2 0 N
16 1 0 2 N
19 17 2 0 N
19 21 0 2 N
19 11 1 1 N
17 1 1 0 N
17 6 0 2 N
17 15 2 1 N
1 2 0 1 N
1 15 1 2 N
1 11 2 0 N
2 15 0 2 N
2 21 1 1 N
2 5 2 0 N
15 9 1 2 N
15 11 0 0 N
15 11 2 1 N
9 14 2 2 N
9 16 1 1 N
9 12 0 0 N
