16 4 0 0 S
16 12 2 1 S
16 15 1 2 S
4 1 0 2 N
4 7 1 0 N
4 8 2 1 N
1 6 0 2 N
1 12 1 1 N
1 10 2 0 N
6 9 0 2 N
6 15 2 0 N
6 21 1 1 N
9 21 2 2 N
9 5 1 1 N
9 21 0 0 N
21 17 0 1 N
21 12 1 0 N
21 12 2 2 N
17 5 1 0 N
17 0 0 2 N
17 14 2 1 N
5 18 2 0 N
5 1 0 1 N
5 17 1 2 N
18 11 0 1 N
18 14 1 0 N
18 21 2 2 N
11 12 1 0 N
11 3 2 1 N
11 14 0 2 N
12 19 2 0 N
12 18 0 1 N
12 8 1 2 N
19 14 1 2 N
19 20 0 0 N
19 10 2 1 N
14 3 2 1 N
14 4 0 0 N
14 21 1 2 N
3 20 0 0 N
3 1 1 1 N
3 16 2 2 N
20 10 0 1 N
20 18 2 0 N
20 14 1 2 N
10 2 0 1 N
10 13 1 2 N
10 4 2 0 N
2 0 1 2 N
2 18 2 0 N
2 14 0 1 N
0 15 0 1 N
0 16 2 2 N
0 12 1 0 N
15 7 0 1 N
15 21 1 0 N
15 8 2 2 N
7 13 2 1 N
7 16 0 0 N
7 6 1 2 N
13 8 2 2 N
13 3 0 1 N
13 12 1 0 N
8 12 2 1 N
8 12 0 2 N
8 8 1 0 N
