1 18 1 1 S
1 20 0 2 S
1 5 2 0 S
18 6 2 0 N
18 1 0 1 N
18 21 1 2 N
6 11 2 2 N
6 18 1 0 N
6 1 0 1 N
11 12 2 0 N
11 3 0 2 N
11 1 1 1 N
12 16 1 2 N
12 16 2 1 N
12 18 0 0 N
16 0 2 2 N
16 4 0 0 N
16 15 1 1 N
0 13 0 0 N
0 8 2 1 N
0 12 1 2 N
13 4 0 0 N
13 9 1 1 N
13 5 2 2 N
4 2 1 0 N
4 16 2 2 N
4 15 0 1 N
2 5 1 2 N
2 8 2 1 N
2 5 0 0 N
5 19 2 2 N
5 2 0 0 N
5 5 1 1 N
19 14 0 0 N
19 7 1 1 N
19 3 2 2 N
14 17 2 2 N
14 7 0 0 N
14 11 1 1 N
17 15 0 1 N
17 7 1 0 N
17 2 2 2 N
15 7 1 2 N
15 7 2 1 N
15 7 0 0 N
7 20 2 2 N
7 15 1 0 N
7 2 0 1 N
20 9 0 2 N
20 21 2 1 N
20 19 1 0 N
9 8 2 0 N
9 19 0 2 N
9 3 1 1 N
8 10 0 1 N
8 7 2 2 N
8 18 1 0 N
10 21 0 0 N
10 12 1 2 N
10 2 2 1 N
21 3 2 1 N
21 5 1 0 N
21 2 0 2 N
3 4 2 0 N
3 12 1 1 N
3 2 0 2 N
