10 16 0 0 S
10 20 1 1 S
10 19 2 2 S
16 2 2 2 N
16 20 1 1 N
16 19 0 0 N
2 15 0 0 N
2 12 1 2 N
2 2 2 1 N
15 5 1 2 N
15 1 2 1 N
15 18 0 0 N
5 21 0 2 N
5 8 1 0 N
5 20 2 1 N
21 14 2 0 N
21 15 1 2 N
21 6 0 1 N
14 7 1 0 N
14 3 0 1 N
14 3 2 2 N
7 17 2 2 N
7 6 0 0 N
7 13 1 1 N
17 6 1 0 N
17 8 2 1 N
17 3 0 2 N
6 3 0 1 N
6 16 2 0 N
6 12 1 2 N
3 18 1 2 N
3 11 0 1 N
3 2 2 0 N
18 9 1 1 N
18 2 2 0 N
18 13 0 2 N
9 4 0 0 N
9 14 1 1 N
9 6 2 2 N
4 19 0 1 N
4 18 2 2 N
4 17 1 0 N
19 20 1 2 N
19 17 2 1 N
19 11 0 0 N
20 1 0 1 N
20 15 1 0 N
20 2 2 2 N
1 13 2 2 N
1 7 1 0 N
1 17 0 1 N
13 8 1 1 N
13 3 0 2 N
13 14 2 0 N
8 11 0 1 N
8 18 2 0 N
8 15 1 2 N
11 12 0 1 N
11 8 1 0 N
11 2 2 2 N
12 0 1 0 N
12 19 2 1 N
12 3 0 2 N
0 9 1 2 N
0 13 0 0 N
0 20 2 1 N
