17 20 2 2 S
17 17 0 0 S
17 17 1 1 S
20 14 1 0 N
20 17 0 1 N
20 11 2 2 N
14 19 1 2 N
14 12 0 0 N
14 12 2 1 N
19 10 0 0 N
19 7 2 2 N
19 11 1 1 N
10 16 0 2 N
10 15 2 0 N
10 17 1 1 N
16 18 2 1 N
16 0 0 0 N
16 20 1 2 N
18 2 0 0 N
18 6 2 1 N
18 8 1 2 N
2 7 0 0 N
2 8 1 2 N
2 14 2 1 N
7 21 2 1 N
7 20 0 0 N
7 17 1 2 N
21 6 1 0 N
21 12 2 1 N
21 6 0 2 N
6 0 1 1 N
6 15 0 2 N
6 12 2 0 N
0 15 0 2 N
0 8 1 0 N
0 17 2 1 N
15 12 2 0 N
15 17 0 1 N
15 11 1 2 N
12 3 2 0 N
12 17 1 2 N
12 17 0 1 N
3 11 2 1 N
3 6 1 2 N
3 1 0 0 N
11 9 2 2 N
11 14 1 1 N
11 1 0 0 N
9 13 1 0 N
9 15 0 1 N
9 8 2 2 N
13 1 0 2 N
13 17 2 0 N
13 9 1 1 N
1 5 2 0 N
1 17 0 2 N
1 12 1 1 N
5 8 1 1 N
5 20 0 2 N
5 9 2 0 N
8 4 0 2 N
8 18 1 1 N
8 21 2 0 N
4 15 2 1 N
4 3 1 0 N
4 11 0 2 N
