16 2 2 2 S
16 3 1 0 S
16 20 0 1 S
2 14 2 2 N
2 5 0 1 N
2 5 1 0 N
14 4 2 2 N
14 2 1 0 N
14 1 0 1 N
4 11 0 2 N
4 12 1 0 N
4 19 2 1 N
11 0 1 1 N
11 5 2 2 N
11 3 0 0 N
0 8 1 0 N
0 3 2 2 N
0 13 0 1 N
8 1 0 0 N
8 7 2 1 N
8 12 1 2 N
1 3 1 1 N
1 17 2 2 N
1 7 0 0 N
3 10 2 0 N
3 21 0 2 N
3 19 1 1 N
10 7 0 0 N
10 15 1 1 N
10 19 2 2 N
7 18 1 2 N
7 19 0 0 N
7 19 2 1 N
18 9 0 0 N
18 15 1 2 N
18 1 2 1 N
9 21 1 1 N
9 10 2 0 N
9 6 0 2 N
21 5 1 0 N
21 2 0 1 N
21 6 2 2 N
5 17 0 1 N
5 21 1 2 N
5 3 2 0 N
17 15 0 1 N
17 19 2 2 N
17 19 1 0 N
15 6 0 2 N
15 3 1 0 N
15 12 2 1 N
6 19 0 0 N
6 3 2 1 N
6 17 1 2 N
19 12 0 2 N
19 10 2 0 N
19 19 1 1 N
12 13 1 1 N
12 17 0 2 N
12 10 2 0 N
13 20 0 1 N
13 2 2 0 N
13 6 1 2 N
20 17 0 0 N
20 4 2 2 N
20 7 1 1 N
