21 12 0 1 S
21 14 1 2 S
21 8 2 0 S
12 20 0 1 N
12 2 2 0 N
12 17 1 2 N
20 13 2 1 N
20 7 1 2 N
20 12 0 0 N
13 10 0 2 N
13 1 1 0 N
13 0 2 1 N
10 3 1 1 N
10 20 2 2 N
10 21 0 0 N
3 16 2 2 N
3 18 0 1 N
3 17 1 0 N
16 11 2 2 N
16 2 0 0 N
16 9 1 1 N
11 4 2 0 N
11 17 0 2 N
11 9 1 1 N
4 18 0 2 N
4 11 1 1 N
4 6 2 0 N
18 5 0 2 N
18 19 2 1 N
18 2 1 0 N
5 7 2 1 N
5 21 0 0 N
5 20 1 2 N
7 17 2 2 N
7 2 1 1 N
7 10 0 0 N
17 0 2 1 N
17 17 0 2 N
17 17 1 0 N
0 15 1 1 N
0 4 2 0 N
0 8 0 2 N
15 2 1 0 N
15 3 0 2 N
15 18 2 1 N
2 8 1 2 N
2 13 0 1 N
2 21 2 0 N
8 1 2 1 N
8 17 1 0 N
8 9 0 2 N
1 14 1 2 N
1 5 0 0 N
1 14 2 1 N
14 6 2 2 N
14 10 0 1 N
14 17 1 0 N
6 19 2 0 N
6 17 1 2 N
6 9 0 1 N
19 9 0 2 N
19 4 2 0 N
19 15 1 1 N
9 21 0 2 N
9 21 2 0 N
9 17 1 1 N
