10 1 1 2 S
10 4 2 0 S
10 0 0 1 S
1 7 0 1 N
1 7 1 0 N
1 16 2 2 N
7 11 2 1 N
7 19 1 2 N
7 14 0 0 N
11 8 2 1 N
11 8 0 0 N
11 11 1 2 N
8 5 2 2 N
8 13 0 0 N
8 14 1 1 N
5 17 0 1 N
5 18 1 2 N
5 4 2 0 N
17 12 0 0 N
17 10 2 1 N
17 10 1 2 N
12 15 2 1 N
12 19 1 2 N
12 0 0 0 N
15 18 2 1 N
15 11 0 2 N
15 12 1 0 N
18 0 1 1 N
18 7 0 2 N
18 19 2 0 N
0 20 1 2 N
0 19 0 1 N
0 3 2 0 N
20 6 1 2 N
20 16 2 0 N
20 3 0 1 N
6 3 1 1 N
6 10 2 2 N
6 0 0 0 N
3 21 2 0 N
3 18 1 2 N
3 14 0 1 N
21 14 0 1 N
21 8 2 0 N
21 9 1 2 N
14 13 1 0 N
14 11 2 2 N
14 11 0 1 N
13 9 2 1 N
13 6 0 2 N
13 3 1 0 N
9 2 2 2 N
9 0 1 1 N
9 0 0 0 N
2 19 0 1 N
2 1 2 2 N
2 1 1 0 N
19 16 0 2 N
19 10 1 1 N
19 4 2 0 N
16 4 0 1 N
16 8 1 2 N
16 5 2 0 N
4 15 0 2 N
4 19 2 0 N
4 11 1 1 N
