15 7 1 1 S
15 13 2 0 S
15 5 0 2 S
7 20 0 0 N
7 10 1 2 N
7 7 2 1 N
20 8 1 2 N
20 3 2 1 N
20 5 0 0 N
8 17 0 1 N
8 10 1 2 N
8 4 2 0 N
17 13 2 0 N
17 9 0 2 N
17 13 1 1 N
13 9 1 0 N
13 6 2 2 N
13 5 0 1 N
9 14 0 0 N
9 14 1 2 N
9 7 2 1 N
14 2 2 2 N
14 7 0 1 N
14 12 1 0 N
2 16 2 2 N
2 15 0 0 N
2 8 1 1 N
16 4 0 0 N
16 15 2 1 N
16 17 1 2 N
4 11 2 0 N
4 7 0 2 N
4 7 1 1 N
11 3 2 0 N
11 10 1 2 N
11 2 0 1 N
3 18 2 0 N
3 2 0 1 N
3 18 1 2 N
18 12 2 2 N
18 1 0 1 N
18 21 1 0 N
12 1 1 0 N
12 15 0 1 N
12 9 2 2 N
1 19 1 2 N
1 16 2 0 N
1 4 0 1 N
19 5 2 2 N
19 20 0 1 N
19 9 1 0 N
5 0 2 1 N
5 7 1 0 N
5 10 0 2 N
0 21 0 0 N
0 7 1 2 N
0 1 2 1 N
21 6 0 1 N
21 15 1 2 N
21 20 2 0 N
6 10 2 2 N
6 12 1 0 N
6 9 0 1 N
10 1 2 1 N
10 4 1 0 N
10 7 0 2 N
