9 4 0 0 S
9 13 2 1 S
9 15 1 2 S
4 11 0 2 N
4 21 2 0 N
4 21 1 1 N
11 16 2 1 N
11 18 1 0 N
11 21 0 2 N
16 14 1 2 N
16 1 0 0 N
16 6 2 1 N
14 20 1 2 N
14 4 2 0 N
14 15 0 1 N
20 21 0 2 N
20 15 1 1 N
20 6 2 0 N
21 17 2 0 N
21 6 0 2 N
21 21 1 1 N
17 7 2 2 N
17 8 1 0 N
17 9 0 1 N
7 15 1 1 N
7 11 0 2 N
7 6 2 0 N
15 19 1 1 N
15 5 2 2 N
15 4 0 0 N
19 12 1 2 N
19 16 0 1 N
19 7 2 0 N
12 3 1 2 N
12 4 0 0 N
12 1 2 1 N
3 1 0 0 N
3 18 2 2 N
3 16 1 1 N
1 18 2 1 N
1 10 0 2 N
1 18 1 0 N
18 13 0 0 N
18 20 2 1 N
18 19 1 2 N
13 10 0 1 N
13 0 2 0 N
13 17 1 2 N
10 5 1 0 N
10 5 0 2 N
10 0 2 1 N
5 8 1 2 N
5 13 2 1 N
5 6 0 0 N
8 0 2 2 N
8 21 0 1 N
8 19 1 0 N
0 2 1 0 N
0 2 2 1 N
0 1 0 2 N
2 6 2 0 N
2 13 0 1 N
2 17 1 2 N
6 9 1 1 N
6 21 0 0 N
6 21 2 2 N
