11 5 0 2 S
11 2 1 0 S
11 20 2 1 S
5 9 2 1 N
5 0 1 2 N
5 3 0 0 N
9 8 1 0 N
9 10 0 2 N
9 20 2 1 N
8 21 1 0 N
8 15 0 1 N
8 4 2 2 N
21 3 1 0 N
21 3 0 1 N
21 17 2 2 N
3 0 2 1 N
3 12 1 2 N
3 1 0 0 N
0 18 2 0 N
0 14 0 2 N
0 4 1 1 N
18 10 2 1 N
18 1 1 0 N
18 12 0 2 N
10 1 1 1 N
10 16 0 2 N
10 3 2 0 N
1 15 0 1 N
1 16 2 0 N
1 12 1 2 N
15 4 1 2 N
15 1 2 0 N
15 12 0 1 N
4 14 1 2 N
4 1 0 1 N
4 18 2 0 N
14 17 0 1 N
14 3 2 2 N
14 19 1 0 N
17 6 0 0 N
17 19 2 2 N
17 7 1 1 N
6 20 0 1 N
6 14 1 0 N
6 3 2 2 N
20 7 2 0 N
20 0 0 2 N
20 10 1 1 N
7 12 2 0 N
7 12 0 1 N
7 18 1 2 N
12 16 0 1 N
12 18 1 2 N
12 12 2 0 N
16 2 2 0 N
16 21 1 2 N
16 18 0 1 N
2 13 1 0 N
2 12 2 2 N
2 4 0 1 N
13 19 1 0 N
13 19 0 1 N
13 18 2 2 N
19 2 2 2 N
19 12 1 0 N
19 18 0 1 N
