17 9 1 0 S
17 5 0 1 S
17 1 2 2 S
9 19 0 2 N
9 2 1 0 N
9 10 2 1 N
19 1 2 2 N
19 11 1 0 N
19 1 0 1 N
1 5 1 0 N
1 17 2 1 N
1 1 0 2 N
5 20 1 2 N
5 10 0 0 N
5 14 2 1 N
20 12 1 2 N
20 19 2 1 N
20 1 0 0 N
12 16 2 0 N
12 10 1 1 N
12 19 0 2 N
16 2 1 2 N
16 8 2 1 N
16 20 0 0 N
2 11 2 0 N
2 15 0 2 N
2 1 1 1 N
11 0 0 1 N
11 16 1 0 N
11 2 2 2 N
0 6 2 2 N
0 14 1 0 N
0 14 0 1 N
6 4 0 1 N
6 19 1 0 N
6 19 2 2 N
4 13 0 2 N
4 10 1 1 N
4 14 2 0 N
13 3 0 0 N
13 19 2 1 N
13 2 1 2 N
3 7 1 1 N
3 9 0 0 N
3 17 2 2 N
7 18 2 0 N
7 3 1 2 N
7 8 0 1 N
18 10 1 2 N
18 2 2 1 N
18 15 0 0 N
10 15 0 2 N
10 15 1 0 N
10 15 2 1 N
15 21 0 0 N
15 14 1 2 N
15 14 2 1 N
21 8 1 2 N
21 15 0 0 N
21 15 2 1 N
8 14 2 0 N
8 9 0 1 N
8 14 1 2 N
14 13 0 1 N
14 19 2 2 N
14 17 1 0 N
