2 7 1 2 S
2 15 2 0 S
2 4 0 1 S
7 13 2 0 N
7 19 0 2 N
7 17 1 1 N
13 20 0 2 N
13 14 1 1 N
13 20 2 0 N
20 5 1 1 N
20 9 2 0 N
20 14 0 2 N
5 12 2 1 N
5 2 1 0 N
5 12 0 2 N
12 3 2 1 N
12 15 0 0 N
12 17 1 2 N
3 11 1 2 N
3 18 2 1 N
3 14 0 0 N
11 21 1 0 N
11 15 2 1 N
11 9 0 2 N
21 17 2 1 N
21 7 0 2 N
21 2 1 0 N
17 16 2 2 N
17 13 1 1 N
17 15 0 0 N
16 1 0 1 N
16 17 2 0 N
16 8 1 2 N
1 0 2 1 N
1 6 1 0 N
1 11 0 2 N
0 18 0 1 N
0 1 1 0 N
0 15 2 2 N
18 4 2 0 N
18 1 1 2 N
18 9 0 1 N
4 8 0 0 N
4 20 1 1 N
4 11 2 2 N
8 14 1 2 N
8 17 2 1 N
8 2 0 0 N
14 6 1 2 N
14 9 2 1 N
14 14 0 0 N
6 15 0 2 N
6 2 2 0 N
6 5 1 1 N
15 10 1 2 N
15 14 0 0 N
15 9 2 1 N
10 19 2 1 N
10 1 0 2 N
10 4 1 0 N
19 9 0 1 N
19 18 2 0 N
19 12 1 2 N
9 17 2 2 N
9 20 1 1 N
9 20 0 0 N
