10 7 2 0 S
10 0 1 2 S
10 2 0 1 S
7 12 2 1 N
7 6 1 0 N
7 6 0 2 N
12 4 2 0 N
12 19 0 2 N
12 9 1 1 N
4 8 0 2 N
4 13 1 1 N
4 8 2 0 N
8 2 0 1 N
8 3 1 0 N
8 15 2 2 N
2 1 0 2 N
2 3 1 1 N
2 3 2 0 N
1 5 1 0 N
1 15 2 2 N
1 14 0 1 N
5 15 0 1 N
5 2 2 2 N
5 9 1 0 N
15 14 1 1 N
15 16 0 0 N
15 14 2 2 N
14 6 1 0 N
14 3 0 1 N
14 19 2 2 N
6 18 0 0 N
6 0 1 2 N
6 0 2 1 N
18 21 0 2 N
18 19 1 0 N
18 12 2 1 N
21 17 1 2 N
21 8 0 1 N
21 3 2 0 N
17 19 0 1 N
17 2 1 2 N
17 15 2 0 N
19 3 1 1 N
19 2 2 2 N
19 19 0 0 N
3 16 2 0 N
3 9 0 2 N
3 19 1 1 N
16 13 1 2 N
16 1 0 0 N
16 2 2 1 N
13 20 1 2 N
13 11 2 0 N
13 19 0 1 N
20 11 2 1 N
20 10 1 0 N
20 7 0 2 N
11 0 1 2 N
11 14 2 0 N
11 1 0 1 N
0 9 0 0 N
0 13 1 2 N
0 13 2 1 N
9 12 2 0 N
9 12 0 1 N
9 19 1 2 N
