20 4 1 0 S
20 14 0 1 S
20 7 2 2 S
4 13 1 0 N
4 10 0 1 N
4 2 2 2 N
13 7 2 2 N
13 7 1 1 N
13 2 0 0 N
7 19 0 2 N
7 16 1 0 N
7 6 2 1 N
19 1 2 0 N
19 14 0 2 N
19 0 1 1 N
1 15 1 0 N
1 13 2 2 N
1 8 0 1 N
15 8 0 2 N
15 20 2 0 N
15 20 1 1 N
8 0 0 1 N
8 17 1 0 N
8 4 2 2 N
0 9 2 1 N
0 21 0 2 N
0 20 1 0 N
9 21 1 0 N
9 21 2 1 N
9 14 0 2 N
21 10 2 2 N
21 2 1 1 N
21 14 0 0 N
10 3 1 2 N
10 6 2 1 N
10 6 0 0 N
3 14 1 2 N
3 7 2 1 N
3 7 0 0 N
14 16 2 0 N
14 6 0 1 N
14 3 1 2 N
16 11 2 0 N
16 11 1 1 N
16 2 0 2 N
11 17 2 1 N
11 17 1 0 N
11 3 0 2 N
17 2 0 2 N
17 7 1 0 N
17 2 2 1 N
2 6 2 0 N
2 7 0 2 N
2 2 1 1 N
6 5 2 2 N
6 2 0 0 N
6 2 1 1 N
5 12 2 0 N
5 7 0 1 N
5 6 1 2 N
12 18 1 0 N
12 9 2 1 N
12 2 0 2 N
18 20 2 2 N
18 13 1 1 N
18 2 0 0 N
