19 1 2 2 S
19 10 0 1 S
19 18 1 0 S
1 8 0 2 N
1 0 2 0 N
1 10 1 1 N
8 10 0 1 N
8 4 2 0 N
8 18 1 2 N
10 9 0 1 N
10 21 2 0 N
10 4 1 2 N
9 5 2 1 N
9 16 1 2 N
9 15 0 0 N
5 18 1 0 N
5 0 2 2 N
5 7 0 1 N
18 0 1 1 N
18 0 0 2 N
18 0 2 0 N
0 4 2 2 N
0 0 1 0 N
0 0 0 1 N
4 2 0 0 N
4 13 1 1 N
4 0 2 2 N
2 15 1 1 N
2 10 2 0 N
2 11 0 2 N
15 14 0 1 N
15 13 2 0 N
15 3 1 2 N
14 12 2 1 N
14 4 1 2 N
14 19 0 0 N
12 21 0 0 N
12 10 2 1 N
12 10 1 2 N
21 20 0 1 N
21 3 2 0 N
21 18 1 2 N
20 17 0 0 N
20 18 1 2 N
20 18 2 1 N
17 3 2 1 N
17 5 1 2 N
17 16 0 0 N
3 11 1 1 N
3 2 2 2 N
3 21 0 0 N
11 16 2 2 N
11 20 1 1 N
11 18 0 0 N
16 6 2 2 N
16 7 0 1 N
16 0 1 0 N
6 13 0 2 N
6 21 1 1 N
6 20 2 0 N
13 7 2 2 N
13 10 1 1 N
13 19 0 0 N
7 18 0 0 N
7 14 1 1 N
7 21 2 2 N
