18 4 1 1 S
18 19 0 2 S
18 1 2 0 S
4 17 2 1 N
4 9 1 0 N
4 7 0 2 N
17 11 0 2 N
17 3 2 0 N
17 2 1 1 N
11 14 2 0 N
11 3 1 2 N
11 21 0 1 N
14 0 0 1 N
14 1 2 0 N
14 8 1 2 N
0 1 2 0 N
0 4 0 2 N
0 1 1 1 N
1 20 1 2 N
1 1 0 1 N
1 1 2 0 N
20 3 2 0 N
20 3 0 1 N
20 14 1 2 N
3 9 1 0 N
3 14 0 1 N
3 14 2 2 N
9 5 2 0 N
9 3 0 2 N
9 15 1 1 N
5 12 1 1 N
5 10 0 2 N
5 15 2 0 N
12 19 0 0 N
12 1 1 1 N
12 14 2 2 N
19 15 2 0 N
19 10 0 1 N
19 15 1 2 N
15 21 2 0 N
15 3 0 2 N
15 1 1 1 N
21 2 2 2 N
21 1 0 0 N
21 15 1 1 N
2 13 1 0 N
2 13 2 1 N
2 21 0 2 N
13 7 0 0 N
13 7 1 1 N
13 1 2 2 N
7 6 1 1 N
7 21 0 2 N
7 21 2 0 N
6 16 1 1 N
6 20 0 0 N
6 10 2 2 N
16 10 2 1 N
16 7 0 0 N
16 5 1 2 N
10 8 1 0 N
10 17 2 2 N
10 9 0 1 N
8 13 2 1 N
8 14 0 0 N
8 21 1 2 N
