16 18 1 2 S
16 0 0 0 S
16 21 2 1 S
18 15 0 2 N
18 7 1 0 N
18 9 2 1 N
15 17 0 2 N
15 14 1 1 N
15 21 2 0 N
17 4 0 2 N
17 12 1 0 N
17 13 2 1 N
4 0 1 1 N
4 13 0 2 N
4 18 2 0 N
0 3 0 1 N
0 9 1 2 N
0 14 2 0 N
3 21 2 0 N
3 11 0 1 N
3 0 1 2 N
21 8 2 2 N
21 14 0 1 N
21 14 1 0 N
8 12 1 0 N
8 0 0 1 N
8 10 2 2 N
12 11 2 2 N
12 21 0 1 N
12 21 1 0 N
11 5 2 2 N
11 14 0 0 N
11 18 1 1 N
5 7 0 0 N
5 8 1 1 N
5 20 2 2 N
7 10 0 1 N
7 10 1 0 N
7 8 2 2 N
10 9 0 1 N
10 0 2 0 N
10 14 1 2 N
9 19 0 0 N
9 3 1 1 N
9 10 2 2 N
19 6 0 0 N
19 11 1 2 N
19 12 2 1 N
6 14 0 1 N
6 12 2 0 N
6 8 1 2 N
14 2 2 2 N
14 0 1 1 N
14 14 0 0 N
2 13 1 0 N
2 13 0 1 N
2 7 2 2 N
13 20 2 2 N
13 8 1 1 N
13 7 0 0 N
20 1 0 1 N
20 15 2 0 N
20 7 1 2 N
1 10 0 1 N
1 3 2 0 N
1 14 1 2 N
