4 7 0 2 S
4 15 1 0 S
4 11 2 1 S
7 10 0 0 N
7 2 1 2 N
7 2 2 1 N
10 19 2 2 N
10 16 1 0 N
10 6 0 1 N
19 2 1 1 N
19 2 0 2 N
19 20 2 0 N
2 11 2 1 N
2 16 1 0 N
2 2 0 2 N
11 6 1 0 N
11 2 2 1 N
11 2 0 2 N
6 14 2 2 N
6 2 1 1 N
6 11 0 0 N
14 8 2 2 N
14 7 1 1 N
14 21 0 0 N
8 0 0 1 N
8 5 2 2 N
8 16 1 0 N
0 15 2 2 N
0 6 0 0 N
0 6 1 1 N
15 5 2 1 N
15 4 1 2 N
15 10 0 0 N
5 17 2 2 N
5 1 0 1 N
5 10 1 0 N
17 12 0 1 N
17 20 1 0 N
17 0 2 2 N
12 1 1 2 N
12 17 0 0 N
12 5 2 1 N
1 21 2 2 N
1 12 1 0 N
1 19 0 1 N
21 16 2 1 N
21 4 1 2 N
21 18 0 0 N
16 13 2 2 N
16 20 1 1 N
16 6 0 0 N
13 9 1 1 N
13 0 0 2 N
13 10 2 0 N
9 18 1 0 N
9 6 2 2 N
9 2 0 1 N
18 20 2 2 N
18 4 0 0 N
18 2 1 1 N
20 3 0 2 N
20 12 2 0 N
20 2 1 1 N
3 15 0 1 N
3 4 2 2 N
3 2 1 0 N
