8 14 1 0 S
8 20 2 2 S
8 21 0 1 S
14 7 0 0 N
14 15 2 2 N
14 7 1 1 N
7 11 2 0 N
7 15 1 1 N
7 16 0 2 N
11 0 0 2 N
11 8 1 0 N
11 16 2 1 N
0 17 1 2 N
0 20 2 0 N
0 12 0 1 N
17 5 1 0 N
17 20 2 1 N
17 3 0 2 N
5 9 0 2 N
5 7 2 1 N
5 6 1 0 N
9 20 1 0 N
9 5 0 2 N
9 1 2 1 N
20 1 2 2 N
20 12 0 1 N
20 3 1 0 N
1 13 2 2 N
1 18 1 1 N
1 7 0 0 N
13 4 0 1 N
13 1 1 0 N
13 5 2 2 N
4 10 0 0 N
4 15 1 2 N
4 7 2 1 N
10 18 2 0 N
10 4 0 1 N
10 12 1 2 N
18 16 1 0 N
18 7 0 1 N
18 20 2 2 N
16 6 2 2 N
16 4 0 0 N
16 16 1 1 N
6 21 1 2 N
6 18 0 0 N
6 1 2 1 N
21 15 2 1 N
21 7 1 0 N
21 16 0 2 N
15 19 1 1 N
15 20 2 0 N
15 16 0 2 N
19 3 2 0 N
19 3 0 2 N
19 6 1 1 N
3 12 2 2 N
3 7 0 0 N
3 1 1 1 N
12 2 2 2 N
12 6 0 1 N
12 4 1 0 N
2 21 1 2 N
2 11 2 0 N
2 18 0 1 N
