5 17 2 0 S
5 3 1 2 S
5 12 0 1 S
17 15 0 2 N
17 15 2 1 N
17 10 1 0 N
15 0 0 1 N
15 20 2 0 N
15 20 1 2 N
0 13 2 1 N
0 8 1 0 N
0 10 0 2 N
13 1 0 1 N
13 17 1 2 N
13 5 2 0 N
1 14 0 1 N
1 11 1 2 N
1 3 2 0 N
14 18 0 2 N
14 19 2 1 N
14 15 1 0 N
18 21 1 2 N
18 10 0 1 N
18 20 2 0 N
21 7 0 1 N
21 17 2 2 N
21 10 1 0 N
7 10 1 1 N
7 11 0 2 N
7 20 2 0 N
10 16 0 2 N
10 11 1 0 N
10 15 2 1 N
16 4 2 0 N
16 18 1 1 N
16 0 0 2 N
4 20 1 2 N
4 16 0 1 N
4 1 2 0 N
20 8 2 0 N
20 0 0 2 N
20 20 1 1 N
8 19 0 1 N
8 10 2 0 N
8 15 1 2 N
19 3 0 0 N
19 6 1 2 N
19 6 2 1 N
3 2 2 2 N
3 11 1 0 N
3 9 0 1 N
2 11 0 2 N
2 12 2 0 N
2 0 1 1 N
11 9 0 2 N
11 10 1 0 N
11 15 2 1 N
9 6 2 2 N
9 21 0 0 N
9 11 1 1 N
6 12 2 2 N
6 20 0 1 N
6 1 1 0 N
12 16 1 1 N
12 14 2 2 N
12 10 0 0 N
