16 0 2 1 S
16 17 0 2 S
16 17 1 0 S
0 2 2 0 N
0 15 1 1 N
0 19 0 2 N
2 7 1 2 N
2 1 2 1 N
2 17 0 0 N
7 9 2 1 N
7 17 1 0 N
7 6 0 2 N
9 8 1 1 N
9 8 0 0 N
9 10 2 2 N
8 10 1 0 N
8 12 0 2 N
8 6 2 1 N
10 18 1 0 N
10 20 2 2 N
10 7 0 1 N
18 6 1 1 N
18 10 2 2 N
18 1 0 0 N
6 3 0 1 N
6 18 1 0 N
6 5 2 2 N
3 14 1 2 N
3 5 2 0 N
3 1 0 1 N
14 13 2 0 N
14 6 0 2 N
14 5 1 1 N
13 19 0 2 N
13 0 1 0 N
13 18 2 1 N
19 15 0 2 N
19 18 2 1 N
19 10 1 0 N
15 1 0 1 N
15 18 1 0 N
15 21 2 2 N
1 21 1 2 N
1 19 0 0 N
1 14 2 1 N
21 17 2 1 N
21 8 0 2 N
21 6 1 0 N
17 12 2 2 N
17 5 1 1 N
17 6 0 0 N
12 11 2 0 N
12 1 1 2 N
12 16 0 1 N
11 4 1 2 N
11 18 2 1 N
11 10 0 0 N
4 5 2 1 N
4 3 1 2 N
4 15 0 0 N
5 20 1 2 N
5 20 2 1 N
5 5 0 0 N
20 8 0 1 N
20 6 1 0 N
20 6 2 2 N
