19 14 2 0 S
19 4 1 1 S
19 18 0 2 S
14 1 2 1 N
14 4 0 0 N
14 20 1 2 N
1 2 2 2 N
1 15 0 0 N
1 20 1 1 N
2 21 1 0 N
2 19 2 1 N
2 10 0 2 N
21 13 2 0 N
21 14 1 1 N
21 1 0 2 N
13 17 0 0 N
13 6 1 1 N
13 19 2 2 N
17 8 2 2 N
17 19 1 0 N
17 7 0 1 N
8 11 1 2 N
8 6 2 0 N
8 15 0 1 N
11 18 1 2 N
11 19 0 1 N
11 0 2 0 N
18 10 1 1 N
18 7 2 0 N
18 20 0 2 N
10 4 2 0 N
10 7 0 2 N
10 1 1 1 N
4 20 1 1 N
4 1 2 2 N
4 6 0 0 N
20 5 2 1 N
20 7 0 0 N
20 6 1 2 N
5 12 2 0 N
5 7 0 2 N
5 20 1 1 N
12 9 0 0 N
12 15 1 2 N
12 7 2 1 N
9 16 2 2 N
9 17 0 0 N
9 6 1 1 N
16 7 0 1 N
16 1 1 0 N
16 20 2 2 N
7 15 1 2 N
7 18 2 0 N
7 6 0 1 N
15 3 0 1 N
15 13 1 2 N
15 6 2 0 N
3 6 2 1 N
3 7 0 0 N
3 19 1 2 N
6 0 0 1 N
6 20 2 0 N
6 6 1 2 N
0 20 0 0 N
0 13 1 2 N
0 6 2 1 N
