8 9 0 2 S
8 6 2 0 S
8 15 1 1 S
9 18 2 0 N
9 1 1 1 N
9 4 0 2 N
18 5 1 0 N
18 4 2 1 N
18 5 0 2 N
5 13 0 1 N
5 9 2 2 N
5 8 1 0 N
13 4 2 0 N
13 12 1 2 N
13 6 0 1 N
4 6 0 0 N
4 16 1 1 N
4 5 2 2 N
6 17 2 1 N
6 11 0 0 N
6 11 1 2 N
17 1 0 2 N
17 9 1 0 N
17 4 2 1 N
1 12 2 2 N
1 21 0 0 N
1 5 1 1 N
12 20 1 0 N
12 0 0 1 N
12 18 2 2 N
20 2 0 1 N
20 2 1 2 N
20 7 2 0 N
2 14 2 0 N
2 0 0 1 N
2 19 1 2 N
14 0 1 0 N
14 16 0 2 N
14 15 2 1 N
0 3 0 2 N
0 15 1 1 N
0 16 2 0 N
3 16 1 0 N
3 15 0 2 N
3 11 2 1 N
16 15 1 1 N
16 20 0 0 N
16 11 2 2 N
15 19 2 1 N
15 16 1 0 N
15 6 0 2 N
19 10 1 0 N
19 15 2 1 N
19 6 0 2 N
10 7 2 1 N
10 14 1 2 N
10 6 0 0 N
7 11 2 0 N
7 21 0 1 N
7 4 1 2 N
11 21 1 0 N
11 20 2 1 N
11 11 0 2 N
21 5 0 2 N
21 8 1 0 N
21 19 2 1 N
