2 15 0 1 S
2 12 1 0 S
2 4 2 2 S
15 6 2 2 N
15 11 1 1 N
15 7 0 0 N
6 0 0 1 N
6 16 2 2 N
6 13 1 0 N
0 21 2 0 N
0 11 0 1 N
0 16 1 2 N
21 20 1 2 N
21 6 2 1 N
21 6 0 0 N
20 12 1 2 N
20 9 0 1 N
20 2 2 0 N
12 3 2 2 N
12 1 0 0 N
12 17 1 1 N
3 10 2 1 N
3 15 1 2 N
3 4 0 0 N
10 9 1 1 N
10 1 2 2 N
10 6 0 0 N
9 8 0 2 N
9 16 2 1 N
9 21 1 0 N
8 13 1 0 N
8 11 0 2 N
8 16 2 1 N
13 18 0 1 N
13 17 1 2 N
13 16 2 0 N
18 5 0 1 N
18 14 1 2 N
18 16 2 0 N
5 14 1 0 N
5 3 0 1 N
5 13 2 2 N
14 1 0 0 N
14 17 2 2 N
14 17 1 1 N
1 19 1 0 N
1 15 2 2 N
1 6 0 1 N
19 4 2 2 N
19 6 1 0 N
19 0 0 1 N
4 11 1 2 N
4 13 0 1 N
4 11 2 0 N
11 16 2 2 N
11 4 0 1 N
11 17 1 0 N
16 17 2 1 N
16 13 1 2 N
16 17 0 0 N
17 7 0 0 N
17 14 1 1 N
17 7 2 2 N
7 1 0 0 N
7 7 2 1 N
7 7 1 2 N
