18 0 2 0 S
18 10 1 1 S
18 21 0 2 S
0 17 0 0 N
0 6 1 1 N
0 12 2 2 N
17 5 0 0 N
17 20 2 1 N
17 12 1 2 N
5 2 2 1 N
5 6 1 2 N
5 6 0 0 N
2 3 0 1 N
2 14 2 0 N
2 5 1 2 N
3 7 0 2 N
3 20 1 0 N
3 5 2 1 N
7 13 2 0 N
7 5 0 2 N
7 9 1 1 N
13 10 0 1 N
13 10 1 2 N
13 0 2 0 N
10 16 0 2 N
10 20 1 1 N
10 8 2 0 N
16 21 1 1 N
16 1 0 0 N
16 5 2 2 N
21 11 0 1 N
21 13 2 0 N
21 2 1 2 N
11 12 2 1 N
11 0 0 0 N
11 3 1 2 N
12 4 1 1 N
12 2 2 2 N
12 2 0 0 N
4 15 2 0 N
4 17 0 2 N
4 8 1 1 N
15 20 0 1 N
15 19 1 2 N
15 12 2 0 N
20 9 0 1 N
20 6 1 0 N
20 14 2 2 N
9 1 1 2 N
9 19 0 1 N
9 20 2 0 N
1 6 2 2 N
1 13 0 1 N
1 5 1 0 N
6 8 1 0 N
6 6 2 1 N
6 6 0 2 N
8 19 0 1 N
8 9 1 0 N
8 19 2 2 N
19 14 1 0 N
19 6 0 2 N
19 21 2 1 N
14 21 0 2 N
14 8 2 0 N
14 5 1 1 N
