13 7 0 1 S
13 10 1 2 S
13 19 2 0 S
7 6 1 1 N
7 17 0 0 N
7 12 2 2 N
6 2 1 2 N
6 21 2 0 N
6 5 0 1 N
2 8 2 2 N
2 3 0 1 N
2 15 1 0 N
8 11 0 0 N
8 17 2 2 N
8 4 1 1 N
11 1 1 1 N
11 6 2 0 N
11 5 0 2 N
1 20 2 2 N
1 8 0 1 N
1 16 1 0 N
20 9 1 0 N
20 8 0 1 N
20 6 2 2 N
9 16 0 1 N
9 4 2 0 N
9 0 1 2 N
16 21 1 0 N
16 19 2 1 N
16 15 0 2 N
21 14 1 1 N
21 21 0 0 N
21 21 2 2 N
14 18 2 2 N
14 19 1 1 N
14 4 0 0 N
18 5 1 2 N
18 11 0 0 N
18 5 2 1 N
5 19 0 2 N
5 19 2 1 N
5 0 1 0 N
19 17 0 2 N
19 21 2 0 N
19 0 1 1 N
17 15 1 2 N
17 9 0 1 N
17 1 2 0 N
15 3 1 2 N
15 0 0 0 N
15 5 2 1 N
3 4 1 2 N
3 11 2 1 N
3 6 0 0 N
4 12 1 2 N
4 1 0 0 N
4 5 2 1 N
12 0 0 2 N
12 18 2 0 N
12 16 1 1 N
0 10 2 1 N
0 16 1 0 N
0 21 0 2 N
10 13 1 0 N
10 0 0 2 N
10 21 2 1 N
