1 21 1 0 S
1 14 2 1 S
1 8 0 2 S
21 3 1 2 N
21 14 0 0 N
21 0 2 1 N
3 11 2 1 N
3 13 0 2 N
3 15 1 0 N
11 4 2 1 N
11 7 1 2 N
11 9 0 0 N
4 15 0 2 N
4 9 2 0 N
4 12 1 1 N
15 12 0 0 N
15 4 2 1 N
15 12 1 2 N
12 10 1 1 N
12 11 0 2 N
12 11 2 0 N
10 20 1 2 N
10 1 0 0 N
10 9 2 1 N
20 5 0 2 N
20 5 2 0 N
20 9 1 1 N
5 16 2 2 N
5 9 0 0 N
5 20 1 1 N
16 0 2 0 N
16 14 1 1 N
16 19 0 2 N
0 18 0 0 N
0 13 2 1 N
0 8 1 2 N
18 14 2 2 N
18 9 0 0 N
18 18 1 1 N
14 19 2 0 N
14 5 1 2 N
14 7 0 1 N
19 17 0 0 N
19 11 2 2 N
19 11 1 1 N
17 13 2 1 N
17 18 1 2 N
17 14 0 0 N
13 2 2 1 N
13 21 0 0 N
13 18 1 2 N
2 6 0 1 N
2 7 1 0 N
2 5 2 2 N
6 8 1 1 N
6 1 2 0 N
6 13 0 2 N
8 9 0 2 N
8 18 2 0 N
8 18 1 1 N
9 7 0 2 N
9 13 1 1 N
9 8 2 0 N
7 9 1 1 N
7 9 2 2 N
7 8 0 0 N
