6 14 1 0 S
6 4 2 1 S
6 6 0 2 S
14 0 2 2 N
14 18 1 1 N
14 0 0 0 N
0 1 0 0 N
0 21 2 1 N
0 6 1 2 N
1 9 0 0 N
1 2 2 1 N
1 16 1 2 N
9 7 0 0 N
9 8 2 2 N
9 0 1 1 N
7 20 1 1 N
7 4 2 0 N
7 16 0 2 N
20 2 0 1 N
20 4 1 2 N
20 9 2 0 N
2 19 0 2 N
2 18 1 0 N
2 8 2 1 N
19 10 1 2 N
19 8 2 0 N
19 9 0 1 N
10 4 0 1 N
10 6 2 0 N
10 13 1 2 N
4 11 2 2 N
4 14 0 0 N
4 16 1 1 N
11 18 1 2 N
11 19 2 1 N
11 8 0 0 N
18 8 0 0 N
18 11 1 2 N
18 7 2 1 N
8 3 2 1 N
8 18 0 2 N
8 6 1 0 N
3 21 2 0 N
3 0 1 2 N
3 14 0 1 N
21 12 0 1 N
21 2 2 0 N
21 6 1 2 N
12 16 0 0 N
12 19 2 2 N
12 21 1 1 N
16 13 0 0 N
16 9 1 1 N
16 6 2 2 N
13 5 2 0 N
13 0 0 2 N
13 21 1 1 N
5 15 0 2 N
5 8 2 0 N
5 7 1 1 N
15 17 0 0 N
15 4 1 2 N
15 11 2 1 N
17 14 0 2 N
17 4 1 1 N
17 21 2 0 N
