10 19 1 0 S
10 9 2 2 S
10 20 0 1 S
19 21 1 0 N
19 8 2 1 N
19 5 0 2 N
21 4 0 2 N
21 0 1 1 N
21 13 2 0 N
4 0 0 1 N
4 20 1 2 N
4 16 2 0 N
0 18 0 2 N
0 5 2 0 N
0 11 1 1 N
18 17 2 2 N
18 8 1 1 N
18 1 0 0 N
17 9 0 1 N
17 3 2 0 N
17 13 1 2 N
9 1 1 1 N
9 6 2 0 N
9 10 0 2 N
1 5 0 2 N
1 0 1 1 N
1 11 2 0 N
5 15 2 0 N
5 15 0 1 N
5 10 1 2 N
15 14 1 2 N
15 13 2 0 N
15 10 0 1 N
14 6 1 2 N
14 20 2 0 N
14 2 0 1 N
6 16 2 0 N
6 1 0 2 N
6 7 1 1 N
16 13 0 0 N
16 7 1 2 N
16 9 2 1 N
13 2 1 2 N
13 10 2 0 N
13 13 0 1 N
2 8 0 0 N
2 4 2 1 N
2 12 1 2 N
8 20 0 1 N
8 7 2 0 N
8 7 1 2 N
20 7 1 1 N
20 12 0 0 N
20 13 2 2 N
7 11 1 2 N
7 2 2 0 N
7 10 0 1 N
11 12 0 1 N
11 17 2 0 N
11 8 1 2 N
12 3 0 0 N
12 6 1 2 N
12 20 2 1 N
3 12 2 1 N
3 13 0 0 N
3 20 1 2 N
