18 19 0 1 S
18 2 1 0 S
18 16 2 2 S
19 1 1 0 N
19 9 2 1 N
19 3 0 2 N
1 0 1 0 N
1 20 0 1 N
1 17 2 2 N
0 20 0 0 N
0 5 2 1 N
0 18 1 2 N
20 15 0 2 N
20 4 2 1 N
20 2 1 0 N
15 4 1 2 N
15 10 0 0 N
15 10 2 1 N
4 2 2 1 N
4 11 1 2 N
4 19 0 0 N
2 16 1 1 N
2 18 2 0 N
2 16 0 2 N
16 7 2 2 N
16 2 0 1 N
16 10 1 0 N
7 5 2 2 N
7 3 0 1 N
7 20 1 0 N
5 17 1 2 N
5 20 0 1 N
5 19 2 0 N
17 9 1 2 N
17 9 2 1 N
17 12 0 0 N
9 11 0 2 N
9 12 1 1 N
9 18 2 0 N
11 6 0 2 N
11 10 2 0 N
11 15 1 1 N
6 21 0 1 N
6 15 1 0 N
6 19 2 2 N
21 14 2 0 N
21 2 1 2 N
21 16 0 1 N
14 12 1 2 N
14 16 2 1 N
14 9 0 0 N
12 13 0 2 N
12 15 2 0 N
12 15 1 1 N
13 10 0 2 N
13 21 1 1 N
13 11 2 0 N
10 3 1 0 N
10 10 2 1 N
10 10 0 2 N
3 8 0 0 N
3 19 2 1 N
3 2 1 2 N
8 17 1 1 N
8 10 2 0 N
8 10 0 2 N
