11 2 2 1 S
11 7 1 0 S
11 8 0 2 S
2 14 1 0 N
2 5 2 1 N
2 11 0 2 N
14 17 1 2 N
14 7 0 1 N
14 10 2 0 N
17 16 1 0 N
17 7 2 2 N
17 3 0 1 N
16 4 2 2 N
16 4 0 0 N
16 4 1 1 N
4 7 0 2 N
4 12 2 0 N
4 10 1 1 N
7 12 0 2 N
7 6 2 1 N
7 2 1 0 N
12 9 1 0 N
12 18 2 1 N
12 11 0 2 N
9 15 0 2 N
9 14 1 1 N
9 11 2 0 N
15 13 1 0 N
15 10 2 2 N
15 19 0 1 N
13 6 0 2 N
13 2 2 0 N
13 2 1 1 N
6 21 0 1 N
6 10 1 0 N
6 14 2 2 N
21 0 2 0 N
21 20 0 2 N
21 19 1 1 N
0 10 0 1 N
0 8 2 0 N
0 5 1 2 N
10 20 0 1 N
10 21 2 2 N
10 8 1 0 N
20 5 2 1 N
20 9 1 0 N
20 8 0 2 N
5 18 1 1 N
5 15 0 2 N
5 8 2 0 N
18 19 2 1 N
18 12 0 0 N
18 10 1 2 N
19 8 2 0 N
19 20 0 1 N
19 18 1 2 N
8 1 0 1 N
8 11 2 0 N
8 8 1 2 N
1 3 1 0 N
1 18 0 1 N
1 8 2 2 N
3 10 1 1 N
3 18 2 2 N
3 18 0 0 N
