21 1 0 2 S
21 2 2 0 S
21 13 1 1 S
1 4 1 0 N
1 7 2 2 N
1 8 0 1 N
4 2 1 0 N
4 8 2 2 N
4 11 0 1 N
2 11 0 0 N
2 11 1 2 N
2 9 2 1 N
11 16 1 0 N
11 6 0 2 N
11 13 2 1 N
16 9 0 2 N
16 6 2 0 N
16 2 1 1 N
9 12 0 0 N
9 17 1 2 N
9 20 2 1 N
12 13 1 1 N
12 5 2 2 N
12 18 0 0 N
13 5 2 0 N
13 0 1 1 N
13 20 0 2 N
5 7 2 2 N
5 20 0 1 N
5 11 1 0 N
7 10 1 0 N
7 11 2 2 N
7 20 0 1 N
10 8 0 0 N
10 16 2 2 N
10 0 1 1 N
8 6 0 2 N
8 1 1 1 N
8 3 2 0 N
6 15 2 2 N
6 2 0 0 N
6 11 1 1 N
15 0 2 1 N
15 11 0 2 N
15 11 1 0 N
0 17 1 0 N
0 15 0 2 N
0 3 2 1 N
17 20 1 0 N
17 4 2 2 N
17 15 0 1 N
20 14 0 0 N
20 10 2 1 N
20 0 1 2 N
14 18 0 0 N
14 17 2 2 N
14 8 1 1 N
18 19 2 2 N
18 3 1 1 N
18 8 0 0 N
19 3 1 2 N
19 5 2 0 N
19 6 0 1 N
3 3 2 1 N
3 3 1 2 N
3 3 0 0 N
