15 18 0 2 S
15 22 1 0 S
15 2 2 1 S
18 0 2 1 N
18 21 1 0 N
18 27 0 2 N
0 11 0 1 N
0 34 1 0 N
0 30 2 2 N
11 31 0 2 N
11 0 1 0 N
11 25 2 1 N
31 20 2 0 N
31 20 1 1 N
31 26 0 2 N
20 22 1 1 N
20 2 2 2 N
20 35 0 0 N
22 10 1 2 N
22 4 2 0 N
22 37 0 1 N
10 16 0 2 N
10 14 1 0 N
10 39 2 1 N
16 8 0 1 N
16 3 2 0 N
16 16 1 2 N
8 40 1 1 N
8 29 0 0 N
8 5 2 2 N
40 23 1 1 N
40 36 2 0 N
40 30 0 2 N
23 17 1 1 N
23 0 0 2 N
23 11 2 0 N
17 30 2 1 N
17 13 1 0 N
17 3 0 2 N
30 4 2 2 N
30 36 0 0 N
30 26 1 1 N
4 5 2 2 N
4 13 0 1 N
4 2 1 0 N
5 6 2 2 N
5 14 1 1 N
5 16 0 0 N
6 36 2 1 N
6 22 1 2 N
6 29 0 0 N
36 28 1 2 N
36 1 0 0 N
36 3 2 1 N
28 3 1 2 N
28 37 0 0 N
28 0 2 1 N
3 7 2 0 N
3 25 0 2 N
3 16 1 1 N
7 1 0 0 N
7 34 1 2 N
7 16 2 1 N
1 32 1 1 N
1 9 2 2 N
1 5 0 0 N
32 29 2 0 N
32 26 1 1 N
32 14 0 2 N
29 21 2 1 N
29 39 0 2 N
29 11 1 0 N
21 19 1 2 N
21 40 0 1 N
21 35 2 0 N
19 38 2 0 N
19 3 1 1 N
19 23 0 2 N
38 26 0 2 N
38 20 2 0 N
38 7 1 1 N
26 35 0 0 N
26 25 2 2 N
26 16 1 1 N
35 39 0 0 N
35 30 2 2 N
35 26 1 1 N
39 9 0 1 N
39 29 2 0 N
39 9 1 2 N
9 13 1 2 N
9 3 0 1 N
9 3 2 0 N
13 34 0 2 N
13 14 2 0 N
13 31 1 1 N
34 37 2 2 N
34 0 0 1 N
34 25 1 0 N
37 25 2 1 N
37 34 1 2 N
37 16 0 0 N
25 12 1 1 N
25 31 2 2 N
25 3 0 0 N
12 33 2 0 N
12 25 0 1 N
12 35 1 2 N
33 14 2 1 N
33 22 0 0 N
33 14 1 2 N
14 24 0 0 N
14 2 2 2 N
14 26 1 1 N
24 27 0 2 N
24 17 1 1 N
24 5 2 0 N
27 2 1 0 N
27 12 0 2 N
27 2 2 1 N
2 27 1 0 N
2 9 0 1 N
2 9 2 2 N
