16 36 2 2 S
16 35 1 0 S
16 37 0 1 S
36 14 2 2 N
36 6 1 1 N
36 16 0 0 N
14 38 2 0 N
14 25 1 2 N
14 1 0 1 N
38 1 1 2 N
38 31 2 0 N
38 21 0 1 N
1 30 0 1 N
1 28 1 2 N
1 8 2 0 N
30 26 0 0 N
30 40 1 1 N
30 34 2 2 N
26 3 0 0 N
26 40 2 2 N
26 20 1 1 N
3 24 0 1 N
3 2 1 2 N
3 9 2 0 N
24 9 2 2 N
24 37 1 0 N
24 8 0 1 N
9 29 0 2 N
9 6 1 1 N
9 30 2 0 N
29 17 0 2 N
29 33 2 1 N
29 21 1 0 N
17 32 1 2 N
17 18 2 0 N
17 0 0 1 N
32 2 2 1 N
32 5 1 2 N
32 40 0 0 N
2 31 2 1 N
2 21 1 2 N
2 0 0 0 N
31 37 1 2 N
31 33 2 0 N
31 11 0 1 N
37 33 0 0 N
37 8 1 2 N
37 40 2 1 N
33 4 0 0 N
33 27 2 2 N
33 32 1 1 N
4 21 1 1 N
4 19 2 2 N
4 28 0 0 N
21 39 0 1 N
21 13 1 2 N
21 18 2 0 N
39 7 2 0 N
39 14 1 1 N
39 28 0 2 N
7 10 2 0 N
7 1 1 2 N
7 4 0 1 N
10 11 1 0 N
10 13 0 2 N
10 21 2 1 N
11 22 0 0 N
11 1 1 2 N
11 34 2 1 N
22 12 2 1 N
22 6 0 2 N
22 13 1 0 N
12 40 0 0 N
12 18 2 1 N
12 33 1 2 N
40 15 2 2 N
40 18 1 1 N
40 40 0 0 N
15 19 2 0 N
15 22 1 1 N
15 16 0 2 N
19 25 0 2 N
19 35 2 1 N
19 30 1 0 N
25 6 0 2 N
25 5 2 0 N
25 40 1 1 N
6 27 0 0 N
6 12 2 2 N
6 22 1 1 N
27 20 2 2 N
27 5 1 0 N
27 35 0 1 N
20 0 0 1 N
20 24 2 0 N
20 40 1 2 N
0 34 1 1 N
0 40 2 0 N
0 40 0 2 N
34 28 1 2 N
34 18 2 0 N
34 35 0 1 N
28 35 2 0 N
28 21 1 2 N
28 8 0 1 N
35 13 2 1 N
35 6 1 2 N
35 37 0 0 N
13 23 2 2 N
13 11 0 1 N
13 28 1 0 N
23 5 2 1 N
23 12 1 0 N
23 16 0 2 N
5 8 2 1 N
5 28 1 0 N
5 17 0 2 N
8 18 1 0 N
8 18 0 1 N
8 0 2 2 N
18 5 1 2 N
18 40 0 0 N
18 34 2 1 N
