27 1 0 1 S
27 3 1 2 S
27 6 2 0 S
1 11 1 2 N
1 26 2 1 N
1 14 0 0 N
11 7 2 0 N
11 36 0 2 N
11 14 1 1 N
7 6 0 2 N
7 1 2 1 N
7 21 1 0 N
6 38 2 0 N
6 4 0 2 N
6 15 1 1 N
38 40 1 0 N
38 6 2 2 N
38 15 0 1 N
40 37 2 2 N
40 33 1 1 N
40 15 0 0 N
37 29 1 2 N
37 40 2 1 N
37 14 0 0 N
29 8 0 1 N
29 7 1 0 N
29 0 2 2 N
8 22 1 2 N
8 39 0 0 N
8 13 2 1 N
22 18 2 2 N
22 33 0 1 N
22 0 1 0 N
18 17 1 1 N
18 0 0 2 N
18 37 2 0 N
17 19 0 2 N
17 14 1 1 N
17 39 2 0 N
19 25 2 2 N
19 33 1 1 N
19 0 0 0 N
25 12 1 1 N
25 30 0 2 N
25 23 2 0 N
12 36 1 1 N
12 34 2 0 N
12 29 0 2 N
36 31 1 2 N
36 15 2 1 N
36 4 0 0 N
31 21 0 0 N
31 3 2 1 N
31 17 1 2 N
21 32 1 2 N
21 4 2 1 N
21 6 0 0 N
32 2 1 1 N
32 25 2 0 N
32 21 0 2 N
2 13 0 2 N
2 36 1 1 N
2 21 2 0 N
13 5 2 0 N
13 12 1 1 N
13 29 0 2 N
5 10 0 2 N
5 6 2 1 N
5 1 1 0 N
10 34 2 1 N
10 12 0 0 N
10 38 1 2 N
34 39 1 0 N
34 26 0 2 N
34 29 2 1 N
39 33 0 2 N
39 2 2 1 N
39 33 1 0 N
33 20 0 1 N
33 4 1 2 N
33 37 2 0 N
20 9 1 0 N
20 37 0 2 N
20 40 2 1 N
9 4 1 1 N
9 13 2 0 N
9 36 0 2 N
4 26 0 0 N
4 15 2 2 N
4 15 1 1 N
26 35 1 2 N
26 1 2 0 N
26 38 0 1 N
35 16 0 1 N
35 20 1 0 N
35 15 2 2 N
16 28 2 1 N
16 11 1 0 N
16 24 0 2 N
28 14 0 2 N
28 7 2 1 N
28 20 1 0 N
14 24 2 2 N
14 14 0 0 N
14 14 1 1 N
24 3 1 1 N
24 25 0 0 N
24 36 2 2 N
3 30 2 1 N
3 6 0 0 N
3 32 1 2 N
30 23 1 0 N
30 34 0 1 N
30 4 2 2 N
23 15 2 2 N
23 1 0 1 N
23 38 1 0 N
15 0 1 1 N
15 37 2 0 N
15 14 0 2 N
0 26 2 2 N
0 4 0 1 N
0 6 1 0 N
