20 7 2 0 S
20 28 0 1 S
20 31 1 2 S
7 31 1 2 N
7 2 0 1 N
7 30 2 0 N
31 1 1 0 N
31 13 2 1 N
31 23 0 2 N
1 25 1 1 N
1 24 2 2 N
1 8 0 0 N
25 10 2 2 N
25 30 0 1 N
25 14 1 0 N
10 15 2 1 N
10 36 0 2 N
10 23 1 0 N
15 11 0 1 N
15 2 2 2 N
15 3 1 0 N
11 34 2 1 N
11 22 1 0 N
11 40 0 2 N
34 32 2 2 N
34 38 0 0 N
34 14 1 1 N
32 19 0 0 N
32 3 1 2 N
32 28 2 1 N
19 33 2 1 N
19 6 0 2 N
19 28 1 0 N
33 5 1 2 N
33 5 2 0 N
33 0 0 1 N
5 37 2 0 N
5 21 1 1 N
5 23 0 2 N
37 16 0 2 N
37 30 2 1 N
37 14 1 0 N
16 17 1 1 N
16 37 2 0 N
16 11 0 2 N
17 14 0 0 N
17 5 1 1 N
17 16 2 2 N
14 4 2 0 N
14 32 0 1 N
14 15 1 2 N
4 29 1 0 N
4 18 0 2 N
4 34 2 1 N
29 35 2 0 N
29 7 1 1 N
29 0 0 2 N
35 39 2 1 N
35 31 1 2 N
35 38 0 0 N
39 8 2 1 N
39 6 1 2 N
39 13 0 0 N
8 28 2 1 N
8 36 1 0 N
8 0 0 2 N
28 3 1 0 N
28 7 0 1 N
28 2 2 2 N
3 38 1 0 N
3 22 0 2 N
3 22 2 1 N
38 18 0 2 N
38 22 1 1 N
38 15 2 0 N
18 6 0 0 N
18 37 2 1 N
18 22 1 2 N
6 36 1 0 N
6 23 0 2 N
6 2 2 1 N
36 27 0 0 N
36 16 2 2 N
36 3 1 1 N
27 12 0 2 N
27 5 1 1 N
27 23 2 0 N
12 0 0 2 N
12 6 2 0 N
12 13 1 1 N
0 9 2 1 N
0 26 0 0 N
0 38 1 2 N
9 40 0 0 N
9 40 2 1 N
9 12 1 2 N
40 22 1 2 N
40 33 0 0 N
40 2 2 1 N
22 30 2 0 N
22 36 1 1 N
22 2 0 2 N
30 23 0 2 N
30 37 1 0 N
30 34 2 1 N
23 13 2 2 N
23 30 1 1 N
23 40 0 0 N
13 2 2 0 N
13 23 0 2 N
13 7 1 1 N
2 26 2 1 N
2 14 0 0 N
2 2 1 2 N
26 21 2 1 N
26 8 1 2 N
26 21 0 0 N
21 24 0 1 N
21 19 2 0 N
21 2 1 2 N
24 20 1 0 N
24 33 0 1 N
24 7 2 2 N
