9 27 2 1 S
9 7 0 0 S
9 3 1 2 S
27 1 1 2 N
27 36 2 1 N
27 19 0 0 N
1 30 1 0 N
1 28 0 2 N
1 3 2 1 N
30 2 2 2 N
30 2 0 0 N
30 31 1 1 N
2 11 2 2 N
2 17 0 1 N
2 10 1 0 N
11 10 2 0 N
11 20 1 2 N
11 40 0 1 N
10 14 0 1 N
10 9 1 0 N
10 28 2 2 N
14 39 0 2 N
14 11 1 0 N
14 9 2 1 N
39 28 0 1 N
39 32 2 2 N
39 14 1 0 N
28 36 2 1 N
28 1 0 2 N
28 3 1 0 N
36 3 2 1 N
36 33 1 0 N
36 3 0 2 N
3 18 2 1 N
3 12 0 2 N
3 3 1 0 N
18 38 2 2 N
18 37 1 1 N
18 7 0 0 N
38 25 2 0 N
38 21 1 1 N
38 40 0 2 N
25 21 1 2 N
25 15 0 1 N
25 12 2 0 N
21 40 1 1 N
21 6 2 2 N
21 19 0 0 N
40 6 2 2 N
40 9 0 1 N
40 1 1 0 N
6 7 0 0 N
6 9 2 2 N
6 29 1 1 N
7 34 1 1 N
7 27 0 0 N
7 4 2 2 N
34 22 0 2 N
34 31 2 1 N
34 22 1 0 N
22 24 2 1 N
22 17 1 2 N
22 1 0 0 N
24 23 2 0 N
24 32 0 1 N
24 6 1 2 N
23 19 1 2 N
23 15 0 1 N
23 6 2 0 N
19 4 2 0 N
19 2 1 2 N
19 4 0 1 N
4 8 2 0 N
4 12 0 1 N
4 3 1 2 N
8 5 0 0 N
8 37 1 2 N
8 36 2 1 N
5 17 2 0 N
5 1 1 2 N
5 24 0 1 N
17 29 0 2 N
17 2 2 0 N
17 6 1 1 N
29 33 1 0 N
29 17 2 2 N
29 28 0 1 N
33 26 2 2 N
33 24 1 0 N
33 31 0 1 N
26 13 0 0 N
26 3 1 1 N
26 10 2 2 N
13 20 1 2 N
13 9 2 1 N
13 20 0 0 N
20 37 1 0 N
20 12 0 2 N
20 29 2 1 N
37 12 2 2 N
37 30 0 1 N
37 10 1 0 N
12 0 2 1 N
12 29 1 0 N
12 4 0 2 N
0 16 0 0 N
0 30 2 1 N
0 28 1 2 N
16 31 0 1 N
16 13 2 0 N
16 2 1 2 N
31 15 1 1 N
31 10 0 0 N
31 9 2 2 N
15 32 1 1 N
15 24 2 0 N
15 22 0 2 N
32 35 0 1 N
32 20 2 2 N
32 35 1 0 N
35 24 0 1 N
35 38 1 2 N
35 28 2 0 N
