13 30 0 2 S
13 37 1 1 S
13 8 2 0 S
30 8 0 2 N
30 11 2 1 N
30 39 1 0 N
8 9 2 2 N
8 31 0 0 N
8 31 1 1 N
9 7 0 0 N
9 22 1 1 N
9 28 2 2 N
7 20 1 0 N
7 12 2 1 N
7 36 0 2 N
20 37 0 1 N
20 26 1 2 N
20 39 2 0 N
37 32 0 0 N
37 8 2 2 N
37 10 1 1 N
32 6 0 1 N
32 22 2 0 N
32 3 1 2 N
6 22 2 1 N
6 30 1 2 N
6 35 0 0 N
22 19 1 0 N
22 8 2 1 N
22 18 0 2 N
19 35 2 0 N
19 37 0 2 N
19 16 1 1 N
35 18 0 2 N
35 1 2 1 N
35 16 1 0 N
18 26 0 1 N
18 24 2 2 N
18 10 1 0 N
26 0 2 0 N
26 2 0 1 N
26 3 1 2 N
0 14 1 2 N
0 19 2 0 N
0 34 0 1 N
14 4 0 1 N
14 11 1 2 N
14 11 2 0 N
4 10 1 2 N
4 23 2 1 N
4 39 0 0 N
10 38 2 2 N
10 29 0 0 N
10 10 1 1 N
38 3 2 2 N
38 37 1 0 N
38 31 0 1 N
3 23 0 0 N
3 11 1 2 N
3 25 2 1 N
23 5 2 1 N
23 24 1 2 N
23 24 0 0 N
5 34 2 0 N
5 19 1 2 N
5 9 0 1 N
34 27 2 0 N
34 16 1 2 N
34 18 0 1 N
27 15 1 1 N
27 16 2 2 N
27 12 0 0 N
15 17 0 0 N
15 22 2 1 N
15 18 1 2 N
17 1 0 0 N
17 16 1 2 N
17 29 2 1 N
1 12 2 1 N
1 3 1 2 N
1 38 0 0 N
12 2 2 1 N
12 38 0 2 N
12 24 1 0 N
2 36 1 2 N
2 10 0 1 N
2 39 2 0 N
36 11 1 1 N
36 13 0 2 N
36 31 2 0 N
11 31 1 1 N
11 8 2 2 N
11 22 0 0 N
31 16 2 2 N
31 8 0 0 N
31 18 1 1 N
16 21 1 2 N
16 36 2 1 N
16 7 0 0 N
21 29 1 0 N
21 6 0 2 N
21 11 2 1 N
29 28 0 2 N
29 20 2 1 N
29 22 1 0 N
28 25 1 1 N
28 27 2 0 N
28 16 0 2 N
25 24 2 0 N
25 6 1 2 N
25 39 0 1 N
24 39 2 2 N
24 25 0 1 N
24 10 1 0 N
39 33 0 0 N
39 24 1 2 N
39 10 2 1 N
33 40 0 1 N
33 12 2 2 N
33 20 1 0 N
40 28 2 0 N
40 25 0 1 N
40 24 1 2 N
