37 31 1 0 S
37 31 0 1 S
37 32 2 2 S
31 33 1 1 N
31 29 2 2 N
31 25 0 0 N
33 1 2 1 N
33 40 1 2 N
33 11 0 0 N
1 7 2 0 N
1 28 0 2 N
1 21 1 1 N
7 3 2 2 N
7 16 1 0 N
7 9 0 1 N
3 23 2 2 N
3 20 0 1 N
3 3 1 0 N
23 18 0 2 N
23 10 1 0 N
23 0 2 1 N
18 16 2 0 N
18 3 1 2 N
18 2 0 1 N
16 19 0 1 N
16 8 2 0 N
16 12 1 2 N
19 8 0 1 N
19 22 1 2 N
19 34 2 0 N
8 2 2 0 N
8 16 1 1 N
8 2 0 2 N
2 26 1 1 N
2 19 2 2 N
2 33 0 0 N
26 9 2 1 N
26 2 0 0 N
26 29 1 2 N
9 5 2 0 N
9 11 1 2 N
9 26 0 1 N
5 10 1 0 N
5 31 0 1 N
5 15 2 2 N
10 38 0 1 N
10 7 2 2 N
10 34 1 0 N
38 6 0 2 N
38 8 2 0 N
38 24 1 1 N
6 24 0 0 N
6 32 1 1 N
6 12 2 2 N
24 29 2 1 N
24 26 0 0 N
24 2 1 2 N
29 30 1 2 N
29 40 2 0 N
29 22 0 1 N
30 12 0 1 N
30 40 1 0 N
30 31 2 2 N
12 20 1 0 N
12 36 0 1 N
12 11 2 2 N
20 21 0 0 N
20 40 2 1 N
20 11 1 2 N
21 15 0 1 N
21 39 2 2 N
21 24 1 0 N
15 36 0 2 N
15 16 1 1 N
15 39 2 0 N
36 22 0 2 N
36 33 2 1 N
36 33 1 0 N
22 39 2 2 N
22 35 0 1 N
22 3 1 0 N
39 35 2 0 N
39 14 0 2 N
39 18 1 1 N
35 0 1 2 N
35 22 2 0 N
35 3 0 1 N
0 28 1 0 N
0 19 2 2 N
0 31 0 1 N
28 14 2 2 N
28 16 1 1 N
28 29 0 0 N
14 32 1 1 N
14 11 0 0 N
14 25 2 2 N
32 27 0 0 N
32 0 2 2 N
32 38 1 1 N
27 11 1 1 N
27 19 2 2 N
27 33 0 0 N
11 17 1 1 N
11 21 0 2 N
11 34 2 0 N
17 25 1 2 N
17 24 0 1 N
17 22 2 0 N
25 4 0 1 N
25 34 1 0 N
25 3 2 2 N
4 40 0 0 N
4 27 1 1 N
4 19 2 2 N
40 13 1 1 N
40 28 0 2 N
40 35 2 0 N
13 34 1 2 N
13 25 0 1 N
13 37 2 0 N
34 25 1 0 N
34 3 2 1 N
34 3 0 2 N
