19 24 0 1 S
19 16 2 0 S
19 16 1 2 S
24 28 1 2 N
24 28 0 1 N
24 7 2 0 N
28 29 0 2 N
28 14 1 1 N
28 0 2 0 N
29 34 2 2 N
29 32 1 0 N
29 3 0 1 N
34 14 2 1 N
34 8 0 2 N
34 7 1 0 N
14 18 1 2 N
14 28 2 0 N
14 3 0 1 N
18 7 1 2 N
18 35 0 1 N
18 5 2 0 N
7 36 0 1 N
7 7 2 2 N
7 7 1 0 N
36 15 2 2 N
36 25 1 0 N
36 23 0 1 N
15 11 1 2 N
15 21 2 0 N
15 35 0 1 N
11 6 0 1 N
11 23 1 0 N
11 17 2 2 N
6 22 2 1 N
6 3 1 0 N
6 30 0 2 N
22 5 2 1 N
22 25 0 2 N
22 31 1 0 N
5 33 0 2 N
5 3 2 1 N
5 17 1 0 N
33 31 0 1 N
33 21 2 2 N
33 7 1 0 N
31 13 2 2 N
31 14 0 1 N
31 37 1 0 N
13 3 1 2 N
13 35 0 1 N
13 14 2 0 N
3 25 0 0 N
3 17 2 2 N
3 7 1 1 N
25 39 1 2 N
25 17 2 1 N
25 37 0 0 N
39 17 0 2 N
39 11 1 0 N
39 24 2 1 N
17 35 1 1 N
17 14 0 2 N
17 7 2 0 N
35 1 1 2 N
35 31 2 1 N
35 0 0 0 N
1 9 2 0 N
1 17 1 2 N
1 12 0 1 N
9 2 0 1 N
9 7 1 0 N
9 35 2 2 N
2 16 2 2 N
2 30 0 0 N
2 15 1 1 N
16 26 2 2 N
16 29 0 1 N
16 7 1 0 N
26 30 1 0 N
26 17 2 2 N
26 33 0 1 N
30 27 1 1 N
30 15 0 0 N
30 7 2 2 N
27 4 0 2 N
27 12 1 1 N
27 21 2 0 N
4 38 1 1 N
4 1 2 0 N
4 7 0 2 N
38 20 0 0 N
38 32 1 2 N
38 20 2 1 N
20 21 1 1 N
20 23 0 2 N
20 23 2 0 N
21 0 2 0 N
21 7 0 2 N
21 12 1 1 N
0 10 1 1 N
0 7 0 0 N
0 7 2 2 N
10 23 1 2 N
10 6 2 1 N
10 4 0 0 N
23 32 2 1 N
23 18 0 2 N
23 5 1 0 N
32 8 2 2 N
32 30 1 1 N
32 30 0 0 N
8 12 0 2 N
8 22 1 1 N
8 9 2 0 N
12 37 2 2 N
12 28 1 1 N
12 37 0 0 N
37 40 2 1 N
37 1 0 2 N
37 35 1 0 N
40 3 2 1 N
40 30 0 2 N
40 1 1 0 N
