33 32 2 1 S
33 34 1 0 S
33 25 0 2 S
32 26 1 1 N
32 1 2 2 N
32 33 0 0 N
26 16 1 0 N
26 22 0 1 N
26 4 2 2 N
16 24 2 2 N
16 11 0 1 N
16 29 1 0 N
24 27 1 2 N
24 5 2 1 N
24 11 0 0 N
27 23 0 1 N
27 33 1 0 N
27 11 2 2 N
23 14 2 1 N
23 34 0 0 N
23 34 1 2 N
14 10 2 2 N
14 35 0 0 N
14 4 1 1 N
10 36 1 0 N
10 15 2 2 N
10 0 0 1 N
36 6 1 0 N
36 38 0 1 N
36 2 2 2 N
6 3 2 1 N
6 8 0 2 N
6 7 1 0 N
3 2 2 2 N
3 16 1 1 N
3 7 0 0 N
2 25 0 0 N
2 39 1 2 N
2 17 2 1 N
25 28 2 2 N
25 29 1 0 N
25 0 0 1 N
28 34 1 1 N
28 9 0 2 N
28 17 2 0 N
34 19 0 2 N
34 14 2 1 N
34 35 1 0 N
19 15 0 0 N
19 4 2 2 N
19 12 1 1 N
15 11 1 1 N
15 34 0 2 N
15 24 2 0 N
11 30 0 2 N
11 11 2 0 N
11 11 1 1 N
30 17 2 2 N
30 31 1 1 N
30 39 0 0 N
17 20 2 0 N
17 39 0 2 N
17 29 1 1 N
20 7 1 0 N
20 38 0 2 N
20 3 2 1 N
7 21 1 2 N
7 4 2 0 N
7 2 0 1 N
21 29 2 0 N
21 7 1 1 N
21 24 0 2 N
29 1 0 2 N
29 11 1 0 N
29 11 2 1 N
1 9 2 0 N
1 39 1 2 N
1 0 0 1 N
9 35 2 0 N
9 4 0 1 N
9 24 1 2 N
35 40 2 2 N
35 29 1 1 N
35 0 0 0 N
40 38 2 0 N
40 39 1 2 N
40 8 0 1 N
38 8 0 2 N
38 12 1 1 N
38 13 2 0 N
8 4 1 1 N
8 28 2 0 N
8 11 0 2 N
4 13 1 1 N
4 24 0 0 N
4 29 2 2 N
13 0 0 2 N
13 21 1 0 N
13 29 2 1 N
0 5 2 0 N
0 26 0 2 N
0 29 1 1 N
5 18 1 1 N
5 8 0 2 N
5 14 2 0 N
18 12 0 1 N
18 28 1 0 N
18 14 2 2 N
12 31 1 2 N
12 14 0 1 N
12 16 2 0 N
31 22 2 1 N
31 11 1 0 N
31 1 0 2 N
22 37 2 1 N
22 1 1 2 N
22 26 0 0 N
37 39 2 0 N
37 12 0 2 N
37 17 1 1 N
39 34 1 2 N
39 35 0 1 N
39 4 2 0 N
