8 12 2 0 S
8 37 1 2 S
8 1 0 1 S
12 14 1 1 N
12 18 0 2 N
12 5 2 0 N
14 7 2 2 N
14 33 0 0 N
14 32 1 1 N
7 29 2 2 N
7 27 1 0 N
7 34 0 1 N
29 28 0 1 N
29 9 1 2 N
29 19 2 0 N
28 33 1 2 N
28 15 2 1 N
28 13 0 0 N
33 26 0 1 N
33 10 2 0 N
33 0 1 2 N
26 37 0 0 N
26 25 2 2 N
26 22 1 1 N
37 24 2 2 N
37 6 0 1 N
37 8 1 0 N
24 4 2 0 N
24 6 1 1 N
24 0 0 2 N
4 2 2 0 N
4 34 1 1 N
4 38 0 2 N
2 21 0 0 N
2 12 1 1 N
2 26 2 2 N
21 30 0 0 N
21 11 2 2 N
21 39 1 1 N
30 3 0 2 N
30 27 1 0 N
30 4 2 1 N
3 27 0 1 N
3 40 2 2 N
3 17 1 0 N
27 17 2 1 N
27 34 0 2 N
27 0 1 0 N
17 34 1 2 N
17 6 2 0 N
17 23 0 1 N
34 35 2 0 N
34 40 0 1 N
34 9 1 2 N
35 39 2 1 N
35 15 1 0 N
35 6 0 2 N
39 9 0 2 N
39 0 2 0 N
39 0 1 1 N
9 18 0 2 N
9 27 1 0 N
9 0 2 1 N
18 22 0 2 N
18 26 1 0 N
18 1 2 1 N
22 11 2 1 N
22 21 1 2 N
22 40 0 0 N
11 16 1 1 N
11 6 2 0 N
11 17 0 2 N
16 0 2 1 N
16 0 0 0 N
16 16 1 2 N
0 10 1 2 N
0 27 0 0 N
0 16 2 1 N
10 19 0 0 N
10 32 2 1 N
10 27 1 2 N
19 36 1 1 N
19 30 2 2 N
19 9 0 0 N
36 6 1 1 N
36 19 2 0 N
36 25 0 2 N
6 40 2 1 N
6 30 1 0 N
6 9 0 2 N
40 1 2 1 N
40 27 1 0 N
40 18 0 2 N
1 32 2 0 N
1 16 1 2 N
1 0 0 1 N
32 15 1 0 N
32 27 2 1 N
32 26 0 2 N
15 23 0 0 N
15 20 2 2 N
15 0 1 1 N
23 13 1 0 N
23 16 2 2 N
23 16 0 1 N
13 20 1 1 N
13 27 0 2 N
13 39 2 0 N
20 38 1 2 N
20 25 2 1 N
20 22 0 0 N
38 5 2 0 N
38 6 1 2 N
38 27 0 1 N
5 31 0 1 N
5 33 2 2 N
5 21 1 0 N
31 25 0 1 N
31 34 1 2 N
31 21 2 0 N
25 10 2 1 N
25 10 0 2 N
25 16 1 0 N
