19 18 1 2 S
19 38 2 1 S
19 39 0 0 S
18 1 2 2 N
18 20 0 1 N
18 5 1 0 N
1 31 2 0 N
1 21 1 1 N
1 0 0 2 N
31 9 1 1 N
31 23 2 0 N
31 15 0 2 N
9 25 1 0 N
9 33 2 2 N
9 5 0 1 N
25 27 1 0 N
25 33 2 1 N
25 4 0 2 N
27 32 2 0 N
27 4 0 2 N
27 23 1 1 N
32 15 0 1 N
32 35 2 2 N
32 15 1 0 N
15 5 0 2 N
15 21 1 1 N
15 8 2 0 N
5 26 2 0 N
5 3 0 1 N
5 8 1 2 N
26 13 1 0 N
26 24 0 2 N
26 12 2 1 N
13 40 1 0 N
13 38 2 1 N
13 14 0 2 N
40 29 2 1 N
40 0 1 0 N
40 16 0 2 N
29 28 2 2 N
29 8 0 1 N
29 18 1 0 N
28 17 1 2 N
28 34 2 0 N
28 29 0 1 N
17 6 1 0 N
17 26 2 2 N
17 26 0 1 N
6 24 1 2 N
6 7 2 0 N
6 7 0 1 N
24 11 0 0 N
24 24 2 2 N
24 24 1 1 N
11 16 1 1 N
11 25 2 0 N
11 16 0 2 N
16 7 0 2 N
16 21 2 1 N
16 20 1 0 N
7 23 2 2 N
7 2 0 1 N
7 24 1 0 N
23 4 0 0 N
23 34 1 1 N
23 34 2 2 N
4 21 0 1 N
4 18 2 2 N
4 36 1 0 N
21 10 1 1 N
21 14 0 0 N
21 24 2 2 N
10 12 0 1 N
10 19 1 0 N
10 21 2 2 N
12 34 1 0 N
12 34 2 1 N
12 21 0 2 N
34 36 2 2 N
34 30 1 0 N
34 10 0 1 N
36 30 1 2 N
36 18 2 0 N
36 15 0 1 N
30 35 0 2 N
30 22 1 1 N
30 9 2 0 N
35 2 2 0 N
35 20 1 1 N
35 9 0 2 N
2 22 2 2 N
2 10 0 1 N
2 7 1 0 N
22 3 2 0 N
22 16 0 1 N
22 16 1 2 N
3 14 0 1 N
3 33 1 0 N
3 39 2 2 N
14 0 1 2 N
14 40 0 0 N
14 39 2 1 N
0 37 1 2 N
0 10 2 1 N
0 31 0 0 N
37 8 1 1 N
37 8 0 2 N
37 16 2 0 N
8 33 0 0 N
8 10 2 2 N
8 7 1 1 N
33 38 1 2 N
33 10 2 0 N
33 8 0 1 N
38 39 0 0 N
38 22 2 1 N
38 29 1 2 N
39 20 0 1 N
39 4 1 0 N
39 5 2 2 N
20 6 1 2 N
20 21 0 1 N
20 24 2 0 N
