17 35 1 2 S
17 27 0 1 S
17 37 2 0 S
35 8 2 2 N
35 27 0 0 N
35 26 1 1 N
8 5 2 0 N
8 31 1 1 N
8 4 0 2 N
5 34 2 1 N
5 8 1 0 N
5 14 0 2 N
34 39 1 0 N
34 23 0 1 N
34 40 2 2 N
39 7 2 0 N
39 7 1 2 N
39 33 0 1 N
7 36 2 2 N
7 40 1 0 N
7 3 0 1 N
36 2 1 1 N
36 2 2 2 N
36 38 0 0 N
2 11 0 2 N
2 1 1 1 N
2 11 2 0 N
11 6 0 0 N
11 24 2 1 N
11 12 1 2 N
6 12 1 1 N
6 29 2 0 N
6 25 0 2 N
12 14 1 0 N
12 0 2 1 N
12 28 0 2 N
14 18 2 1 N
14 31 1 2 N
14 14 0 0 N
18 33 0 0 N
18 32 1 1 N
18 0 2 2 N
33 37 1 2 N
33 0 0 0 N
33 0 2 1 N
37 22 0 1 N
37 39 2 0 N
37 31 1 2 N
22 10 2 2 N
22 30 0 1 N
22 27 1 0 N
10 26 0 2 N
10 29 2 0 N
10 21 1 1 N
26 9 1 0 N
26 24 0 1 N
26 14 2 2 N
9 40 1 1 N
9 26 2 0 N
9 14 0 2 N
40 38 2 0 N
40 27 1 1 N
40 14 0 2 N
38 13 1 1 N
38 18 0 2 N
38 0 2 0 N
13 31 0 1 N
13 29 1 2 N
13 32 2 0 N
31 16 0 2 N
31 36 2 1 N
31 27 1 0 N
16 28 2 1 N
16 15 0 0 N
16 4 1 2 N
28 23 1 0 N
28 24 2 2 N
28 14 0 1 N
23 4 0 2 N
23 3 1 0 N
23 35 2 1 N
4 15 0 2 N
4 27 1 0 N
4 33 2 1 N
15 0 1 0 N
15 39 0 1 N
15 14 2 2 N
0 20 2 0 N
0 32 1 1 N
0 14 0 2 N
20 32 0 1 N
20 40 2 0 N
20 3 1 2 N
32 3 2 2 N
32 14 1 1 N
32 38 0 0 N
3 19 2 1 N
3 11 1 2 N
3 0 0 0 N
19 24 1 1 N
19 5 0 0 N
19 33 2 2 N
24 1 2 2 N
24 26 1 0 N
24 28 0 1 N
1 21 0 0 N
1 40 1 2 N
1 15 2 1 N
21 30 1 1 N
21 19 0 0 N
21 19 2 2 N
30 29 0 0 N
30 37 1 1 N
30 12 2 2 N
29 25 1 2 N
29 15 0 1 N
29 0 2 0 N
25 27 1 0 N
25 36 0 2 N
25 32 2 1 N
27 28 2 1 N
27 3 0 2 N
27 38 1 0 N
