0 24 2 1 S
0 7 0 2 S
0 4 1 0 S
24 3 1 2 N
24 9 2 1 N
24 16 0 0 N
3 19 2 0 N
3 39 0 2 N
3 34 1 1 N
19 36 0 0 N
19 26 1 2 N
19 16 2 1 N
36 11 1 0 N
36 6 0 2 N
36 32 2 1 N
11 29 1 2 N
11 38 2 0 N
11 28 0 1 N
29 10 1 1 N
29 30 2 0 N
29 7 0 2 N
10 37 0 2 N
10 12 1 0 N
10 4 2 1 N
37 23 0 0 N
37 18 2 1 N
37 12 1 2 N
23 13 1 1 N
23 32 0 0 N
23 0 2 2 N
13 18 0 1 N
13 32 1 0 N
13 13 2 2 N
18 25 1 0 N
18 25 0 2 N
18 4 2 1 N
25 32 1 0 N
25 5 0 2 N
25 33 2 1 N
32 22 2 2 N
32 10 0 1 N
32 16 1 0 N
22 38 1 0 N
22 18 0 2 N
22 12 2 1 N
38 31 2 1 N
38 13 1 0 N
38 34 0 2 N
31 35 2 2 N
31 10 0 0 N
31 6 1 1 N
35 30 1 1 N
35 13 0 2 N
35 33 2 0 N
30 9 1 2 N
30 16 2 0 N
30 3 0 1 N
9 20 0 0 N
9 23 1 2 N
9 17 2 1 N
20 27 2 2 N
20 15 0 1 N
20 31 1 0 N
27 8 1 2 N
27 7 2 1 N
27 39 0 0 N
8 39 2 2 N
8 31 1 0 N
8 27 0 1 N
39 26 1 2 N
39 34 0 0 N
39 13 2 1 N
26 16 2 2 N
26 12 0 1 N
26 15 1 0 N
16 33 0 0 N
16 28 2 1 N
16 26 1 2 N
33 17 2 0 N
33 9 0 2 N
33 22 1 1 N
17 21 1 1 N
17 24 2 0 N
17 13 0 2 N
21 1 2 2 N
21 33 0 0 N
21 2 1 1 N
1 40 1 2 N
1 20 0 0 N
1 23 2 1 N
40 14 0 0 N
40 14 1 1 N
40 32 2 2 N
14 12 2 2 N
14 25 1 1 N
14 0 0 0 N
12 34 1 2 N
12 16 0 0 N
12 26 2 1 N
34 7 2 2 N
34 3 1 0 N
34 13 0 1 N
7 4 0 0 N
7 31 1 1 N
7 15 2 2 N
4 28 0 0 N
4 15 1 1 N
4 13 2 2 N
28 15 0 0 N
28 24 1 2 N
28 12 2 1 N
15 5 0 1 N
15 4 2 0 N
15 13 1 2 N
5 2 0 1 N
5 29 1 2 N
5 13 2 0 N
2 6 0 1 N
2 21 2 2 N
2 14 1 0 N
6 31 1 0 N
6 32 2 1 N
6 22 0 2 N
