19 34 1 2 S
19 37 0 1 S
19 26 2 0 S
34 28 2 0 N
34 20 1 2 N
34 20 0 1 N
28 29 1 0 N
28 8 0 2 N
28 38 2 1 N
29 7 2 1 N
29 9 1 0 N
29 7 0 2 N
7 18 0 2 N
7 15 2 1 N
7 20 1 0 N
18 33 2 1 N
18 5 1 2 N
18 16 0 0 N
33 30 0 2 N
33 6 1 1 N
33 8 2 0 N
30 36 1 0 N
30 31 0 1 N
30 25 2 2 N
36 21 0 2 N
36 4 2 1 N
36 39 1 0 N
21 0 1 2 N
21 20 0 1 N
21 28 2 0 N
0 22 2 0 N
0 5 0 2 N
0 37 1 1 N
22 35 2 0 N
22 4 0 2 N
22 37 1 1 N
35 12 0 2 N
35 39 2 0 N
35 20 1 1 N
12 13 2 0 N
12 4 0 1 N
12 3 1 2 N
13 17 0 0 N
13 18 1 2 N
13 4 2 1 N
17 14 2 1 N
17 12 0 2 N
17 20 1 0 N
14 8 2 1 N
14 36 1 0 N
14 4 0 2 N
8 16 2 0 N
8 6 0 1 N
8 14 1 2 N
16 40 2 1 N
16 38 0 2 N
16 32 1 0 N
40 38 1 0 N
40 21 0 2 N
40 24 2 1 N
38 6 0 1 N
38 16 1 0 N
38 16 2 2 N
6 2 0 0 N
6 37 1 2 N
6 10 2 1 N
2 32 1 1 N
2 17 2 0 N
2 30 0 2 N
32 20 0 1 N
32 29 2 0 N
32 3 1 2 N
20 9 2 1 N
20 4 0 2 N
20 3 1 0 N
9 23 1 0 N
9 13 2 1 N
9 27 0 2 N
23 11 1 2 N
23 15 2 1 N
23 35 0 0 N
11 4 0 0 N
11 16 2 2 N
11 27 1 1 N
4 39 0 2 N
4 20 1 0 N
4 4 2 1 N
39 31 1 0 N
39 24 0 1 N
39 21 2 2 N
31 27 1 1 N
31 12 2 0 N
31 13 0 2 N
27 1 1 0 N
27 9 0 1 N
27 16 2 2 N
1 10 0 1 N
1 40 2 2 N
1 7 1 0 N
10 26 1 1 N
10 17 2 0 N
10 14 0 2 N
26 3 0 1 N
26 20 2 0 N
26 27 1 2 N
3 5 0 2 N
3 20 1 1 N
3 4 2 0 N
5 24 0 2 N
5 32 1 0 N
5 12 2 1 N
24 25 0 0 N
24 14 2 2 N
24 12 1 1 N
25 15 1 2 N
25 37 2 0 N
25 40 0 1 N
15 37 0 2 N
15 17 1 1 N
15 20 2 0 N
37 8 0 1 N
37 28 1 0 N
37 16 2 2 N
