4 28 1 1 S
4 33 2 0 S
4 5 0 2 S
28 23 2 0 N
28 13 1 2 N
28 19 0 1 N
23 5 2 0 N
23 36 0 1 N
23 30 1 2 N
5 33 1 2 N
5 10 0 0 N
5 10 2 1 N
33 7 2 2 N
33 29 1 1 N
33 9 0 0 N
7 0 2 0 N
7 17 0 1 N
7 29 1 2 N
0 16 0 0 N
0 38 2 2 N
0 14 1 1 N
16 21 0 1 N
16 12 2 2 N
16 17 1 0 N
21 22 1 2 N
21 4 2 1 N
21 5 0 0 N
22 34 1 1 N
22 24 0 2 N
22 13 2 0 N
34 20 0 2 N
34 14 2 0 N
34 37 1 1 N
20 17 1 2 N
20 40 2 0 N
20 14 0 1 N
17 19 0 1 N
17 30 2 2 N
17 10 1 0 N
19 1 2 0 N
19 9 1 2 N
19 7 0 1 N
1 32 2 1 N
1 34 1 0 N
1 23 0 2 N
32 31 2 0 N
32 36 0 2 N
32 29 1 1 N
31 6 0 0 N
31 4 1 1 N
31 4 2 2 N
6 39 1 2 N
6 12 2 0 N
6 25 0 1 N
39 25 1 1 N
39 36 2 0 N
39 36 0 2 N
25 12 0 1 N
25 30 2 2 N
25 5 1 0 N
12 37 2 0 N
12 33 0 1 N
12 10 1 2 N
37 40 1 0 N
37 26 0 2 N
37 29 2 1 N
40 11 1 1 N
40 32 0 2 N
40 39 2 0 N
11 15 0 2 N
11 4 2 0 N
11 30 1 1 N
15 38 2 2 N
15 9 0 1 N
15 12 1 0 N
38 35 0 2 N
38 20 1 0 N
38 6 2 1 N
35 2 2 0 N
35 2 1 2 N
35 10 0 1 N
2 27 0 2 N
2 4 1 1 N
2 25 2 0 N
27 14 1 0 N
27 33 2 2 N
27 5 0 1 N
14 24 0 1 N
14 13 1 0 N
14 4 2 2 N
24 13 1 2 N
24 4 2 0 N
24 11 0 1 N
13 36 0 1 N
13 33 2 2 N
13 10 1 0 N
36 10 1 0 N
36 35 2 1 N
36 17 0 2 N
10 18 1 2 N
10 22 2 1 N
10 10 0 0 N
18 29 2 0 N
18 28 1 2 N
18 6 0 1 N
29 26 0 0 N
29 7 2 2 N
29 30 1 1 N
26 3 2 2 N
26 27 0 0 N
26 22 1 1 N
3 30 2 1 N
3 22 0 2 N
3 14 1 0 N
30 9 2 2 N
30 5 0 1 N
30 10 1 0 N
9 8 1 2 N
9 29 0 1 N
9 17 2 0 N
8 21 2 0 N
8 15 1 2 N
8 25 0 1 N
