4 37 1 0 S
4 0 0 2 S
4 20 2 1 S
37 15 2 1 N
37 0 0 0 N
37 16 1 2 N
15 10 1 2 N
15 10 0 0 N
15 3 2 1 N
10 36 2 1 N
10 39 0 0 N
10 15 1 2 N
36 18 2 1 N
36 15 0 2 N
36 6 1 0 N
18 28 1 2 N
18 10 2 1 N
18 25 0 0 N
28 35 2 0 N
28 25 0 2 N
28 31 1 1 N
35 13 1 0 N
35 19 0 2 N
35 15 2 1 N
13 31 2 0 N
13 6 0 2 N
13 36 1 1 N
31 29 0 1 N
31 7 2 2 N
31 14 1 0 N
29 33 1 2 N
29 40 2 1 N
29 5 0 0 N
33 2 0 2 N
33 37 2 1 N
33 21 1 0 N
2 19 1 0 N
2 37 2 1 N
2 39 0 2 N
19 39 1 2 N
19 36 2 1 N
19 24 0 0 N
39 17 2 2 N
39 9 0 1 N
39 19 1 0 N
17 8 1 0 N
17 11 0 1 N
17 7 2 2 N
8 40 0 2 N
8 3 1 0 N
8 19 2 1 N
40 7 1 0 N
40 5 0 2 N
40 1 2 1 N
7 32 2 1 N
7 22 1 2 N
7 35 0 0 N
32 23 2 2 N
32 0 1 0 N
32 5 0 1 N
23 38 0 1 N
23 19 1 0 N
23 15 2 2 N
38 1 1 2 N
38 11 2 0 N
38 36 0 1 N
1 34 2 2 N
1 27 1 1 N
1 24 0 0 N
34 11 1 2 N
34 2 2 1 N
34 39 0 0 N
11 14 0 0 N
11 25 2 2 N
11 1 1 1 N
14 20 2 1 N
14 10 0 0 N
14 5 1 2 N
20 24 1 0 N
20 17 0 2 N
20 0 2 1 N
24 3 2 1 N
24 19 1 2 N
24 24 0 0 N
3 9 0 1 N
3 6 2 0 N
3 24 1 2 N
9 12 1 2 N
9 1 0 1 N
9 29 2 0 N
12 30 0 1 N
12 23 1 0 N
12 5 2 2 N
30 16 2 2 N
30 11 0 1 N
30 12 1 0 N
16 26 0 2 N
16 36 1 0 N
16 1 2 1 N
26 21 1 0 N
26 36 0 1 N
26 15 2 2 N
21 27 2 0 N
21 40 1 2 N
21 29 0 1 N
27 22 1 2 N
27 1 0 0 N
27 6 2 1 N
22 25 1 0 N
22 38 2 1 N
22 6 0 2 N
25 0 0 0 N
25 27 1 2 N
25 39 2 1 N
0 5 1 1 N
0 24 2 0 N
0 6 0 2 N
5 6 0 2 N
5 37 1 0 N
5 6 2 1 N
6 24 1 1 N
6 16 0 2 N
6 24 2 0 N
