24 15 1 1 S
24 2 0 2 S
24 15 2 0 S
15 39 0 2 N
15 33 2 0 N
15 32 1 1 N
39 32 2 1 N
39 32 0 2 N
39 17 1 0 N
32 18 0 0 N
32 6 1 1 N
32 38 2 2 N
18 22 1 0 N
18 12 2 1 N
18 15 0 2 N
22 21 1 0 N
22 7 0 1 N
22 19 2 2 N
21 26 2 1 N
21 31 1 2 N
21 38 0 0 N
26 4 0 1 N
26 1 2 0 N
26 34 1 2 N
4 6 0 2 N
4 32 1 0 N
4 29 2 1 N
6 16 2 2 N
6 29 1 0 N
6 37 0 1 N
16 30 1 0 N
16 32 2 1 N
16 4 0 2 N
30 5 0 1 N
30 28 1 2 N
30 10 2 0 N
5 7 1 0 N
5 2 0 1 N
5 0 2 2 N
7 36 1 0 N
7 21 2 2 N
7 29 0 1 N
36 34 2 2 N
36 30 0 1 N
36 28 1 0 N
34 28 0 0 N
34 28 1 2 N
34 32 2 1 N
28 8 2 2 N
28 37 1 1 N
28 0 0 0 N
8 17 1 0 N
8 16 0 2 N
8 11 2 1 N
17 27 0 2 N
17 26 1 0 N
17 21 2 1 N
27 11 0 2 N
27 10 2 0 N
27 19 1 1 N
11 9 0 2 N
11 12 1 1 N
11 24 2 0 N
9 12 1 0 N
9 29 2 1 N
9 12 0 2 N
12 0 2 1 N
12 19 0 0 N
12 38 1 2 N
0 37 0 0 N
0 15 1 2 N
0 29 2 1 N
37 33 1 0 N
37 23 0 2 N
37 19 2 1 N
33 29 2 1 N
33 6 1 0 N
33 34 0 2 N
29 25 1 0 N
29 38 2 1 N
29 12 0 2 N
25 23 2 2 N
25 0 0 1 N
25 15 1 0 N
23 3 2 2 N
23 34 1 0 N
23 28 0 1 N
3 14 2 2 N
3 15 0 1 N
3 37 1 0 N
14 19 0 2 N
14 7 1 1 N
14 4 2 0 N
19 35 0 0 N
19 22 2 2 N
19 12 1 1 N
35 38 1 2 N
35 39 0 0 N
35 40 2 1 N
38 1 2 2 N
38 19 1 0 N
38 38 0 1 N
1 31 1 2 N
1 10 2 1 N
1 6 0 0 N
31 40 1 0 N
31 34 0 1 N
31 19 2 2 N
40 20 1 1 N
40 33 0 2 N
40 20 2 0 N
20 10 2 1 N
20 14 1 2 N
20 23 0 0 N
10 13 1 0 N
10 9 0 2 N
10 9 2 1 N
13 2 1 0 N
13 5 2 2 N
13 17 0 1 N
2 22 0 1 N
2 1 1 2 N
2 5 2 0 N
