1 36 1 1 S
1 6 0 2 S
1 1 2 0 S
36 5 1 1 N
36 31 2 2 N
36 14 0 0 N
5 2 2 2 N
5 36 1 1 N
5 30 0 0 N
2 12 1 1 N
2 11 2 2 N
2 6 0 0 N
12 17 1 0 N
12 30 0 2 N
12 2 2 1 N
17 4 2 0 N
17 6 0 2 N
17 1 1 1 N
4 16 1 2 N
4 25 0 1 N
4 1 2 0 N
16 29 0 0 N
16 29 1 2 N
16 14 2 1 N
29 23 2 2 N
29 24 1 1 N
29 23 0 0 N
23 32 0 1 N
23 15 1 0 N
23 7 2 2 N
32 30 1 0 N
32 27 2 2 N
32 14 0 1 N
30 26 2 2 N
30 21 1 1 N
30 21 0 0 N
26 40 1 1 N
26 32 2 2 N
26 25 0 0 N
40 9 1 2 N
40 23 2 1 N
40 17 0 0 N
9 28 0 1 N
9 6 1 2 N
9 15 2 0 N
28 21 1 1 N
28 7 2 0 N
28 19 0 2 N
21 34 1 0 N
21 24 2 2 N
21 8 0 1 N
34 38 1 2 N
34 7 0 0 N
34 8 2 1 N
38 0 0 1 N
38 6 2 2 N
38 35 1 0 N
0 8 0 1 N
0 27 2 2 N
0 23 1 0 N
8 27 2 2 N
8 32 1 0 N
8 1 0 1 N
27 10 1 1 N
27 33 0 0 N
27 15 2 2 N
10 15 0 0 N
10 20 1 2 N
10 6 2 1 N
15 6 2 1 N
15 33 0 2 N
15 1 1 0 N
6 19 1 1 N
6 1 0 0 N
6 1 2 2 N
19 18 0 1 N
19 11 1 2 N
19 32 2 0 N
18 24 1 0 N
18 7 0 2 N
18 23 2 1 N
24 37 1 1 N
24 17 2 2 N
24 8 0 0 N
37 22 2 0 N
37 5 1 1 N
37 22 0 2 N
22 33 2 0 N
22 21 0 2 N
22 32 1 1 N
33 7 0 1 N
33 21 1 2 N
33 15 2 0 N
7 11 0 0 N
7 27 2 1 N
7 8 1 2 N
11 35 0 0 N
11 4 1 1 N
11 25 2 2 N
35 14 2 2 N
35 17 0 0 N
35 6 1 1 N
14 3 2 0 N
14 28 0 1 N
14 8 1 2 N
3 39 1 0 N
3 25 2 2 N
3 2 0 1 N
39 31 1 0 N
39 2 0 1 N
39 30 2 2 N
31 20 2 2 N
31 16 0 0 N
31 19 1 1 N
20 13 2 2 N
20 19 0 0 N
20 15 1 1 N
13 25 0 2 N
13 1 2 1 N
13 25 1 0 N
25 22 1 1 N
25 13 2 0 N
25 8 0 2 N
