31 21 2 2 S
31 0 1 0 S
31 26 0 1 S
21 4 2 2 N
21 36 1 1 N
21 0 0 0 N
4 32 1 2 N
4 29 2 1 N
4 29 0 0 N
32 12 2 0 N
32 17 0 2 N
32 27 1 1 N
12 27 1 2 N
12 17 2 1 N
12 37 0 0 N
27 26 1 2 N
27 14 0 0 N
27 2 2 1 N
26 18 1 0 N
26 6 0 1 N
26 30 2 2 N
18 9 0 1 N
18 28 1 2 N
18 10 2 0 N
9 6 1 0 N
9 26 2 2 N
9 31 0 1 N
6 20 0 0 N
6 30 1 2 N
6 16 2 1 N
20 5 1 2 N
20 30 2 1 N
20 31 0 0 N
5 16 2 1 N
5 38 1 0 N
5 27 0 2 N
16 13 1 2 N
16 26 0 1 N
16 30 2 0 N
13 3 0 1 N
13 39 2 2 N
13 39 1 0 N
3 14 2 1 N
3 26 1 0 N
3 17 0 2 N
14 29 0 0 N
14 26 2 1 N
14 36 1 2 N
29 33 1 2 N
29 32 2 0 N
29 16 0 1 N
33 25 2 2 N
33 19 0 0 N
33 4 1 1 N
25 37 0 2 N
25 29 1 1 N
25 14 2 0 N
37 38 2 2 N
37 29 1 1 N
37 7 0 0 N
38 11 0 2 N
38 11 2 0 N
38 34 1 1 N
11 15 0 0 N
11 39 2 2 N
11 22 1 1 N
15 17 0 2 N
15 12 1 1 N
15 37 2 0 N
17 8 2 0 N
17 30 0 2 N
17 7 1 1 N
8 7 1 0 N
8 30 2 1 N
8 28 0 2 N
7 36 2 2 N
7 34 1 1 N
7 30 0 0 N
36 2 1 1 N
36 30 2 0 N
36 0 0 2 N
2 24 1 0 N
2 9 2 2 N
2 36 0 1 N
24 0 1 0 N
24 7 2 1 N
24 4 0 2 N
0 19 2 2 N
0 1 0 0 N
0 28 1 1 N
19 34 2 2 N
19 10 0 1 N
19 30 1 0 N
34 39 1 1 N
34 11 0 0 N
34 7 2 2 N
39 40 1 1 N
39 19 2 0 N
39 23 0 2 N
40 30 0 0 N
40 25 2 2 N
40 12 1 1 N
30 28 2 0 N
30 14 0 1 N
30 30 1 2 N
28 1 0 2 N
28 0 2 1 N
28 30 1 0 N
1 22 0 0 N
1 0 2 1 N
1 11 1 2 N
22 23 2 2 N
22 31 1 0 N
22 28 0 1 N
23 35 1 0 N
23 36 2 1 N
23 26 0 2 N
35 10 2 0 N
35 13 0 2 N
35 21 1 1 N
10 26 1 2 N
10 34 0 0 N
10 28 2 1 N
