38 39 1 2 S
38 28 2 0 S
38 3 0 1 S
39 37 0 1 N
39 27 1 0 N
39 38 2 2 N
37 33 0 1 N
37 10 2 2 N
37 28 1 0 N
33 7 2 0 N
33 15 1 1 N
33 15 0 2 N
7 34 2 0 N
7 0 1 2 N
7 15 0 1 N
34 40 2 1 N
34 7 1 2 N
34 7 0 0 N
40 4 2 2 N
40 29 0 0 N
40 27 1 1 N
4 14 0 1 N
4 33 1 0 N
4 27 2 2 N
14 13 1 2 N
14 21 2 1 N
14 19 0 0 N
13 31 0 1 N
13 31 2 2 N
13 0 1 0 N
31 1 2 2 N
31 23 1 1 N
31 18 0 0 N
1 23 0 0 N
1 22 1 1 N
1 15 2 2 N
23 0 1 1 N
23 9 2 2 N
23 15 0 0 N
0 19 0 2 N
0 7 1 0 N
0 26 2 1 N
19 8 1 2 N
19 31 2 1 N
19 25 0 0 N
8 10 2 1 N
8 7 1 2 N
8 9 0 0 N
10 28 2 2 N
10 3 1 0 N
10 33 0 1 N
28 21 0 2 N
28 25 1 1 N
28 9 2 0 N
21 16 0 0 N
21 38 2 1 N
21 36 1 2 N
16 29 0 0 N
16 9 2 2 N
16 31 1 1 N
29 9 2 0 N
29 21 0 1 N
29 5 1 2 N
9 15 1 0 N
9 31 2 1 N
9 13 0 2 N
15 3 1 1 N
15 36 0 0 N
15 0 2 2 N
3 27 0 2 N
3 0 1 1 N
3 23 2 0 N
27 17 0 1 N
27 2 1 0 N
27 12 2 2 N
17 32 0 1 N
17 15 2 0 N
17 35 1 2 N
32 25 1 2 N
32 31 2 1 N
32 7 0 0 N
25 6 2 1 N
25 7 0 0 N
25 26 1 2 N
6 18 0 0 N
6 21 2 1 N
6 15 1 2 N
18 35 0 1 N
18 26 1 2 N
18 0 2 0 N
35 20 0 0 N
35 16 1 2 N
35 2 2 1 N
20 11 0 1 N
20 38 1 2 N
20 3 2 0 N
11 22 1 0 N
11 25 0 1 N
11 7 2 2 N
22 2 0 0 N
22 19 1 2 N
22 23 2 1 N
2 5 0 1 N
2 27 1 0 N
2 7 2 2 N
5 24 0 1 N
5 12 1 0 N
5 11 2 2 N
24 26 2 2 N
24 18 0 0 N
24 19 1 1 N
26 12 0 2 N
26 7 2 0 N
26 26 1 1 N
12 30 0 2 N
12 36 1 1 N
12 31 2 0 N
30 36 0 1 N
30 7 1 2 N
30 15 2 0 N
36 21 2 1 N
36 15 1 0 N
36 28 0 2 N
