28 13 2 1 S
28 36 1 2 S
28 0 0 0 S
13 16 0 0 N
13 28 2 1 N
13 11 1 2 N
16 18 1 0 N
16 8 2 1 N
16 17 0 2 N
18 30 1 2 N
18 38 2 0 N
18 17 0 1 N
30 6 0 1 N
30 31 1 0 N
30 8 2 2 N
6 29 0 2 N
6 5 2 1 N
6 17 1 0 N
29 10 1 2 N
29 25 0 1 N
29 34 2 0 N
10 23 0 0 N
10 11 2 1 N
10 21 1 2 N
23 40 0 1 N
23 10 2 0 N
23 2 1 2 N
40 17 2 2 N
40 12 1 0 N
40 36 0 1 N
17 37 2 1 N
17 31 1 2 N
17 15 0 0 N
37 20 2 1 N
37 6 1 0 N
37 27 0 2 N
20 35 1 1 N
20 9 2 0 N
20 3 0 2 N
35 34 2 1 N
35 16 1 2 N
35 6 0 0 N
34 7 2 0 N
34 10 1 1 N
34 4 0 2 N
7 12 0 1 N
7 39 2 2 N
7 7 1 0 N
12 14 2 2 N
12 18 1 0 N
12 10 0 1 N
14 32 2 1 N
14 11 0 2 N
14 32 1 0 N
32 27 0 0 N
32 4 1 2 N
32 5 2 1 N
27 21 1 2 N
27 20 2 0 N
27 40 0 1 N
21 8 1 2 N
21 8 0 0 N
21 2 2 1 N
8 19 1 0 N
8 3 0 2 N
8 39 2 1 N
19 5 1 2 N
19 16 2 0 N
19 7 0 1 N
5 11 2 0 N
5 34 0 2 N
5 4 1 1 N
11 39 1 0 N
11 3 2 1 N
11 8 0 2 N
39 38 1 0 N
39 20 0 2 N
39 2 2 1 N
38 22 2 2 N
38 3 0 0 N
38 21 1 1 N
22 33 1 2 N
22 4 0 0 N
22 39 2 1 N
33 4 2 1 N
33 8 0 2 N
33 38 1 0 N
4 9 0 1 N
4 32 2 0 N
4 23 1 2 N
9 25 0 2 N
9 7 1 0 N
9 10 2 1 N
25 31 2 0 N
25 9 0 2 N
25 23 1 1 N
31 2 2 1 N
31 26 1 0 N
31 17 0 2 N
2 26 0 2 N
2 33 2 0 N
2 7 1 1 N
26 36 0 2 N
26 28 1 0 N
26 5 2 1 N
36 24 1 0 N
36 19 2 1 N
36 10 0 2 N
24 1 1 1 N
24 9 0 2 N
24 38 2 0 N
1 15 0 2 N
1 5 2 0 N
1 30 1 1 N
15 3 2 0 N
15 21 0 1 N
15 30 1 2 N
3 0 1 0 N
3 5 2 1 N
3 39 0 2 N
0 10 2 2 N
0 15 0 0 N
0 21 1 1 N
