18 23 1 1 S
18 5 0 0 S
18 6 2 2 S
23 15 2 0 N
23 0 0 2 N
23 1 1 1 N
15 5 2 2 N
15 5 0 0 N
15 0 1 1 N
5 11 2 1 N
5 10 0 2 N
5 0 1 0 N
11 9 1 0 N
11 18 0 2 N
11 20 2 1 N
9 8 0 1 N
9 1 2 2 N
9 0 1 0 N
8 14 1 0 N
8 10 0 1 N
8 15 2 2 N
14 2 2 1 N
14 7 0 0 N
14 17 1 2 N
2 7 0 0 N
2 22 2 2 N
2 18 1 1 N
7 12 0 1 N
7 15 2 2 N
7 13 1 0 N
12 13 0 1 N
12 22 1 0 N
12 18 2 2 N
13 0 0 1 N
13 16 2 0 N
13 18 1 2 N
0 6 2 1 N
0 15 0 2 N
0 0 1 0 N
6 4 2 0 N
6 7 1 2 N
6 1 0 1 N
4 21 2 1 N
4 6 0 2 N
4 5 1 0 N
21 19 0 1 N
21 2 2 2 N
21 18 1 0 N
19 17 1 1 N
19 13 0 0 N
19 17 2 2 N
17 16 1 2 N
17 18 2 0 N
17 15 0 1 N
16 20 1 1 N
16 7 0 2 N
16 20 2 0 N
20 22 1 2 N
20 10 0 0 N
20 1 2 1 N
22 3 1 2 N
22 10 0 0 N
22 11 2 1 N
3 10 2 1 N
3 2 1 2 N
3 20 0 0 N
10 1 0 1 N
10 17 2 0 N
10 15 1 2 N
1 9 0 2 N
1 0 2 0 N
1 17 1 1 N
