19 5 0 1 S
19 1 2 0 S
19 18 1 2 S
5 11 2 1 N
5 7 1 2 N
5 16 0 0 N
11 1 2 1 N
11 11 1 0 N
11 11 0 2 N
1 7 0 0 N
1 12 1 2 N
1 15 2 1 N
7 17 2 0 N
7 23 1 2 N
7 18 0 1 N
17 0 2 1 N
17 16 0 2 N
17 2 1 0 N
0 3 2 1 N
0 12 0 2 N
0 19 1 0 N
3 23 2 1 N
3 12 0 0 N
3 21 1 2 N
23 18 2 2 N
23 18 0 0 N
23 5 1 1 N
18 6 1 2 N
18 20 2 0 N
18 11 0 1 N
6 13 0 1 N
6 19 1 2 N
6 15 2 0 N
13 21 2 0 N
13 14 0 2 N
13 8 1 1 N
21 16 1 0 N
21 4 2 1 N
21 7 0 2 N
16 15 2 1 N
16 4 0 2 N
16 8 1 0 N
15 20 0 0 N
15 9 1 2 N
15 18 2 1 N
20 12 2 0 N
20 19 1 1 N
20 21 0 2 N
12 10 1 0 N
12 19 2 1 N
12 19 0 2 N
10 9 1 2 N
10 1 2 1 N
10 4 0 0 N
9 14 0 2 N
9 6 2 0 N
9 21 1 1 N
14 22 1 2 N
14 20 2 0 N
14 8 0 1 N
22 8 1 1 N
22 19 2 0 N
22 17 0 2 N
8 4 0 1 N
8 3 2 0 N
8 11 1 2 N
4 2 2 1 N
4 6 0 0 N
4 15 1 2 N
2 0 1 1 N
2 8 0 2 N
2 1 2 0 N
