3 6 1 0 S
3 20 0 2 S
3 12 2 1 S
6 7 0 1 N
6 20 1 2 N
6 20 2 0 N
7 13 0 2 N
7 17 1 0 N
7 21 2 1 N
13 18 2 1 N
13 4 1 0 N
13 0 0 2 N
18 11 2 0 N
18 19 0 1 N
18 12 1 2 N
11 14 2 0 N
11 10 0 1 N
11 20 1 2 N
14 16 0 2 N
14 5 1 1 N
14 7 2 0 N
16 1 1 2 N
16 18 2 1 N
16 4 0 0 N
1 5 2 2 N
1 10 0 1 N
1 3 1 0 N
5 12 1 2 N
5 9 0 0 N
5 17 2 1 N
12 8 2 1 N
12 8 0 2 N
12 8 1 0 N
8 21 2 1 N
8 9 0 0 N
8 21 1 2 N
21 17 2 0 N
21 2 1 2 N
21 21 0 1 N
17 9 1 0 N
17 3 2 1 N
17 20 0 2 N
9 19 0 0 N
9 12 2 2 N
9 5 1 1 N
19 10 1 0 N
19 5 0 1 N
19 6 2 2 N
10 2 2 0 N
10 11 1 1 N
10 17 0 2 N
2 22 1 2 N
2 20 2 0 N
2 13 0 1 N
22 15 0 0 N
22 8 2 2 N
22 8 1 1 N
15 20 1 2 N
15 3 0 0 N
15 2 2 1 N
20 4 2 0 N
20 4 1 2 N
20 8 0 1 N
4 23 1 1 N
4 7 0 2 N
4 9 2 0 N
23 0 2 2 N
23 7 0 1 N
23 7 1 0 N
0 14 0 0 N
0 7 2 1 N
0 7 1 2 N
