14 22 0 2 S
14 0 2 0 S
14 15 1 1 S
22 2 2 0 N
22 15 0 2 N
22 15 1 1 N
2 0 2 1 N
2 8 0 0 N
2 21 1 2 N
0 15 0 2 N
0 14 1 0 N
0 15 2 1 N
15 17 2 2 N
15 15 0 0 N
15 15 1 1 N
17 6 0 0 N
17 18 1 1 N
17 15 2 2 N
6 5 2 2 N
6 15 0 1 N
6 7 1 0 N
5 12 2 2 N
5 19 1 0 N
5 19 0 1 N
12 7 2 2 N
12 4 1 0 N
12 2 0 1 N
7 23 2 2 N
7 22 0 1 N
7 0 1 0 N
23 3 1 0 N
23 11 2 1 N
23 15 0 2 N
3 9 1 2 N
3 4 0 1 N
3 10 2 0 N
9 4 1 0 N
9 0 2 1 N
9 21 0 2 N
4 8 1 0 N
4 3 0 2 N
4 1 2 1 N
8 20 1 0 N
8 7 2 1 N
8 10 0 2 N
20 18 0 1 N
20 14 2 2 N
20 3 1 0 N
18 16 0 1 N
18 4 2 0 N
18 11 1 2 N
16 19 0 1 N
16 15 2 2 N
16 18 1 0 N
19 21 0 1 N
19 7 1 0 N
19 1 2 2 N
21 10 1 0 N
21 11 0 1 N
21 11 2 2 N
10 11 1 2 N
10 9 0 0 N
10 1 2 1 N
11 13 0 0 N
11 5 1 1 N
11 10 2 2 N
13 1 0 1 N
13 23 2 0 N
13 9 1 2 N
1 8 1 0 N
1 0 2 1 N
1 14 0 2 N
