8 2 0 1 S
8 18 2 2 S
8 22 1 0 S
2 7 0 0 N
2 8 1 2 N
2 6 2 1 N
7 23 0 1 N
7 20 1 2 N
7 16 2 0 N
23 21 1 1 N
23 6 2 0 N
23 0 0 2 N
21 18 0 0 N
21 22 2 1 N
21 22 1 2 N
18 4 2 1 N
18 4 1 0 N
18 19 0 2 N
4 12 1 1 N
4 3 0 2 N
4 22 2 0 N
12 17 1 0 N
12 4 0 2 N
12 21 2 1 N
17 19 2 1 N
17 20 1 0 N
17 14 0 2 N
19 22 1 1 N
19 22 0 0 N
19 16 2 2 N
22 13 1 0 N
22 22 2 2 N
22 22 0 1 N
13 1 2 1 N
13 23 0 2 N
13 12 1 0 N
1 14 0 2 N
1 6 1 0 N
1 21 2 1 N
14 9 2 0 N
14 17 1 2 N
14 0 0 1 N
9 11 0 2 N
9 22 2 1 N
9 6 1 0 N
11 10 2 1 N
11 12 1 2 N
11 0 0 0 N
10 0 0 2 N
10 4 1 0 N
10 0 2 1 N
0 15 1 0 N
0 16 0 1 N
0 13 2 2 N
15 5 1 1 N
15 13 0 2 N
15 12 2 0 N
5 16 0 1 N
5 12 2 2 N
5 12 1 0 N
16 6 1 2 N
16 15 0 0 N
16 21 2 1 N
6 3 0 1 N
6 0 1 0 N
6 15 2 2 N
3 20 0 1 N
3 22 1 2 N
3 12 2 0 N
20 15 1 2 N
20 6 2 0 N
20 4 0 1 N
