10 1 1 0 S
10 17 2 1 S
10 6 0 2 S
1 13 2 2 N
1 18 0 0 N
1 15 1 1 N
13 12 2 2 N
13 6 1 0 N
13 14 0 1 N
12 7 2 0 N
12 16 1 1 N
12 15 0 2 N
7 22 2 2 N
7 12 0 0 N
7 14 1 1 N
22 3 0 1 N
22 12 2 2 N
22 5 1 0 N
3 8 2 0 N
3 16 1 2 N
3 9 0 1 N
8 0 1 0 N
8 14 2 2 N
8 16 0 1 N
0 16 2 1 N
0 11 1 0 N
0 12 0 2 N
16 21 1 0 N
16 9 2 1 N
16 4 0 2 N
21 23 1 1 N
21 23 0 2 N
21 10 2 0 N
23 4 2 2 N
23 1 1 0 N
23 4 0 1 N
4 15 0 2 N
4 10 1 1 N
4 12 2 0 N
15 6 2 0 N
15 22 0 1 N
15 14 1 2 N
6 17 0 0 N
6 3 1 2 N
6 13 2 1 N
17 9 2 0 N
17 6 1 1 N
17 18 0 2 N
9 14 1 0 N
9 16 2 2 N
9 10 0 1 N
14 5 1 2 N
14 15 2 1 N
14 14 0 0 N
5 19 2 2 N
5 11 1 1 N
5 17 0 0 N
19 11 0 1 N
19 14 1 2 N
19 10 2 0 N
11 2 1 1 N
11 4 0 2 N
11 2 2 0 N
2 20 0 2 N
2 18 1 0 N
2 14 2 1 N
20 18 0 1 N
20 1 1 2 N
20 15 2 0 N
18 6 2 0 N
18 13 1 1 N
18 2 0 2 N
