18 8 2 0 S
18 5 0 2 S
18 4 1 1 S
8 20 0 2 N
8 14 1 1 N
8 23 2 0 N
20 6 2 0 N
20 15 1 1 N
20 9 0 2 N
6 3 2 2 N
6 7 1 0 N
6 2 0 1 N
3 12 2 0 N
3 18 1 2 N
3 6 0 1 N
12 15 1 2 N
12 10 2 1 N
12 0 0 0 N
15 4 1 2 N
15 18 2 0 N
15 6 0 1 N
4 1 2 0 N
4 6 1 1 N
4 7 0 2 N
1 7 2 1 N
1 10 0 2 N
1 13 1 0 N
7 2 0 2 N
7 10 1 1 N
7 2 2 0 N
2 14 1 1 N
2 17 2 2 N
2 13 0 0 N
14 19 1 2 N
14 4 0 0 N
14 0 2 1 N
19 11 1 1 N
19 20 2 2 N
19 3 0 0 N
11 16 1 0 N
11 18 0 2 N
11 13 2 1 N
16 23 1 2 N
16 10 0 0 N
16 11 2 1 N
23 17 2 1 N
23 11 1 0 N
23 13 0 2 N
17 9 0 1 N
17 13 1 2 N
17 22 2 0 N
9 22 1 2 N
9 3 2 1 N
9 23 0 0 N
22 10 2 2 N
22 7 1 0 N
22 2 0 1 N
10 0 0 1 N
10 2 2 2 N
10 2 1 0 N
0 21 1 2 N
0 3 2 0 N
0 22 0 1 N
21 13 1 2 N
21 16 2 0 N
21 8 0 1 N
13 5 1 2 N
13 16 2 0 N
13 13 0 1 N
5 19 2 2 N
5 6 1 0 N
5 11 0 1 N
