1 10 2 2 S
1 23 0 1 S
1 18 1 0 S
10 18 2 1 N
10 6 1 2 N
10 9 0 0 N
18 16 0 2 N
18 9 1 1 N
18 6 2 0 N
16 22 1 0 N
16 18 2 2 N
16 3 0 1 N
22 23 2 2 N
22 23 0 0 N
22 10 1 1 N
23 12 1 1 N
23 22 2 2 N
23 4 0 0 N
12 15 1 0 N
12 11 0 2 N
12 13 2 1 N
15 4 2 2 N
15 21 1 1 N
15 21 0 0 N
4 11 0 1 N
4 18 2 0 N
4 11 1 2 N
11 21 0 0 N
11 6 2 1 N
11 5 1 2 N
21 7 2 1 N
21 4 1 0 N
21 17 0 2 N
7 19 0 0 N
7 0 2 2 N
7 0 1 1 N
19 17 0 0 N
19 1 1 1 N
19 6 2 2 N
17 0 1 1 N
17 12 2 0 N
17 11 0 2 N
0 14 2 1 N
0 15 1 0 N
0 11 0 2 N
14 5 2 0 N
14 6 1 1 N
14 3 0 2 N
5 9 1 0 N
5 18 2 1 N
5 5 0 2 N
9 3 0 0 N
9 12 1 1 N
9 5 2 2 N
3 8 0 0 N
3 13 1 2 N
3 11 2 1 N
8 13 1 1 N
8 4 0 2 N
8 13 2 0 N
13 2 2 2 N
13 19 0 0 N
13 5 1 1 N
2 20 0 1 N
2 0 1 2 N
2 6 2 0 N
20 6 1 1 N
20 0 0 2 N
20 15 2 0 N
6 11 0 2 N
6 11 2 1 N
6 5 1 0 N
