2 11 1 2 S
2 8 0 1 S
2 1 2 0 S
11 23 2 0 N
11 12 0 2 N
11 17 1 1 N
23 22 0 2 N
23 12 2 0 N
23 15 1 1 N
22 0 1 1 N
22 13 2 0 N
22 16 0 2 N
0 7 2 1 N
0 18 1 0 N
0 1 0 2 N
7 10 2 1 N
7 22 1 2 N
7 14 0 0 N
10 5 2 2 N
10 16 1 1 N
10 22 0 0 N
5 9 0 1 N
5 16 2 2 N
5 6 1 0 N
9 20 2 0 N
9 19 0 2 N
9 16 1 1 N
20 18 2 2 N
20 7 1 0 N
20 1 0 1 N
18 6 1 2 N
18 8 0 1 N
18 3 2 0 N
6 15 1 0 N
6 6 2 2 N
6 6 0 1 N
15 21 2 1 N
15 11 1 0 N
15 16 0 2 N
21 19 1 2 N
21 20 2 0 N
21 6 0 1 N
19 12 1 0 N
19 14 0 2 N
19 16 2 1 N
12 13 0 2 N
12 18 2 0 N
12 6 1 1 N
13 3 1 2 N
13 0 2 0 N
13 1 0 1 N
3 1 0 0 N
3 17 1 1 N
3 6 2 2 N
1 16 0 0 N
1 22 2 1 N
1 22 1 2 N
16 17 2 1 N
16 14 1 2 N
16 6 0 0 N
17 4 1 1 N
17 14 0 0 N
17 5 2 2 N
4 8 1 2 N
4 22 2 1 N
4 1 0 0 N
8 14 2 2 N
8 18 1 1 N
8 0 0 0 N
14 12 1 1 N
14 4 2 0 N
14 19 0 2 N
