6 3 2 0 S
6 12 0 1 S
6 7 1 2 S
3 21 0 0 N
3 16 1 1 N
3 9 2 2 N
21 18 0 1 N
21 22 1 0 N
21 21 2 2 N
18 0 0 1 N
18 17 1 2 N
18 21 2 0 N
0 13 0 2 N
0 7 2 0 N
0 2 1 1 N
13 1 2 1 N
13 23 1 0 N
13 12 0 2 N
1 8 0 1 N
1 4 2 2 N
1 8 1 0 N
8 14 1 0 N
8 17 2 1 N
8 4 0 2 N
14 20 0 1 N
14 4 1 0 N
14 0 2 2 N
20 12 2 0 N
20 19 0 2 N
20 17 1 1 N
12 9 1 0 N
12 4 0 1 N
12 21 2 2 N
9 10 0 2 N
9 3 2 0 N
9 2 1 1 N
10 22 1 0 N
10 21 0 2 N
10 18 2 1 N
22 11 1 2 N
22 21 0 0 N
22 18 2 1 N
11 16 2 0 N
11 6 0 2 N
11 16 1 1 N
16 2 0 1 N
16 17 2 2 N
16 8 1 0 N
2 17 1 2 N
2 19 0 1 N
2 19 2 0 N
17 23 0 1 N
17 12 1 2 N
17 18 2 0 N
23 7 1 0 N
23 0 2 2 N
23 11 0 1 N
7 15 2 0 N
7 12 0 2 N
7 17 1 1 N
15 19 0 2 N
15 17 1 1 N
15 20 2 0 N
19 5 1 1 N
19 21 0 2 N
19 21 2 0 N
5 4 0 0 N
5 7 2 2 N
5 0 1 1 N
4 8 2 2 N
4 2 1 0 N
4 21 0 1 N
