3 11 1 2 S
3 13 2 0 S
3 18 0 1 S
11 4 0 2 N
11 14 1 0 N
11 13 2 1 N
4 20 1 0 N
4 22 2 2 N
4 3 0 1 N
20 2 1 2 N
20 4 2 0 N
20 8 0 1 N
2 1 1 2 N
2 8 2 1 N
2 22 0 0 N
1 23 0 1 N
1 18 2 0 N
1 5 1 2 N
23 21 1 2 N
23 21 0 1 N
23 14 2 0 N
21 5 2 2 N
21 9 0 1 N
21 15 1 0 N
5 12 1 1 N
5 13 2 0 N
5 14 0 2 N
12 6 0 0 N
12 17 2 2 N
12 8 1 1 N
6 10 0 2 N
6 1 2 1 N
6 16 1 0 N
10 16 2 2 N
10 2 1 0 N
10 9 0 1 N
16 13 0 1 N
16 8 2 2 N
16 11 1 0 N
13 8 1 2 N
13 8 0 1 N
13 18 2 0 N
8 17 1 2 N
8 14 0 0 N
8 13 2 1 N
17 18 2 0 N
17 18 0 1 N
17 10 1 2 N
18 14 0 0 N
18 13 2 1 N
18 9 1 2 N
14 7 0 1 N
14 22 2 0 N
14 8 1 2 N
7 15 0 2 N
7 9 1 0 N
7 14 2 1 N
15 19 1 1 N
15 9 2 0 N
15 4 0 2 N
19 22 1 1 N
19 13 2 2 N
19 8 0 0 N
22 0 1 2 N
22 11 2 1 N
22 8 0 0 N
0 9 2 0 N
0 11 0 1 N
0 19 1 2 N
9 22 2 1 N
9 18 0 0 N
9 9 1 2 N
