15 23 0 0 S
15 5 1 1 S
15 3 2 2 S
23 16 2 0 N
23 1 1 2 N
23 7 0 1 N
16 19 0 0 N
16 14 2 2 N
16 6 1 1 N
19 6 2 1 N
19 20 1 2 N
19 3 0 0 N
6 4 2 0 N
6 19 0 1 N
6 3 1 2 N
4 22 0 2 N
4 5 2 1 N
4 7 1 0 N
22 8 2 0 N
22 16 0 2 N
22 15 1 1 N
8 10 1 0 N
8 2 0 2 N
8 15 2 1 N
10 21 2 1 N
10 3 1 2 N
10 3 0 0 N
21 7 0 1 N
21 2 2 2 N
21 14 1 0 N
7 3 0 0 N
7 3 2 2 N
7 7 1 1 N
3 17 2 1 N
3 20 1 0 N
3 7 0 2 N
17 1 1 0 N
17 12 2 1 N
17 6 0 2 N
1 20 2 0 N
1 16 1 1 N
1 6 0 2 N
20 9 1 2 N
20 1 0 0 N
20 7 2 1 N
9 5 1 2 N
9 13 2 0 N
9 18 0 1 N
5 18 1 2 N
5 14 2 0 N
5 6 0 1 N
18 12 1 2 N
18 16 0 1 N
18 1 2 0 N
12 14 2 1 N
12 14 1 2 N
12 8 0 0 N
14 2 0 0 N
14 3 1 1 N
14 3 2 2 N
2 13 0 1 N
2 1 1 0 N
2 6 2 2 N
13 11 0 0 N
13 22 2 1 N
13 7 1 2 N
11 0 0 2 N
11 2 2 1 N
11 6 1 0 N
0 11 0 2 N
0 2 2 1 N
0 3 1 0 N
