2 5 1 2 S
2 11 0 1 S
2 11 2 0 S
5 22 1 2 N
5 10 0 1 N
5 1 2 0 N
22 18 2 0 N
22 21 1 1 N
22 15 0 2 N
18 7 0 1 N
18 22 1 2 N
18 2 2 0 N
7 23 0 2 N
7 9 2 1 N
7 15 1 0 N
23 0 0 0 N
23 8 1 1 N
23 7 2 2 N
0 11 0 1 N
0 8 2 2 N
0 22 1 0 N
11 15 0 1 N
11 9 2 0 N
11 10 1 2 N
15 19 0 1 N
15 10 1 2 N
15 15 2 0 N
19 16 1 1 N
19 6 2 2 N
19 5 0 0 N
16 21 1 0 N
16 10 2 1 N
16 15 0 2 N
21 1 0 2 N
21 9 1 1 N
21 8 2 0 N
1 8 2 1 N
1 22 0 2 N
1 20 1 0 N
8 12 2 1 N
8 0 0 0 N
8 20 1 2 N
12 4 2 1 N
12 19 1 2 N
12 6 0 0 N
4 14 0 0 N
4 18 1 2 N
4 23 2 1 N
14 9 2 2 N
14 8 0 0 N
14 1 1 1 N
9 17 1 1 N
9 15 0 2 N
9 22 2 0 N
17 13 0 1 N
17 12 1 2 N
17 5 2 0 N
13 3 0 2 N
13 10 1 1 N
13 23 2 0 N
3 20 0 1 N
3 8 2 2 N
3 16 1 0 N
20 10 1 1 N
20 22 2 0 N
20 22 0 2 N
10 6 2 1 N
10 20 0 2 N
10 15 1 0 N
6 0 0 0 N
6 0 1 2 N
6 20 2 1 N
