14 15 2 1 S
14 4 1 0 S
14 7 0 2 S
15 22 2 2 N
15 18 1 0 N
15 12 0 1 N
22 10 2 2 N
22 16 1 1 N
22 5 0 0 N
10 21 0 2 N
10 14 1 0 N
10 3 2 1 N
21 17 0 0 N
21 19 1 2 N
21 13 2 1 N
17 4 0 0 N
17 5 1 2 N
17 4 2 1 N
4 3 2 1 N
4 17 0 2 N
4 4 1 0 N
3 12 1 2 N
3 18 0 1 N
3 17 2 0 N
12 7 2 2 N
12 14 1 1 N
12 8 0 0 N
7 13 1 0 N
7 17 2 1 N
7 9 0 2 N
13 5 2 2 N
13 22 1 0 N
13 17 0 1 N
5 11 0 0 N
5 11 2 2 N
5 4 1 1 N
11 19 1 1 N
11 6 2 0 N
11 2 0 2 N
19 9 1 1 N
19 4 0 0 N
19 4 2 2 N
9 1 2 2 N
9 19 0 0 N
9 17 1 1 N
1 23 0 2 N
1 11 2 0 N
1 9 1 1 N
23 16 2 2 N
23 16 0 1 N
23 20 1 0 N
16 18 0 2 N
16 19 2 1 N
16 1 1 0 N
18 0 2 1 N
18 17 0 2 N
18 4 1 0 N
0 20 1 2 N
0 12 2 1 N
0 11 0 0 N
20 8 2 2 N
20 12 0 0 N
20 6 1 1 N
8 6 0 0 N
8 16 2 1 N
8 22 1 2 N
6 2 1 1 N
6 22 0 2 N
6 2 2 0 N
2 15 0 0 N
2 4 1 1 N
2 4 2 2 N
