17 12 2 1 S
17 7 0 0 S
17 7 1 2 S
12 9 1 1 N
12 8 2 2 N
12 14 0 0 N
9 15 0 1 N
9 13 1 2 N
9 10 2 0 N
15 5 1 1 N
15 1 0 2 N
15 22 2 0 N
5 18 1 1 N
5 22 0 2 N
5 12 2 0 N
18 20 2 0 N
18 5 0 1 N
18 12 1 2 N
20 0 0 2 N
20 18 2 0 N
20 17 1 1 N
0 1 1 1 N
0 12 2 0 N
0 7 0 2 N
1 23 1 2 N
1 7 2 0 N
1 22 0 1 N
23 14 0 0 N
23 6 2 1 N
23 4 1 2 N
14 8 2 2 N
14 1 1 0 N
14 0 0 1 N
8 11 0 0 N
8 9 2 1 N
8 9 1 2 N
11 22 0 2 N
11 0 1 0 N
11 0 2 1 N
22 10 2 1 N
22 13 1 2 N
22 7 0 0 N
10 6 0 0 N
10 4 1 1 N
10 0 2 2 N
6 19 1 2 N
6 15 2 0 N
6 7 0 1 N
19 3 0 1 N
19 7 1 2 N
19 10 2 0 N
3 4 0 2 N
3 22 2 1 N
3 16 1 0 N
4 21 1 2 N
4 6 2 0 N
4 0 0 1 N
21 16 1 2 N
21 10 2 1 N
21 22 0 0 N
16 13 2 1 N
16 7 0 2 N
16 17 1 0 N
13 2 1 2 N
13 12 0 1 N
13 19 2 0 N
2 7 0 2 N
2 17 2 1 N
2 5 1 0 N
7 18 1 2 N
7 7 0 0 N
7 7 2 1 N
