15 0 1 2 S
15 20 2 0 S
15 4 0 1 S
0 9 2 1 N
0 22 0 0 N
0 3 1 2 N
9 6 0 2 N
9 10 1 1 N
9 7 2 0 N
6 17 1 1 N
6 10 2 2 N
6 15 0 0 N
17 2 2 2 N
17 13 1 1 N
17 1 0 0 N
2 4 1 2 N
2 10 0 0 N
2 21 2 1 N
4 11 1 0 N
4 21 2 2 N
4 16 0 1 N
11 22 1 1 N
11 23 0 2 N
11 0 2 0 N
22 16 1 1 N
22 4 0 2 N
22 10 2 0 N
16 8 1 2 N
16 10 0 0 N
16 14 2 1 N
8 12 2 1 N
8 3 1 0 N
8 1 0 2 N
12 10 2 0 N
12 20 1 1 N
12 1 0 2 N
10 19 1 0 N
10 14 2 2 N
10 12 0 1 N
19 5 1 0 N
19 3 2 1 N
19 5 0 2 N
5 21 2 2 N
5 23 1 1 N
5 14 0 0 N
21 14 0 0 N
21 12 2 2 N
21 12 1 1 N
14 13 1 1 N
14 13 0 0 N
14 1 2 2 N
13 1 1 2 N
13 9 0 1 N
13 12 2 0 N
1 3 0 2 N
1 13 2 0 N
1 1 1 1 N
3 7 2 0 N
3 10 0 1 N
3 7 1 2 N
7 23 2 1 N
7 17 1 0 N
7 10 0 2 N
23 20 0 0 N
23 18 2 2 N
23 22 1 1 N
20 18 2 0 N
20 14 0 1 N
20 14 1 2 N
18 8 2 2 N
18 1 1 1 N
18 10 0 0 N
