0 18 2 0 S
0 7 1 1 S
0 8 0 2 S
18 14 0 2 N
18 21 1 0 N
18 8 2 1 N
14 10 2 2 N
14 21 0 1 N
14 21 1 0 N
10 8 0 0 N
10 23 1 1 N
10 3 2 2 N
8 4 0 0 N
8 6 1 1 N
8 3 2 2 N
4 9 2 1 N
4 15 1 0 N
4 23 0 2 N
9 15 1 2 N
9 8 0 0 N
9 21 2 1 N
15 11 0 2 N
15 14 1 0 N
15 11 2 1 N
11 3 2 1 N
11 21 0 2 N
11 5 1 0 N
3 17 2 2 N
3 8 0 1 N
3 3 1 0 N
17 20 0 0 N
17 15 2 2 N
17 9 1 1 N
20 23 1 1 N
20 0 2 0 N
20 14 0 2 N
23 16 0 0 N
23 15 1 1 N
23 14 2 2 N
16 13 0 2 N
16 14 1 1 N
16 21 2 0 N
13 7 0 1 N
13 11 2 0 N
13 12 1 2 N
7 19 0 0 N
7 1 2 2 N
7 3 1 1 N
19 6 1 0 N
19 4 0 1 N
19 7 2 2 N
6 1 0 1 N
6 0 2 0 N
6 14 1 2 N
1 2 0 2 N
1 19 2 0 N
1 8 1 1 N
2 12 2 0 N
2 0 1 1 N
2 4 0 2 N
12 22 1 2 N
12 6 0 0 N
12 21 2 1 N
22 21 0 1 N
22 14 2 2 N
22 14 1 0 N
21 5 2 1 N
21 3 0 0 N
21 3 1 2 N
5 0 0 0 N
5 23 2 1 N
5 8 1 2 N
