23 6 2 1 S
23 8 0 2 S
23 2 1 0 S
6 20 1 2 N
6 14 2 0 N
6 5 0 1 N
20 10 1 2 N
20 3 0 0 N
20 17 2 1 N
10 5 0 2 N
10 0 1 1 N
10 4 2 0 N
5 21 1 1 N
5 8 0 0 N
5 8 2 2 N
21 14 2 0 N
21 0 0 2 N
21 14 1 1 N
14 16 1 2 N
14 9 0 1 N
14 18 2 0 N
16 8 1 0 N
16 22 2 2 N
16 15 0 1 N
8 4 1 2 N
8 6 0 1 N
8 9 2 0 N
4 19 0 0 N
4 6 2 1 N
4 2 1 2 N
19 15 0 0 N
19 16 2 2 N
19 17 1 1 N
15 13 2 2 N
15 14 0 0 N
15 18 1 1 N
13 7 2 0 N
13 21 1 2 N
13 17 0 1 N
7 1 2 1 N
7 5 1 2 N
7 5 0 0 N
1 11 2 0 N
1 23 1 2 N
1 16 0 1 N
11 18 0 2 N
11 23 2 1 N
11 15 1 0 N
18 2 0 2 N
18 18 2 0 N
18 18 1 1 N
2 12 1 0 N
2 5 2 1 N
2 9 0 2 N
12 9 1 1 N
12 10 2 0 N
12 8 0 2 N
9 0 2 2 N
9 6 1 1 N
9 18 0 0 N
0 22 2 0 N
0 10 1 2 N
0 4 0 1 N
22 3 0 1 N
22 0 2 0 N
22 4 1 2 N
3 17 1 2 N
3 4 0 1 N
3 13 2 0 N
17 22 0 0 N
17 2 1 1 N
17 14 2 2 N
