9 3 2 0 S
9 5 1 2 S
9 19 0 1 S
3 6 0 1 N
3 23 2 0 N
3 19 1 2 N
6 0 0 2 N
6 18 1 1 N
6 10 2 0 N
0 12 0 1 N
0 4 1 2 N
0 19 2 0 N
12 22 0 0 N
12 3 1 2 N
12 17 2 1 N
22 1 2 2 N
22 21 0 1 N
22 4 1 0 N
1 23 1 0 N
1 14 2 1 N
1 21 0 2 N
23 7 0 1 N
23 10 1 2 N
23 11 2 0 N
7 11 2 0 N
7 17 1 2 N
7 20 0 1 N
11 8 0 1 N
11 18 2 0 N
11 10 1 2 N
8 5 0 1 N
8 9 2 0 N
8 6 1 2 N
5 20 0 0 N
5 23 1 1 N
5 17 2 2 N
20 16 0 2 N
20 17 2 1 N
20 10 1 0 N
16 10 1 0 N
16 1 0 1 N
16 18 2 2 N
10 14 1 0 N
10 6 0 2 N
10 10 2 1 N
14 17 1 2 N
14 0 0 1 N
14 6 2 0 N
17 21 1 0 N
17 22 2 2 N
17 18 0 1 N
21 2 0 2 N
21 20 2 0 N
21 19 1 1 N
2 13 0 0 N
2 20 2 1 N
2 10 1 2 N
13 15 1 0 N
13 6 2 1 N
13 19 0 2 N
15 19 0 0 N
15 5 2 1 N
15 1 1 2 N
19 4 1 2 N
19 11 2 1 N
19 11 0 0 N
4 18 1 2 N
4 13 0 0 N
4 11 2 1 N
18 5 0 1 N
18 19 1 0 N
18 11 2 2 N
