13 6 2 0 S
13 3 1 2 S
13 13 0 1 S
6 3 0 2 N
6 8 2 0 N
6 13 1 1 N
3 14 1 1 N
3 6 2 2 N
3 13 0 0 N
14 21 0 0 N
14 4 2 1 N
14 19 1 2 N
21 12 0 0 N
21 20 2 2 N
21 4 1 1 N
12 18 2 2 N
12 23 1 1 N
12 19 0 0 N
18 7 1 0 N
18 21 2 2 N
18 22 0 1 N
7 5 2 0 N
7 22 0 2 N
7 6 1 1 N
5 16 2 1 N
5 9 1 0 N
5 9 0 2 N
16 2 0 0 N
16 13 1 2 N
16 3 2 1 N
2 1 2 0 N
2 22 0 1 N
2 9 1 2 N
1 17 0 1 N
1 5 1 0 N
1 6 2 2 N
17 10 2 0 N
17 20 1 1 N
17 7 0 2 N
10 20 2 1 N
10 13 1 2 N
10 0 0 0 N
20 0 0 0 N
20 4 1 2 N
20 13 2 1 N
0 4 2 0 N
0 21 0 2 N
0 9 1 1 N
4 11 2 2 N
4 23 0 0 N
4 6 1 1 N
11 19 1 2 N
11 14 0 1 N
11 9 2 0 N
19 23 0 1 N
19 1 2 2 N
19 23 1 0 N
23 22 1 2 N
23 16 2 1 N
23 9 0 0 N
22 15 2 0 N
22 23 0 2 N
22 3 1 1 N
15 8 1 1 N
15 16 0 2 N
15 6 2 0 N
8 9 2 0 N
8 23 0 2 N
8 1 1 1 N
9 3 0 1 N
9 16 1 2 N
9 13 2 0 N
