13 2 1 0 S
13 10 2 1 S
13 17 0 2 S
2 16 2 0 N
2 8 1 1 N
2 6 0 2 N
16 15 0 2 N
16 10 2 1 N
16 17 1 0 N
15 3 0 0 N
15 18 2 1 N
15 10 1 2 N
3 9 1 0 N
3 19 0 2 N
3 20 2 1 N
9 4 2 0 N
9 4 1 2 N
9 16 0 1 N
4 10 0 2 N
4 21 1 1 N
4 17 2 0 N
10 22 0 2 N
10 20 2 1 N
10 16 1 0 N
22 14 0 2 N
22 18 1 1 N
22 5 2 0 N
14 19 2 0 N
14 2 1 1 N
14 20 0 2 N
19 12 1 1 N
19 1 2 0 N
19 16 0 2 N
12 8 0 2 N
12 8 2 1 N
12 21 1 0 N
8 0 1 2 N
8 10 2 0 N
8 7 0 1 N
0 6 0 2 N
0 18 1 0 N
0 12 2 1 N
6 7 1 1 N
6 17 0 2 N
6 1 2 0 N
7 1 1 1 N
7 19 0 2 N
7 6 2 0 N
1 17 1 2 N
1 3 0 1 N
1 21 2 0 N
17 21 1 2 N
17 16 0 0 N
17 17 2 1 N
21 18 0 1 N
21 18 2 2 N
21 13 1 0 N
18 23 1 1 N
18 2 2 2 N
18 4 0 0 N
23 5 1 2 N
23 15 0 0 N
23 9 2 1 N
5 20 2 1 N
5 1 1 0 N
5 15 0 2 N
20 11 0 1 N
20 10 1 2 N
20 9 2 0 N
11 20 0 0 N
11 7 1 1 N
11 21 2 2 N
