11 2 2 2 S
11 14 1 1 S
11 15 0 0 S
2 15 1 0 N
2 19 0 1 N
2 1 2 2 N
15 16 2 1 N
15 18 1 0 N
15 18 0 2 N
16 18 0 0 N
16 11 2 2 N
16 18 1 1 N
18 5 2 2 N
18 0 0 1 N
18 3 1 0 N
5 4 1 0 N
5 9 2 2 N
5 12 0 1 N
4 12 2 2 N
4 21 0 0 N
4 19 1 1 N
12 9 1 2 N
12 0 2 0 N
12 0 0 1 N
9 0 2 0 N
9 12 1 2 N
9 0 0 1 N
0 21 0 0 N
0 12 1 1 N
0 0 2 2 N
21 1 0 0 N
21 0 1 2 N
21 0 2 1 N
1 6 0 2 N
1 5 1 0 N
1 0 2 1 N
6 19 2 1 N
6 11 0 0 N
6 5 1 2 N
19 20 1 1 N
19 16 2 0 N
19 9 0 2 N
20 23 0 0 N
20 18 2 1 N
20 0 1 2 N
23 13 0 0 N
23 9 2 1 N
23 5 1 2 N
13 14 1 1 N
13 23 2 2 N
13 17 0 0 N
14 22 2 0 N
14 1 1 2 N
14 21 0 1 N
22 10 0 2 N
22 14 1 1 N
22 20 2 0 N
10 8 2 0 N
10 21 1 2 N
10 21 0 1 N
8 17 2 2 N
8 3 0 0 N
8 10 1 1 N
17 7 0 1 N
17 3 2 0 N
17 22 1 2 N
7 3 1 2 N
7 3 2 1 N
7 1 0 0 N
3 10 2 2 N
3 1 1 1 N
3 1 0 0 N
