6 13 0 1 S
6 16 1 2 S
6 5 2 0 S
13 3 0 1 N
13 20 1 2 N
13 4 2 0 N
3 2 1 1 N
3 21 2 2 N
3 18 0 0 N
2 1 1 2 N
2 4 2 0 N
2 8 0 1 N
1 15 0 0 N
1 17 1 2 N
1 0 2 1 N
15 7 1 1 N
15 20 2 2 N
15 8 0 0 N
7 9 1 0 N
7 15 0 1 N
7 5 2 2 N
9 19 0 0 N
9 15 2 2 N
9 22 1 1 N
19 10 2 2 N
19 10 1 1 N
19 10 0 0 N
10 22 1 0 N
10 22 2 2 N
10 22 0 1 N
22 4 0 0 N
22 7 2 1 N
22 22 1 2 N
4 0 1 0 N
4 17 2 1 N
4 14 0 2 N
0 14 0 0 N
0 19 1 1 N
0 5 2 2 N
14 17 1 1 N
14 22 2 2 N
14 22 0 0 N
17 20 2 1 N
17 22 0 2 N
17 0 1 0 N
20 11 0 0 N
20 9 2 1 N
20 19 1 2 N
11 12 0 1 N
11 13 1 0 N
11 18 2 2 N
12 18 2 1 N
12 6 0 2 N
12 9 1 0 N
18 21 1 1 N
18 4 0 2 N
18 5 2 0 N
21 16 2 1 N
21 17 1 2 N
21 8 0 0 N
16 5 0 2 N
16 12 2 0 N
16 23 1 1 N
5 8 1 1 N
5 22 2 2 N
5 8 0 0 N
8 23 1 1 N
8 12 2 2 N
8 10 0 0 N
23 6 0 0 N
23 19 1 1 N
23 5 2 2 N
