23 11 0 2 S
23 9 1 0 S
23 8 2 1 S
11 5 2 2 N
11 17 0 1 N
11 8 1 0 N
5 21 2 1 N
5 1 0 0 N
5 12 1 2 N
21 18 2 0 N
21 23 1 2 N
21 12 0 1 N
18 4 1 1 N
18 6 0 0 N
18 22 2 2 N
4 2 1 0 N
4 22 2 1 N
4 12 0 2 N
2 10 1 1 N
2 22 0 2 N
2 17 2 0 N
10 16 1 2 N
10 12 2 0 N
10 22 0 1 N
16 20 2 0 N
16 12 0 2 N
16 6 1 1 N
20 0 1 0 N
20 9 2 2 N
20 5 0 1 N
0 14 0 2 N
0 8 1 0 N
0 18 2 1 N
14 12 2 0 N
14 4 0 2 N
14 4 1 1 N
12 8 0 1 N
12 6 1 0 N
12 16 2 2 N
8 15 2 1 N
8 22 1 0 N
8 6 0 2 N
15 7 2 1 N
15 18 0 2 N
15 17 1 0 N
7 6 0 0 N
7 6 2 2 N
7 16 1 1 N
6 3 2 0 N
6 16 0 1 N
6 6 1 2 N
3 19 1 1 N
3 10 0 0 N
3 18 2 2 N
19 17 2 2 N
19 1 0 0 N
19 23 1 1 N
17 13 0 0 N
17 21 1 1 N
17 18 2 2 N
13 9 2 2 N
13 23 0 0 N
13 6 1 1 N
9 1 0 1 N
9 18 1 0 N
9 16 2 2 N
1 22 1 1 N
1 14 2 0 N
1 21 0 2 N
22 17 0 1 N
22 21 2 0 N
22 12 1 2 N
