0 6 0 0 S
0 9 2 2 S
0 18 1 1 S
6 10 1 0 N
6 0 0 1 N
6 22 2 2 N
10 7 2 0 N
10 7 1 2 N
10 4 0 1 N
7 16 0 0 N
7 8 1 2 N
7 18 2 1 N
16 15 2 1 N
16 19 0 0 N
16 17 1 2 N
15 17 0 0 N
15 16 1 2 N
15 23 2 1 N
17 5 0 0 N
17 4 1 2 N
17 11 2 1 N
5 11 2 1 N
5 22 0 2 N
5 4 1 0 N
11 8 0 0 N
11 19 2 1 N
11 19 1 2 N
8 2 0 0 N
8 9 2 1 N
8 21 1 2 N
2 4 1 1 N
2 13 0 0 N
2 17 2 2 N
4 19 2 0 N
4 19 0 2 N
4 19 1 1 N
19 13 1 2 N
19 19 2 1 N
19 19 0 0 N
13 3 2 1 N
13 0 0 0 N
13 21 1 2 N
3 14 1 2 N
3 21 0 0 N
3 2 2 1 N
14 23 2 2 N
14 0 1 0 N
14 17 0 1 N
23 18 0 1 N
23 15 1 0 N
23 21 2 2 N
18 12 0 1 N
18 21 2 2 N
18 21 1 0 N
12 9 0 0 N
12 18 2 1 N
12 10 1 2 N
9 22 2 2 N
9 14 1 0 N
9 23 0 1 N
22 1 2 0 N
22 1 1 2 N
22 8 0 1 N
1 20 0 0 N
1 9 1 2 N
1 16 2 1 N
20 21 0 1 N
20 5 2 2 N
20 14 1 0 N
21 13 2 0 N
21 16 0 1 N
21 4 1 2 N
