3 18 1 0 S
3 4 2 1 S
3 6 0 2 S
18 4 1 2 N
18 22 0 0 N
18 11 2 1 N
4 5 1 0 N
4 17 0 1 N
4 3 2 2 N
5 16 2 1 N
5 1 1 2 N
5 12 0 0 N
16 21 2 2 N
16 7 0 1 N
16 4 1 0 N
21 19 2 1 N
21 12 1 2 N
21 9 0 0 N
19 8 2 0 N
19 22 1 2 N
19 9 0 1 N
8 6 0 2 N
8 0 2 0 N
8 11 1 1 N
6 1 1 0 N
6 0 2 2 N
6 6 0 1 N
1 0 1 1 N
1 23 2 0 N
1 11 0 2 N
0 22 1 0 N
0 22 2 1 N
0 6 0 2 N
22 10 2 0 N
22 23 1 1 N
22 6 0 2 N
10 11 2 2 N
10 1 0 0 N
10 11 1 1 N
11 15 2 1 N
11 22 1 0 N
11 6 0 2 N
15 14 0 0 N
15 6 2 1 N
15 3 1 2 N
14 12 1 2 N
14 9 0 1 N
14 18 2 0 N
12 13 1 1 N
12 18 0 0 N
12 22 2 2 N
13 2 2 1 N
13 6 0 2 N
13 9 1 0 N
2 20 0 0 N
2 12 2 1 N
2 8 1 2 N
20 7 2 2 N
20 2 1 0 N
20 3 0 1 N
7 17 1 1 N
7 1 0 0 N
7 12 2 2 N
17 23 1 0 N
17 12 0 2 N
17 13 2 1 N
23 9 2 0 N
23 3 0 1 N
23 16 1 2 N
9 4 0 2 N
9 12 1 1 N
9 6 2 0 N
