11 6 1 2 S
11 4 0 1 S
11 0 2 0 S
6 8 0 0 N
6 18 2 2 N
6 19 1 1 N
8 26 0 2 N
8 26 1 1 N
8 25 2 0 N
26 13 2 2 N
26 5 1 0 N
26 1 0 1 N
13 21 1 2 N
13 10 0 1 N
13 20 2 0 N
21 12 0 1 N
21 19 2 2 N
21 14 1 0 N
12 17 1 2 N
12 6 0 0 N
12 20 2 1 N
17 7 2 2 N
17 2 0 1 N
17 2 1 0 N
7 20 1 0 N
7 2 2 2 N
7 5 0 1 N
20 16 2 0 N
20 23 0 1 N
20 25 1 2 N
16 24 0 1 N
16 19 1 0 N
16 25 2 2 N
24 14 0 2 N
24 1 1 1 N
24 15 2 0 N
14 4 2 0 N
14 4 1 2 N
14 9 0 1 N
4 3 0 2 N
4 9 1 0 N
4 0 2 1 N
3 2 1 1 N
3 19 0 2 N
3 5 2 0 N
2 22 2 0 N
2 16 1 1 N
2 1 0 2 N
22 0 1 0 N
22 9 0 1 N
22 14 2 2 N
0 15 1 1 N
0 7 2 0 N
0 20 0 2 N
15 1 2 1 N
15 7 0 2 N
15 7 1 0 N
1 9 0 2 N
1 21 1 1 N
1 20 2 0 N
9 19 2 0 N
9 14 1 2 N
9 20 0 1 N
19 10 1 1 N
19 17 0 2 N
19 25 2 0 N
10 5 2 2 N
10 9 0 1 N
10 5 1 0 N
5 25 0 0 N
5 10 1 1 N
5 4 2 2 N
25 18 1 1 N
25 25 0 0 N
25 25 2 2 N
18 23 2 2 N
18 11 1 0 N
18 12 0 1 N
23 26 2 0 N
23 6 0 1 N
23 14 1 2 N
