11 22 0 2 S
11 18 2 0 S
11 18 1 1 S
22 16 0 1 N
22 24 2 2 N
22 18 1 0 N
16 21 1 0 N
16 0 0 2 N
16 5 2 1 N
21 18 1 2 N
21 18 0 0 N
21 5 2 1 N
18 4 0 0 N
18 8 1 2 N
18 14 2 1 N
4 2 0 0 N
4 14 1 1 N
4 18 2 2 N
2 23 0 0 N
2 11 2 1 N
2 23 1 2 N
23 5 2 1 N
23 24 0 0 N
23 24 1 2 N
5 1 0 2 N
5 23 1 0 N
5 23 2 1 N
1 0 1 2 N
1 13 0 1 N
1 2 2 0 N
0 26 2 2 N
0 19 1 0 N
0 5 0 1 N
26 19 2 0 N
26 19 0 2 N
26 13 1 1 N
19 17 2 2 N
19 22 1 1 N
19 3 0 0 N
17 14 0 0 N
17 25 2 2 N
17 23 1 1 N
14 9 1 1 N
14 24 2 2 N
14 14 0 0 N
9 15 1 2 N
9 8 0 1 N
9 23 2 0 N
15 7 1 1 N
15 3 0 2 N
15 11 2 0 N
7 6 2 1 N
7 8 1 2 N
7 20 0 0 N
6 13 1 2 N
6 14 0 1 N
6 10 2 0 N
13 10 0 1 N
13 15 2 0 N
13 18 1 2 N
10 25 0 2 N
10 6 2 0 N
10 3 1 1 N
25 3 2 0 N
25 18 1 1 N
25 12 0 2 N
3 8 2 1 N
3 5 0 2 N
3 15 1 0 N
8 12 0 1 N
8 5 1 0 N
8 23 2 2 N
12 20 1 0 N
12 5 2 2 N
12 13 0 1 N
20 24 1 1 N
20 24 2 0 N
20 14 0 2 N
24 14 1 1 N
24 12 0 2 N
24 14 2 0 N
