18 21 1 2 S
18 17 2 1 S
18 9 0 0 S
21 24 2 0 N
21 0 0 2 N
21 3 1 1 N
24 19 2 0 N
24 2 0 1 N
24 10 1 2 N
19 0 1 0 N
19 5 2 1 N
19 7 0 2 N
0 11 1 2 N
0 6 2 0 N
0 11 0 1 N
11 14 0 1 N
11 17 1 0 N
11 9 2 2 N
14 5 1 0 N
14 22 2 1 N
14 13 0 2 N
5 1 1 1 N
5 20 2 0 N
5 22 0 2 N
1 16 2 1 N
1 18 1 2 N
1 19 0 0 N
16 12 0 1 N
16 14 2 2 N
16 13 1 0 N
12 3 1 0 N
12 16 0 1 N
12 13 2 2 N
3 8 2 2 N
3 14 0 0 N
3 12 1 1 N
8 23 2 2 N
8 14 1 0 N
8 7 0 1 N
23 13 0 0 N
23 15 2 1 N
23 16 1 2 N
13 15 2 2 N
13 12 0 0 N
13 13 1 1 N
15 25 0 1 N
15 4 2 2 N
15 10 1 0 N
25 26 2 0 N
25 8 0 2 N
25 3 1 1 N
26 10 0 1 N
26 13 1 2 N
26 7 2 0 N
10 22 1 0 N
10 22 0 2 N
10 12 2 1 N
22 6 0 1 N
22 20 2 2 N
22 13 1 0 N
6 2 1 1 N
6 7 2 2 N
6 24 0 0 N
2 20 0 2 N
2 19 2 0 N
2 14 1 1 N
20 9 1 0 N
20 5 2 2 N
20 12 0 1 N
9 4 1 1 N
9 14 0 2 N
9 22 2 0 N
4 7 0 1 N
4 24 1 0 N
4 16 2 2 N
7 17 1 1 N
7 5 2 0 N
7 10 0 2 N
17 5 0 1 N
17 7 1 0 N
17 10 2 2 N
