21 4 2 1 S
21 10 1 2 S
21 4 0 0 S
4 17 1 2 N
4 10 2 1 N
4 4 0 0 N
17 20 0 0 N
17 20 2 2 N
17 16 1 1 N
20 6 1 0 N
20 4 0 1 N
20 21 2 2 N
6 0 0 0 N
6 13 2 1 N
6 26 1 2 N
0 10 2 1 N
0 13 1 0 N
0 23 0 2 N
10 16 2 1 N
10 4 0 2 N
10 4 1 0 N
16 9 0 1 N
16 3 1 0 N
16 4 2 2 N
9 18 2 1 N
9 13 1 2 N
9 10 0 0 N
18 14 1 0 N
18 13 0 2 N
18 20 2 1 N
14 1 2 1 N
14 25 1 2 N
14 17 0 0 N
1 15 0 1 N
1 21 1 2 N
1 26 2 0 N
15 11 1 0 N
15 10 2 1 N
15 0 0 2 N
11 8 2 1 N
11 10 1 2 N
11 21 0 0 N
8 26 1 0 N
8 22 0 1 N
8 10 2 2 N
26 24 0 0 N
26 10 2 2 N
26 11 1 1 N
24 22 1 2 N
24 3 2 0 N
24 16 0 1 N
22 2 1 0 N
22 4 0 2 N
22 21 2 1 N
2 12 0 2 N
2 24 2 0 N
2 20 1 1 N
12 5 1 0 N
12 25 0 2 N
12 0 2 1 N
5 19 2 2 N
5 0 0 0 N
5 18 1 1 N
19 3 2 2 N
19 20 1 1 N
19 24 0 0 N
3 25 1 2 N
3 19 0 0 N
3 26 2 1 N
25 13 0 2 N
25 9 2 1 N
25 10 1 0 N
13 7 0 2 N
13 6 2 1 N
13 21 1 0 N
7 23 2 1 N
7 3 0 0 N
7 20 1 2 N
23 26 1 0 N
23 11 2 2 N
23 10 0 1 N
