10 17 0 2 S
10 23 1 1 S
10 23 2 0 S
17 19 0 1 N
17 9 1 0 N
17 18 2 2 N
19 14 1 1 N
19 24 0 0 N
19 12 2 2 N
14 15 2 2 N
14 13 0 0 N
14 3 1 1 N
15 11 2 1 N
15 8 0 2 N
15 8 1 0 N
11 25 1 1 N
11 20 0 0 N
11 23 2 2 N
25 6 0 2 N
25 18 1 0 N
25 26 2 1 N
6 18 2 0 N
6 17 1 2 N
6 12 0 1 N
18 7 0 2 N
18 21 1 0 N
18 18 2 1 N
7 21 0 0 N
7 6 2 1 N
7 10 1 2 N
21 12 0 2 N
21 17 1 1 N
21 12 2 0 N
12 5 1 0 N
12 18 0 2 N
12 18 2 1 N
5 1 1 0 N
5 2 0 1 N
5 24 2 2 N
1 2 0 2 N
1 3 1 1 N
1 20 2 0 N
2 13 0 0 N
2 0 1 2 N
2 12 2 1 N
13 23 0 1 N
13 22 1 2 N
13 19 2 0 N
23 20 1 0 N
23 18 0 2 N
23 26 2 1 N
20 0 0 2 N
20 8 2 1 N
20 24 1 0 N
0 24 2 0 N
0 22 1 2 N
0 5 0 1 N
24 3 0 0 N
24 18 1 2 N
24 17 2 1 N
3 8 0 1 N
3 24 2 0 N
3 21 1 2 N
8 9 1 2 N
8 22 2 1 N
8 24 0 0 N
9 4 0 1 N
9 17 1 2 N
9 11 2 0 N
4 22 2 2 N
4 3 1 1 N
4 1 0 0 N
22 26 1 1 N
22 5 2 0 N
22 19 0 2 N
26 16 1 0 N
26 8 2 1 N
26 5 0 2 N
16 25 2 1 N
16 13 1 0 N
16 5 0 2 N
