7 1 1 2 S
7 15 0 1 S
7 0 2 0 S
1 18 0 2 N
1 15 1 1 N
1 15 2 0 N
18 24 0 0 N
18 2 2 2 N
18 9 1 1 N
24 8 1 2 N
24 5 2 0 N
24 2 0 1 N
8 3 0 1 N
8 23 1 0 N
8 4 2 2 N
3 9 1 2 N
3 11 0 1 N
3 16 2 0 N
9 19 1 2 N
9 22 2 1 N
9 23 0 0 N
19 13 0 2 N
19 0 2 0 N
19 5 1 1 N
13 12 0 1 N
13 10 1 2 N
13 16 2 0 N
12 10 1 0 N
12 18 0 1 N
12 19 2 2 N
10 26 2 0 N
10 17 1 2 N
10 15 0 1 N
26 23 0 2 N
26 1 2 1 N
26 7 1 0 N
23 2 1 2 N
23 5 2 1 N
23 5 0 0 N
2 17 0 2 N
2 18 2 1 N
2 3 1 0 N
17 11 2 1 N
17 6 0 0 N
17 0 1 2 N
11 21 2 0 N
11 12 1 1 N
11 0 0 2 N
21 22 2 2 N
21 2 0 0 N
21 0 1 1 N
22 16 0 1 N
22 3 2 0 N
22 8 1 2 N
16 14 2 1 N
16 22 0 2 N
16 23 1 0 N
14 20 1 1 N
14 26 2 2 N
14 5 0 0 N
20 6 2 0 N
20 6 1 1 N
20 5 0 2 N
6 0 1 1 N
6 7 2 0 N
6 2 0 2 N
0 15 1 1 N
0 19 0 0 N
0 5 2 2 N
15 4 1 0 N
15 3 2 1 N
15 19 0 2 N
4 25 1 2 N
4 19 2 1 N
4 19 0 0 N
25 5 2 2 N
25 17 1 0 N
25 7 0 1 N
5 19 2 0 N
5 0 0 1 N
5 5 1 2 N
