5 26 1 1 S
5 22 0 0 S
5 17 2 2 S
26 10 2 0 N
26 6 0 2 N
26 15 1 1 N
10 21 0 1 N
10 17 1 0 N
10 2 2 2 N
21 11 2 1 N
21 22 1 2 N
21 22 0 0 N
11 8 1 0 N
11 15 0 2 N
11 13 2 1 N
8 7 2 1 N
8 21 1 0 N
8 2 0 2 N
7 25 1 1 N
7 19 0 0 N
7 6 2 2 N
25 14 0 1 N
25 11 1 2 N
25 23 2 0 N
14 19 2 0 N
14 13 1 1 N
14 11 0 2 N
19 1 1 2 N
19 4 0 1 N
19 2 2 0 N
1 12 1 1 N
1 12 0 0 N
1 6 2 2 N
12 4 2 2 N
12 7 0 0 N
12 19 1 1 N
4 20 0 1 N
4 25 1 2 N
4 11 2 0 N
20 17 1 2 N
20 0 0 1 N
20 17 2 0 N
17 3 0 2 N
17 22 2 0 N
17 17 1 1 N
3 0 2 1 N
3 13 0 2 N
3 13 1 0 N
0 23 2 0 N
0 19 1 2 N
0 17 0 1 N
23 24 1 2 N
23 6 2 0 N
23 15 0 1 N
24 22 2 0 N
24 18 0 1 N
24 20 1 2 N
22 9 2 0 N
22 8 1 2 N
22 15 0 1 N
9 13 2 1 N
9 11 0 2 N
9 17 1 0 N
13 18 0 0 N
13 14 2 2 N
13 0 1 1 N
18 16 0 2 N
18 11 2 0 N
18 11 1 1 N
16 2 2 0 N
16 11 1 1 N
16 15 0 2 N
2 6 0 1 N
2 13 1 2 N
2 5 2 0 N
6 15 1 2 N
6 22 0 0 N
6 2 2 1 N
15 6 2 0 N
15 2 1 2 N
15 0 0 1 N
