0 12 1 1 S
0 14 0 0 S
0 6 2 2 S
12 21 2 1 N
12 11 0 2 N
12 5 1 0 N
21 8 2 1 N
21 25 0 2 N
21 17 1 0 N
8 4 1 2 N
8 16 0 1 N
8 23 2 0 N
4 14 2 0 N
4 9 1 1 N
4 25 0 2 N
14 7 2 2 N
14 25 0 0 N
14 17 1 1 N
7 16 1 0 N
7 26 2 1 N
7 26 0 2 N
16 13 0 0 N
16 24 2 1 N
16 5 1 2 N
13 20 1 0 N
13 26 2 1 N
13 23 0 2 N
20 6 1 2 N
20 5 0 0 N
20 7 2 1 N
6 23 1 2 N
6 11 2 0 N
6 26 0 1 N
23 11 0 1 N
23 17 2 0 N
23 26 1 2 N
11 10 1 1 N
11 24 0 2 N
11 10 2 0 N
10 1 1 2 N
10 6 2 0 N
10 16 0 1 N
1 9 2 1 N
1 12 1 0 N
1 4 0 2 N
9 5 2 1 N
9 25 1 2 N
9 5 0 0 N
5 24 0 1 N
5 16 2 0 N
5 7 1 2 N
24 25 1 2 N
24 6 2 1 N
24 6 0 0 N
25 26 2 1 N
25 7 1 2 N
25 5 0 0 N
26 18 2 2 N
26 18 1 0 N
26 26 0 1 N
18 15 1 0 N
18 16 2 2 N
18 25 0 1 N
15 19 0 1 N
15 6 2 2 N
15 23 1 0 N
19 3 1 0 N
19 4 2 1 N
19 25 0 2 N
3 22 1 0 N
3 1 2 1 N
3 18 0 2 N
22 2 2 2 N
22 8 1 0 N
22 1 0 1 N
2 17 2 2 N
2 6 1 1 N
2 7 0 0 N
17 7 0 2 N
17 26 1 1 N
17 25 2 0 N
