8 23 1 0 S
8 12 0 2 S
8 11 2 1 S
23 20 0 2 N
23 8 1 1 N
23 0 2 0 N
20 22 2 1 N
20 8 0 2 N
20 25 1 0 N
22 0 2 0 N
22 3 1 2 N
22 0 0 1 N
0 11 1 2 N
0 13 0 1 N
0 0 2 0 N
11 16 1 2 N
11 6 2 1 N
11 10 0 0 N
16 13 0 2 N
16 12 1 1 N
16 15 2 0 N
13 9 0 2 N
13 21 2 1 N
13 24 1 0 N
9 26 2 0 N
9 8 1 2 N
9 10 0 1 N
26 10 1 1 N
26 6 2 2 N
26 12 0 0 N
10 6 1 0 N
10 0 0 1 N
10 0 2 2 N
6 25 0 1 N
6 21 1 0 N
6 10 2 2 N
25 24 2 1 N
25 8 1 2 N
25 19 0 0 N
24 12 2 1 N
24 3 0 2 N
24 11 1 0 N
12 19 1 2 N
12 5 2 0 N
12 11 0 1 N
19 3 2 2 N
19 2 0 0 N
19 0 1 1 N
3 1 2 0 N
3 8 1 2 N
3 10 0 1 N
1 5 2 2 N
1 21 1 0 N
1 25 0 1 N
5 4 2 2 N
5 14 0 0 N
5 8 1 1 N
4 15 2 0 N
4 10 0 2 N
4 24 1 1 N
15 7 2 2 N
15 5 0 0 N
15 25 1 1 N
7 2 1 0 N
7 19 2 2 N
7 15 0 1 N
2 21 2 0 N
2 0 0 1 N
2 18 1 2 N
21 17 2 0 N
21 10 1 2 N
21 3 0 1 N
17 14 0 0 N
17 26 1 2 N
17 18 2 1 N
14 18 2 1 N
14 25 0 2 N
14 3 1 0 N
18 12 2 0 N
18 0 1 1 N
18 19 0 2 N
