12 19 0 0 S
12 23 2 1 S
12 0 1 2 S
19 20 1 0 N
19 11 0 2 N
19 11 2 1 N
20 0 0 1 N
20 2 1 0 N
20 25 2 2 N
0 14 1 2 N
0 22 2 1 N
0 17 0 0 N
14 11 2 2 N
14 21 1 0 N
14 2 0 1 N
11 21 2 1 N
11 21 0 2 N
11 18 1 0 N
21 25 0 2 N
21 17 1 0 N
21 15 2 1 N
25 26 0 2 N
25 5 2 0 N
25 24 1 1 N
26 17 2 0 N
26 22 1 2 N
26 22 0 1 N
17 10 1 1 N
17 4 0 0 N
17 26 2 2 N
10 8 0 0 N
10 15 2 2 N
10 21 1 1 N
8 15 0 1 N
8 18 1 2 N
8 26 2 0 N
15 13 0 0 N
15 13 2 2 N
15 15 1 1 N
13 24 0 2 N
13 7 2 1 N
13 15 1 0 N
24 7 1 0 N
24 26 0 1 N
24 7 2 2 N
7 1 1 0 N
7 22 2 1 N
7 16 0 2 N
1 23 1 1 N
1 15 0 2 N
1 19 2 0 N
23 3 2 0 N
23 12 0 1 N
23 13 1 2 N
3 9 0 2 N
3 24 1 0 N
3 10 2 1 N
9 5 0 1 N
9 14 2 0 N
9 2 1 2 N
5 6 0 2 N
5 23 1 1 N
5 16 2 0 N
6 18 1 0 N
6 12 0 1 N
6 15 2 2 N
18 2 2 1 N
18 12 1 2 N
18 23 0 0 N
2 4 1 1 N
2 24 2 0 N
2 16 0 2 N
4 16 1 1 N
4 22 0 2 N
4 22 2 0 N
16 22 0 1 N
16 25 1 2 N
16 13 2 0 N
22 2 1 1 N
22 26 2 0 N
22 13 0 2 N
