19 4 2 1 S
19 17 0 2 S
19 20 1 0 S
4 11 2 0 N
4 19 1 2 N
4 16 0 1 N
11 1 0 1 N
11 20 2 2 N
11 12 1 0 N
1 22 0 1 N
1 10 2 2 N
1 13 1 0 N
22 17 1 1 N
22 16 0 2 N
22 20 2 0 N
17 18 0 1 N
17 16 2 0 N
17 4 1 2 N
18 16 0 0 N
18 16 1 1 N
18 21 2 2 N
16 2 0 2 N
16 22 1 1 N
16 16 2 0 N
2 0 2 1 N
2 0 1 0 N
2 19 0 2 N
0 12 2 0 N
0 24 0 2 N
0 21 1 1 N
12 8 1 1 N
12 4 2 0 N
12 8 0 2 N
8 14 1 2 N
8 13 0 1 N
8 17 2 0 N
14 20 1 0 N
14 18 0 1 N
14 20 2 2 N
20 23 0 1 N
20 16 1 0 N
20 16 2 2 N
23 13 2 1 N
23 6 1 2 N
23 13 0 0 N
13 7 0 1 N
13 8 1 2 N
13 22 2 0 N
7 6 1 1 N
7 8 0 2 N
7 4 2 0 N
6 10 1 1 N
6 22 2 2 N
6 19 0 0 N
10 15 2 2 N
10 8 1 0 N
10 26 0 1 N
15 21 2 1 N
15 10 1 2 N
15 16 0 0 N
21 3 1 2 N
21 23 2 1 N
21 24 0 0 N
3 26 2 2 N
3 16 1 0 N
3 13 0 1 N
26 25 1 0 N
26 19 2 1 N
26 20 0 2 N
25 24 0 0 N
25 4 2 2 N
25 22 1 1 N
24 9 2 0 N
24 9 0 1 N
24 6 1 2 N
9 5 2 1 N
9 0 0 2 N
9 5 1 0 N
5 0 2 0 N
5 15 1 2 N
5 15 0 1 N
