2 23 0 1 S
2 23 2 2 S
2 19 1 0 S
23 6 1 2 N
23 22 0 0 N
23 24 2 1 N
6 10 0 0 N
6 17 1 1 N
6 20 2 2 N
10 18 1 0 N
10 14 2 2 N
10 0 0 1 N
18 25 2 1 N
18 24 0 0 N
18 20 1 2 N
25 19 0 0 N
25 0 2 2 N
25 9 1 1 N
19 4 2 0 N
19 15 0 2 N
19 5 1 1 N
4 13 0 2 N
4 5 2 1 N
4 7 1 0 N
13 11 0 1 N
13 11 1 2 N
13 5 2 0 N
11 1 1 1 N
11 13 2 0 N
11 14 0 2 N
1 5 2 1 N
1 22 0 0 N
1 15 1 2 N
5 12 2 1 N
5 9 1 2 N
5 9 0 0 N
12 21 2 1 N
12 23 0 2 N
12 0 1 0 N
21 14 1 0 N
21 14 0 2 N
21 25 2 1 N
14 3 0 2 N
14 12 1 1 N
14 25 2 0 N
3 16 2 2 N
3 21 0 1 N
3 2 1 0 N
16 8 0 2 N
16 19 1 0 N
16 22 2 1 N
8 24 2 1 N
8 23 0 2 N
8 22 1 0 N
24 17 1 1 N
24 12 0 0 N
24 16 2 2 N
17 26 1 0 N
17 1 2 2 N
17 20 0 1 N
26 22 0 1 N
26 19 1 0 N
26 2 2 2 N
22 7 1 1 N
22 5 2 2 N
22 9 0 0 N
7 15 1 0 N
7 13 0 2 N
7 20 2 1 N
15 20 2 2 N
15 8 0 1 N
15 22 1 0 N
20 0 1 0 N
20 23 2 2 N
20 2 0 1 N
0 9 1 2 N
0 20 0 0 N
0 22 2 1 N
9 14 2 1 N
9 22 0 0 N
9 9 1 2 N
