3 17 2 2 S
3 24 1 0 S
3 16 0 1 S
17 7 2 2 N
17 0 0 0 N
17 6 1 1 N
7 26 1 2 N
7 21 0 1 N
7 24 2 0 N
26 5 2 0 N
26 11 1 1 N
26 18 0 2 N
5 11 1 2 N
5 17 2 0 N
5 0 0 1 N
11 22 2 2 N
11 13 1 0 N
11 6 0 1 N
22 16 1 1 N
22 7 0 0 N
22 6 2 2 N
16 10 1 1 N
16 7 0 2 N
16 0 2 0 N
10 1 2 0 N
10 8 0 1 N
10 3 1 2 N
1 8 2 2 N
1 20 0 1 N
1 23 1 0 N
8 24 1 1 N
8 22 0 0 N
8 19 2 2 N
24 12 1 1 N
24 13 2 0 N
24 18 0 2 N
12 9 1 0 N
12 7 0 1 N
12 22 2 2 N
9 0 1 0 N
9 8 0 1 N
9 6 2 2 N
0 4 2 1 N
0 7 0 2 N
0 2 1 0 N
4 14 0 0 N
4 22 1 1 N
4 24 2 2 N
14 21 0 0 N
14 26 2 1 N
14 12 1 2 N
21 25 1 0 N
21 19 2 1 N
21 6 0 2 N
25 20 2 1 N
25 3 1 2 N
25 19 0 0 N
20 23 0 0 N
20 13 1 1 N
20 19 2 2 N
23 19 0 0 N
23 18 2 2 N
23 17 1 1 N
19 13 0 2 N
19 3 1 0 N
19 4 2 1 N
13 2 2 0 N
13 16 1 1 N
13 18 0 2 N
2 6 0 0 N
2 22 2 1 N
2 13 1 2 N
6 15 0 2 N
6 21 1 0 N
6 24 2 1 N
15 18 0 2 N
15 13 1 0 N
15 1 2 1 N
18 6 0 0 N
18 24 2 1 N
18 18 1 2 N
