2 23 1 2 S
2 12 2 0 S
2 5 0 1 S
23 14 1 0 N
23 22 2 1 N
23 16 0 2 N
14 18 1 2 N
14 3 2 1 N
14 5 0 0 N
18 20 0 1 N
18 21 2 2 N
18 12 1 0 N
20 8 1 0 N
20 17 0 2 N
20 21 2 1 N
8 7 1 1 N
8 25 0 2 N
8 3 2 0 N
7 6 1 2 N
7 22 2 1 N
7 11 0 0 N
6 9 2 2 N
6 12 0 1 N
6 14 1 0 N
9 0 1 0 N
9 11 2 2 N
9 11 0 1 N
0 19 1 1 N
0 20 0 0 N
0 9 2 2 N
19 10 0 0 N
19 11 1 2 N
19 16 2 1 N
10 1 1 1 N
10 5 0 2 N
10 5 2 0 N
1 16 0 0 N
1 8 1 2 N
1 7 2 1 N
16 15 2 0 N
16 26 1 1 N
16 2 0 2 N
15 11 0 1 N
15 12 1 2 N
15 14 2 0 N
11 12 2 1 N
11 17 0 2 N
11 25 1 0 N
12 24 0 2 N
12 25 1 1 N
12 22 2 0 N
24 17 0 0 N
24 2 1 2 N
24 25 2 1 N
17 5 1 1 N
17 13 2 0 N
17 24 0 2 N
5 13 1 1 N
5 1 0 2 N
5 17 2 0 N
13 21 1 1 N
13 26 0 2 N
13 26 2 0 N
21 22 0 0 N
21 12 1 2 N
21 2 2 1 N
22 26 1 2 N
22 2 2 1 N
22 26 0 0 N
26 4 0 1 N
26 17 2 2 N
26 25 1 0 N
4 3 1 2 N
4 19 0 1 N
4 14 2 0 N
3 25 1 2 N
3 5 0 0 N
3 16 2 1 N
25 2 2 1 N
25 24 1 0 N
25 25 0 2 N
