26 21 1 1 S
26 11 2 0 S
26 4 0 2 S
21 1 0 0 N
21 11 2 1 N
21 16 1 2 N
1 2 1 0 N
1 11 2 2 N
1 22 0 1 N
2 13 0 1 N
2 9 1 0 N
2 19 2 2 N
13 16 2 2 N
13 25 1 1 N
13 10 0 0 N
16 15 1 1 N
16 2 2 2 N
16 9 0 0 N
15 22 2 2 N
15 5 1 1 N
15 9 0 0 N
22 25 0 0 N
22 7 2 1 N
22 3 1 2 N
25 20 1 0 N
25 9 2 2 N
25 9 0 1 N
20 18 1 0 N
20 3 2 1 N
20 12 0 2 N
18 24 0 1 N
18 19 1 0 N
18 14 2 2 N
24 17 2 0 N
24 2 0 1 N
24 5 1 2 N
17 9 2 2 N
17 9 0 0 N
17 25 1 1 N
9 10 0 1 N
9 20 1 0 N
9 19 2 2 N
10 12 0 1 N
10 22 2 2 N
10 4 1 0 N
12 3 0 2 N
12 11 2 1 N
12 16 1 0 N
3 7 2 1 N
3 17 0 2 N
3 12 1 0 N
7 6 1 2 N
7 11 0 1 N
7 2 2 0 N
6 4 2 0 N
6 3 1 1 N
6 9 0 2 N
4 0 0 2 N
4 19 2 1 N
4 4 1 0 N
0 5 2 2 N
0 4 1 1 N
0 10 0 0 N
5 8 1 0 N
5 20 0 1 N
5 13 2 2 N
8 11 0 0 N
8 20 2 2 N
8 19 1 1 N
11 14 1 1 N
11 24 2 2 N
11 15 0 0 N
14 23 0 2 N
14 19 1 1 N
14 19 2 0 N
23 19 0 0 N
23 13 1 2 N
23 11 2 1 N
19 17 0 1 N
19 15 1 0 N
19 4 2 2 N
