19 0 2 2 S
19 17 0 0 S
19 12 1 1 S
0 14 2 2 N
0 24 1 1 N
0 7 0 0 N
14 18 2 2 N
14 0 1 1 N
14 16 0 0 N
18 12 1 1 N
18 0 0 0 N
18 25 2 2 N
12 10 1 2 N
12 1 2 1 N
12 25 0 0 N
10 6 1 2 N
10 12 2 1 N
10 2 0 0 N
6 25 1 2 N
6 17 0 0 N
6 25 2 1 N
25 1 2 2 N
25 16 1 1 N
25 25 0 0 N
1 20 0 1 N
1 12 2 0 N
1 3 1 2 N
20 11 0 2 N
20 18 1 0 N
20 25 2 1 N
11 22 0 2 N
11 4 1 1 N
11 19 2 0 N
22 2 0 0 N
22 18 1 2 N
22 7 2 1 N
2 5 1 2 N
2 0 2 1 N
2 6 0 0 N
5 3 1 1 N
5 19 0 2 N
5 14 2 0 N
3 21 2 1 N
3 6 1 2 N
3 25 0 0 N
21 9 2 0 N
21 22 0 2 N
21 3 1 1 N
9 7 1 2 N
9 5 2 1 N
9 16 0 0 N
7 4 2 0 N
7 18 1 2 N
7 16 0 1 N
4 24 0 2 N
4 0 2 1 N
4 12 1 0 N
24 13 2 2 N
24 17 1 1 N
24 6 0 0 N
13 15 0 0 N
13 0 2 2 N
13 0 1 1 N
15 23 1 0 N
15 3 2 1 N
15 12 0 2 N
23 26 2 2 N
23 25 0 0 N
23 24 1 1 N
26 17 2 2 N
26 9 1 1 N
26 12 0 0 N
17 8 2 0 N
17 15 0 2 N
17 18 1 1 N
8 16 0 1 N
8 10 2 2 N
8 2 1 0 N
16 7 0 0 N
16 7 1 1 N
16 25 2 2 N
