23 19 2 1 S
23 22 0 2 S
23 4 1 0 S
19 5 0 1 N
19 7 1 0 N
19 8 2 2 N
5 14 0 2 N
5 20 1 0 N
5 11 2 1 N
14 13 1 0 N
14 17 0 2 N
14 23 2 1 N
13 0 2 0 N
13 21 0 1 N
13 10 1 2 N
0 11 1 2 N
0 2 2 0 N
0 7 0 1 N
11 10 0 0 N
11 2 1 2 N
11 18 2 1 N
10 22 1 0 N
10 8 0 2 N
10 10 2 1 N
22 3 1 2 N
22 7 0 1 N
22 20 2 0 N
3 2 0 0 N
3 21 1 2 N
3 4 2 1 N
2 4 2 0 N
2 7 1 2 N
2 15 0 1 N
4 12 2 1 N
4 7 0 0 N
4 18 1 2 N
12 8 1 2 N
12 6 0 1 N
12 17 2 0 N
8 26 0 1 N
8 1 1 2 N
8 18 2 0 N
26 20 2 2 N
26 22 1 0 N
26 20 0 1 N
20 24 1 1 N
20 23 2 2 N
20 11 0 0 N
24 25 2 2 N
24 11 1 1 N
24 18 0 0 N
25 7 1 2 N
25 8 0 0 N
25 11 2 1 N
7 15 0 2 N
7 8 1 1 N
7 1 2 0 N
15 1 2 1 N
15 4 0 0 N
15 21 1 2 N
1 6 1 0 N
1 13 0 2 N
1 13 2 1 N
6 16 1 2 N
6 24 2 1 N
6 26 0 0 N
16 9 2 0 N
16 0 1 2 N
16 8 0 1 N
9 17 0 0 N
9 22 1 2 N
9 3 2 1 N
17 18 2 1 N
17 13 1 2 N
17 5 0 0 N
18 21 2 1 N
18 10 0 2 N
18 10 1 0 N
21 17 0 0 N
21 13 2 2 N
21 13 1 1 N
