1 0 2 0 S
1 11 1 1 S
1 18 0 2 S
0 10 2 2 N
0 1 1 1 N
0 25 0 0 N
10 24 0 2 N
10 12 2 0 N
10 12 1 1 N
24 14 1 0 N
24 6 0 1 N
24 6 2 2 N
14 2 0 1 N
14 20 2 2 N
14 22 1 0 N
2 16 0 1 N
2 21 2 0 N
2 4 1 2 N
16 11 2 0 N
16 12 1 1 N
16 13 0 2 N
11 20 0 2 N
11 0 1 0 N
11 22 2 1 N
20 7 0 1 N
20 3 2 2 N
20 24 1 0 N
7 6 0 1 N
7 9 2 2 N
7 14 1 0 N
6 13 0 0 N
6 9 2 1 N
6 3 1 2 N
13 22 0 0 N
13 16 2 2 N
13 22 1 1 N
22 18 1 1 N
22 12 2 2 N
22 3 0 0 N
18 4 0 0 N
18 10 1 2 N
18 25 2 1 N
4 26 1 2 N
4 9 2 1 N
4 6 0 0 N
26 5 2 2 N
26 10 0 1 N
26 20 1 0 N
5 19 2 1 N
5 13 0 2 N
5 0 1 0 N
19 9 1 1 N
19 8 0 0 N
19 11 2 2 N
9 23 0 2 N
9 16 1 0 N
9 25 2 1 N
23 15 2 2 N
23 1 0 0 N
23 25 1 1 N
15 21 0 0 N
15 19 1 1 N
15 14 2 2 N
21 12 2 1 N
21 3 1 0 N
21 22 0 2 N
12 17 1 2 N
12 22 0 1 N
12 3 2 0 N
17 25 0 0 N
17 18 2 2 N
17 22 1 1 N
25 8 1 0 N
25 9 2 1 N
25 3 0 2 N
8 3 0 2 N
8 6 2 0 N
8 16 1 1 N
3 10 0 0 N
3 11 2 1 N
3 3 1 2 N
