12 19 2 1 S
12 16 1 0 S
12 13 0 2 S
19 1 1 0 N
19 17 2 1 N
19 15 0 2 N
1 11 1 2 N
1 26 2 1 N
1 11 0 0 N
11 10 2 1 N
11 22 0 2 N
11 22 1 0 N
10 13 1 0 N
10 5 0 1 N
10 8 2 2 N
13 8 0 0 N
13 2 1 1 N
13 8 2 2 N
8 4 0 1 N
8 8 2 2 N
8 8 1 0 N
4 16 0 1 N
4 26 2 0 N
4 6 1 2 N
16 5 2 0 N
16 24 0 2 N
16 17 1 1 N
5 15 2 2 N
5 3 0 1 N
5 2 1 0 N
15 6 1 0 N
15 20 0 2 N
15 6 2 1 N
6 20 2 1 N
6 0 1 2 N
6 10 0 0 N
20 2 0 2 N
20 25 2 1 N
20 4 1 0 N
2 0 0 2 N
2 20 2 0 N
2 1 1 1 N
0 3 0 1 N
0 3 2 0 N
0 21 1 2 N
3 17 0 1 N
3 1 2 0 N
3 13 1 2 N
17 9 1 2 N
17 14 2 1 N
17 8 0 0 N
9 18 0 2 N
9 18 1 1 N
9 8 2 0 N
18 21 0 2 N
18 23 2 1 N
18 1 1 0 N
21 26 1 2 N
21 13 2 1 N
21 22 0 0 N
26 22 2 2 N
26 22 1 0 N
26 8 0 1 N
22 7 0 1 N
22 8 1 2 N
22 8 2 0 N
7 25 0 1 N
7 8 1 2 N
7 3 2 0 N
25 23 0 0 N
25 12 2 1 N
25 8 1 2 N
23 24 0 0 N
23 20 2 1 N
23 21 1 2 N
24 14 2 0 N
24 10 0 1 N
24 8 1 2 N
14 21 1 2 N
14 17 2 1 N
14 21 0 0 N
