9 19 0 1 S
9 25 2 0 S
9 20 1 2 S
19 5 2 0 N
19 6 0 1 N
19 15 1 2 N
5 20 1 0 N
5 23 0 2 N
5 11 2 1 N
20 6 1 1 N
20 22 2 2 N
20 3 0 0 N
6 14 0 2 N
6 19 1 0 N
6 0 2 1 N
14 8 2 1 N
14 21 0 2 N
14 22 1 0 N
8 7 1 1 N
8 24 0 2 N
8 7 2 0 N
7 11 1 0 N
7 18 0 2 N
7 25 2 1 N
11 0 1 2 N
11 15 0 1 N
11 20 2 0 N
0 1 2 1 N
0 13 0 0 N
0 24 1 2 N
1 13 2 1 N
1 23 0 2 N
1 3 1 0 N
13 2 2 1 N
13 24 1 2 N
13 22 0 0 N
2 22 0 2 N
2 13 1 1 N
2 20 2 0 N
22 12 2 0 N
22 23 1 1 N
22 12 0 2 N
12 23 0 2 N
12 3 1 0 N
12 15 2 1 N
23 25 1 2 N
23 3 2 0 N
23 1 0 1 N
25 24 1 0 N
25 24 0 2 N
25 10 2 1 N
24 10 1 2 N
24 13 0 1 N
24 3 2 0 N
10 26 2 0 N
10 3 0 2 N
10 10 1 1 N
26 3 0 2 N
26 7 2 0 N
26 20 1 1 N
3 4 2 2 N
3 24 1 1 N
3 15 0 0 N
4 17 0 0 N
4 22 2 2 N
4 9 1 1 N
17 21 0 0 N
17 4 1 1 N
17 5 2 2 N
21 16 0 1 N
21 6 2 2 N
21 18 1 0 N
16 18 1 2 N
16 24 2 1 N
16 11 0 0 N
18 15 1 2 N
18 13 0 1 N
18 12 2 0 N
15 25 1 0 N
15 23 0 1 N
15 10 2 2 N
