2 8 0 0 S
2 23 2 2 S
2 10 1 1 S
8 18 0 2 N
8 16 2 1 N
8 5 1 0 N
18 24 0 0 N
18 25 1 1 N
18 7 2 2 N
24 0 1 2 N
24 12 2 1 N
24 9 0 0 N
0 26 2 0 N
0 18 0 1 N
0 24 1 2 N
26 14 2 0 N
26 23 0 1 N
26 26 1 2 N
14 25 1 0 N
14 26 2 2 N
14 26 0 1 N
25 22 1 2 N
25 17 2 1 N
25 5 0 0 N
22 19 0 1 N
22 24 2 2 N
22 25 1 0 N
19 5 1 2 N
19 10 2 0 N
19 9 0 1 N
5 21 0 0 N
5 26 1 2 N
5 26 2 1 N
21 17 0 1 N
21 2 2 2 N
21 11 1 0 N
17 10 1 1 N
17 25 2 2 N
17 5 0 0 N
10 20 0 0 N
10 16 1 1 N
10 5 2 2 N
20 16 1 0 N
20 8 0 1 N
20 21 2 2 N
16 12 2 1 N
16 23 0 0 N
16 4 1 2 N
12 23 1 2 N
12 5 2 1 N
12 5 0 0 N
23 9 2 0 N
23 16 1 2 N
23 6 0 1 N
9 7 0 0 N
9 25 1 2 N
9 26 2 1 N
7 13 0 2 N
7 6 1 1 N
7 9 2 0 N
13 6 0 1 N
13 11 2 0 N
13 9 1 2 N
6 4 1 2 N
6 16 0 0 N
6 4 2 1 N
4 3 1 0 N
4 12 0 2 N
4 26 2 1 N
3 15 1 0 N
3 0 2 1 N
3 11 0 2 N
15 1 2 1 N
15 26 0 0 N
15 7 1 2 N
1 11 1 0 N
1 3 2 1 N
1 14 0 2 N
11 21 1 2 N
11 9 2 0 N
11 5 0 1 N
