7 1 0 1 S
7 23 1 0 S
7 0 2 2 S
1 2 0 2 N
1 0 1 0 N
1 9 2 1 N
2 23 0 2 N
2 21 2 1 N
2 18 1 0 N
23 12 2 2 N
23 0 0 0 N
23 5 1 1 N
12 18 2 0 N
12 18 0 1 N
12 22 1 2 N
18 9 2 1 N
18 20 0 0 N
18 20 1 2 N
9 3 1 2 N
9 5 2 1 N
9 8 0 0 N
3 16 2 0 N
3 12 1 1 N
3 24 0 2 N
16 24 2 0 N
16 5 0 1 N
16 8 1 2 N
24 25 0 1 N
24 9 1 0 N
24 8 2 2 N
25 15 0 0 N
25 2 1 1 N
25 24 2 2 N
15 0 0 0 N
15 20 1 1 N
15 22 2 2 N
0 20 1 1 N
0 8 2 0 N
0 9 0 2 N
20 10 1 0 N
20 5 2 1 N
20 23 0 2 N
10 17 0 1 N
10 9 2 0 N
10 14 1 2 N
17 4 2 1 N
17 18 0 2 N
17 23 1 0 N
4 14 1 2 N
4 5 0 0 N
4 22 2 1 N
14 26 0 1 N
14 9 2 0 N
14 12 1 2 N
26 21 0 1 N
26 17 1 2 N
26 8 2 0 N
21 6 0 1 N
21 19 2 2 N
21 22 1 0 N
6 5 1 2 N
6 8 2 0 N
6 1 0 1 N
5 22 1 2 N
5 23 0 0 N
5 8 2 1 N
22 13 0 1 N
22 4 1 2 N
22 8 2 0 N
13 8 2 2 N
13 23 0 0 N
13 16 1 1 N
8 11 1 2 N
8 12 0 0 N
8 8 2 1 N
11 19 2 1 N
11 4 0 0 N
11 0 1 2 N
19 16 0 1 N
19 23 2 2 N
19 1 1 0 N
