8 19 2 1 S
8 12 0 2 S
8 22 1 0 S
19 18 1 0 N
19 0 2 2 N
19 7 0 1 N
18 23 1 2 N
18 14 0 1 N
18 0 2 0 N
23 10 2 1 N
23 20 1 0 N
23 14 0 2 N
10 22 1 2 N
10 3 2 1 N
10 19 0 0 N
22 20 0 1 N
22 11 1 0 N
22 1 2 2 N
20 15 1 2 N
20 14 2 1 N
20 1 0 0 N
15 24 0 1 N
15 26 1 2 N
15 16 2 0 N
24 17 2 0 N
24 26 0 1 N
24 0 1 2 N
17 6 1 0 N
17 16 2 2 N
17 19 0 1 N
6 3 1 0 N
6 26 2 1 N
6 2 0 2 N
3 1 2 2 N
3 26 0 0 N
3 26 1 1 N
1 14 1 2 N
1 3 2 1 N
1 26 0 0 N
14 16 1 0 N
14 0 0 2 N
14 3 2 1 N
16 5 0 1 N
16 4 1 2 N
16 1 2 0 N
5 2 0 0 N
5 19 2 1 N
5 8 1 2 N
2 7 2 0 N
2 17 1 2 N
2 19 0 1 N
7 12 2 0 N
7 19 1 2 N
7 7 0 1 N
12 25 2 2 N
12 26 0 0 N
12 10 1 1 N
25 11 0 2 N
25 4 2 1 N
25 18 1 0 N
11 4 0 1 N
11 7 1 2 N
11 5 2 0 N
4 21 1 0 N
4 7 0 2 N
4 17 2 1 N
21 9 0 2 N
21 13 2 0 N
21 2 1 1 N
9 0 1 0 N
9 3 2 2 N
9 19 0 1 N
0 13 1 1 N
0 14 0 2 N
0 26 2 0 N
13 26 0 2 N
13 3 1 1 N
13 26 2 0 N
26 0 2 0 N
26 19 0 2 N
26 7 1 1 N
