4 3 1 1 S
4 4 2 2 S
4 4 0 0 S
3 15 0 0 N
3 10 2 1 N
3 19 1 2 N
15 24 2 2 N
15 17 0 1 N
15 4 1 0 N
24 17 0 2 N
24 9 1 0 N
24 15 2 1 N
17 11 2 0 N
17 25 1 2 N
17 4 0 1 N
11 25 1 1 N
11 4 0 0 N
11 18 2 2 N
25 16 1 0 N
25 21 2 1 N
25 7 0 2 N
16 12 0 2 N
16 7 1 0 N
16 2 2 1 N
12 9 1 2 N
12 8 0 1 N
12 20 2 0 N
9 6 0 0 N
9 22 2 1 N
9 7 1 2 N
6 8 2 1 N
6 20 1 2 N
6 11 0 0 N
8 18 2 1 N
8 2 0 2 N
8 17 1 0 N
18 23 1 1 N
18 26 2 0 N
18 7 0 2 N
23 5 1 2 N
23 7 0 1 N
23 5 2 0 N
5 20 1 1 N
5 14 2 2 N
5 10 0 0 N
20 19 0 1 N
20 22 2 2 N
20 22 1 0 N
19 13 2 2 N
19 10 1 1 N
19 21 0 0 N
13 10 1 1 N
13 11 0 2 N
13 5 2 0 N
10 22 2 2 N
10 19 1 0 N
10 21 0 1 N
22 26 2 1 N
22 21 1 0 N
22 5 0 2 N
26 0 0 0 N
26 18 1 1 N
26 10 2 2 N
0 14 1 0 N
0 10 2 2 N
0 10 0 1 N
14 2 2 0 N
14 20 0 2 N
14 17 1 1 N
2 21 1 1 N
2 14 0 0 N
2 25 2 2 N
21 1 1 0 N
21 4 0 1 N
21 4 2 2 N
1 7 0 2 N
1 13 1 0 N
1 19 2 1 N
7 17 1 1 N
7 14 0 0 N
7 21 2 2 N
