26 13 1 2 S
26 2 0 0 S
26 4 2 1 S
13 20 0 0 N
13 24 1 2 N
13 4 2 1 N
20 10 0 0 N
20 11 2 1 N
20 1 1 2 N
10 2 0 2 N
10 25 1 1 N
10 10 2 0 N
2 24 2 2 N
2 25 0 1 N
2 10 1 0 N
24 25 1 1 N
24 0 2 0 N
24 10 0 2 N
25 5 1 2 N
25 0 0 1 N
25 10 2 0 N
5 0 1 2 N
5 11 0 0 N
5 22 2 1 N
0 15 1 2 N
0 24 2 1 N
0 24 0 0 N
15 8 2 1 N
15 4 1 2 N
15 13 0 0 N
8 4 0 1 N
8 24 1 2 N
8 0 2 0 N
4 12 0 0 N
4 7 2 1 N
4 23 1 2 N
12 19 0 1 N
12 26 2 0 N
12 3 1 2 N
19 18 1 0 N
19 17 0 1 N
19 2 2 2 N
18 6 0 2 N
18 4 2 0 N
18 26 1 1 N
6 11 0 1 N
6 13 1 2 N
6 24 2 0 N
11 23 1 0 N
11 9 2 2 N
11 10 0 1 N
23 14 2 0 N
23 10 1 2 N
23 25 0 1 N
14 22 1 1 N
14 0 2 2 N
14 25 0 0 N
22 21 1 1 N
22 20 2 0 N
22 0 0 2 N
21 9 1 0 N
21 18 0 2 N
21 14 2 1 N
9 7 1 1 N
9 18 2 2 N
9 24 0 0 N
7 1 0 2 N
7 21 1 0 N
7 20 2 1 N
1 16 0 0 N
1 22 2 2 N
1 0 1 1 N
16 17 0 1 N
16 6 2 0 N
16 6 1 2 N
17 3 0 1 N
17 26 2 0 N
17 8 1 2 N
3 20 0 2 N
3 0 2 0 N
3 9 1 1 N
