0 13 2 1 S
0 8 1 2 S
0 9 0 0 S
13 24 2 1 N
13 1 1 2 N
13 5 0 0 N
24 12 2 0 N
24 26 1 1 N
24 17 0 2 N
12 19 2 2 N
12 26 0 0 N
12 11 1 1 N
19 3 0 2 N
19 22 2 1 N
19 8 1 0 N
3 9 2 0 N
3 5 0 1 N
3 22 1 2 N
9 11 1 0 N
9 6 0 2 N
9 20 2 1 N
11 22 0 1 N
11 21 2 0 N
11 15 1 2 N
22 4 0 0 N
22 4 1 2 N
22 22 2 1 N
4 5 0 1 N
4 8 2 2 N
4 17 1 0 N
5 10 0 0 N
5 22 1 1 N
5 3 2 2 N
10 6 0 2 N
10 11 2 1 N
10 11 1 0 N
6 26 0 1 N
6 17 2 0 N
6 22 1 2 N
26 25 1 2 N
26 10 0 1 N
26 19 2 0 N
25 23 2 1 N
25 11 1 0 N
25 6 0 2 N
23 2 1 1 N
23 18 2 0 N
23 9 0 2 N
2 14 1 0 N
2 7 2 2 N
2 6 0 1 N
14 7 2 1 N
14 19 0 0 N
14 15 1 2 N
7 20 1 1 N
7 23 0 2 N
7 2 2 0 N
20 18 0 2 N
20 4 2 1 N
20 18 1 0 N
18 15 0 0 N
18 11 2 1 N
18 8 1 2 N
15 8 2 1 N
15 22 1 0 N
15 17 0 2 N
8 1 2 0 N
8 18 1 2 N
8 14 0 1 N
1 16 0 2 N
1 8 1 0 N
1 18 2 1 N
16 17 1 0 N
16 13 2 2 N
16 5 0 1 N
17 21 2 2 N
17 3 0 0 N
17 6 1 1 N
21 16 0 2 N
21 6 1 1 N
21 3 2 0 N
