14 9 2 0 S
14 5 0 1 S
14 14 1 2 S
9 1 1 1 N
9 18 0 2 N
9 6 2 0 N
1 2 1 0 N
1 13 2 1 N
1 13 0 2 N
2 22 1 0 N
2 14 0 1 N
2 13 2 2 N
22 24 0 2 N
22 7 1 0 N
22 13 2 1 N
24 11 2 1 N
24 10 1 0 N
24 11 0 2 N
11 13 0 0 N
11 25 2 2 N
11 3 1 1 N
13 23 2 0 N
13 11 1 1 N
13 7 0 2 N
23 6 2 2 N
23 0 1 0 N
23 14 0 1 N
6 20 2 2 N
6 14 1 0 N
6 14 0 1 N
20 7 0 2 N
20 23 2 1 N
20 23 1 0 N
7 12 2 1 N
7 11 0 0 N
7 3 1 2 N
12 4 2 1 N
12 6 1 2 N
12 17 0 0 N
4 3 0 2 N
4 11 2 1 N
4 21 1 0 N
3 0 0 1 N
3 19 1 2 N
3 14 2 0 N
0 16 0 2 N
0 5 2 1 N
0 23 1 0 N
16 10 0 1 N
16 13 1 2 N
16 10 2 0 N
10 8 2 0 N
10 4 1 1 N
10 3 0 2 N
8 25 1 0 N
8 18 2 1 N
8 23 0 2 N
25 21 1 0 N
25 14 2 1 N
25 7 0 2 N
21 19 2 2 N
21 8 1 0 N
21 8 0 1 N
19 17 0 2 N
19 6 1 1 N
19 5 2 0 N
17 15 1 2 N
17 0 2 0 N
17 23 0 1 N
15 5 2 1 N
15 13 0 2 N
15 4 1 0 N
5 18 1 1 N
5 24 2 2 N
5 6 0 0 N
18 26 0 2 N
18 7 1 1 N
18 14 2 0 N
26 14 0 1 N
26 14 1 0 N
26 14 2 2 N
