1 19 0 2 S
1 0 1 0 S
1 20 2 1 S
19 2 2 2 N
19 12 1 1 N
19 0 0 0 N
2 7 1 2 N
2 12 0 1 N
2 0 2 0 N
7 10 0 1 N
7 13 2 0 N
7 4 1 2 N
10 26 2 1 N
10 13 1 2 N
10 24 0 0 N
26 15 0 2 N
26 24 1 0 N
26 24 2 1 N
15 8 0 2 N
15 14 2 1 N
15 20 1 0 N
8 18 0 2 N
8 19 2 1 N
8 19 1 0 N
18 24 0 2 N
18 19 2 0 N
18 8 1 1 N
24 25 1 2 N
24 12 0 1 N
24 20 2 0 N
25 0 2 1 N
25 9 0 0 N
25 12 1 2 N
0 9 0 1 N
0 12 1 2 N
0 20 2 0 N
9 21 2 2 N
9 8 0 1 N
9 2 1 0 N
21 13 0 0 N
21 11 2 1 N
21 4 1 2 N
13 4 0 1 N
13 19 1 2 N
13 7 2 0 N
4 14 1 1 N
4 19 0 0 N
4 8 2 2 N
14 5 1 1 N
14 11 2 2 N
14 10 0 0 N
5 17 2 1 N
5 13 0 0 N
5 16 1 2 N
17 22 2 1 N
17 13 1 2 N
17 6 0 0 N
22 12 0 0 N
22 10 1 2 N
22 12 2 1 N
12 6 1 1 N
12 14 2 0 N
12 24 0 2 N
6 16 0 1 N
6 22 2 0 N
6 21 1 2 N
16 20 1 1 N
16 11 2 0 N
16 2 0 2 N
20 11 2 1 N
20 19 0 0 N
20 20 1 2 N
11 3 1 1 N
11 0 0 0 N
11 18 2 2 N
3 23 2 1 N
3 13 1 0 N
3 25 0 2 N
23 24 0 1 N
23 12 1 0 N
23 21 2 2 N
