11 4 1 2 S
11 5 0 1 S
11 15 2 0 S
4 13 0 2 N
4 23 2 1 N
4 17 1 0 N
13 8 0 1 N
13 12 1 0 N
13 22 2 2 N
8 25 0 2 N
8 9 2 0 N
8 15 1 1 N
25 7 1 0 N
25 23 0 2 N
25 4 2 1 N
7 9 1 2 N
7 1 0 1 N
7 1 2 0 N
9 19 1 1 N
9 16 0 2 N
9 2 2 0 N
19 5 2 0 N
19 16 0 1 N
19 15 1 2 N
5 20 1 0 N
5 16 0 2 N
5 13 2 1 N
20 0 2 1 N
20 12 1 0 N
20 15 0 2 N
0 1 0 1 N
0 6 1 2 N
0 19 2 0 N
1 15 1 0 N
1 15 0 1 N
1 15 2 2 N
15 17 1 2 N
15 15 2 1 N
15 15 0 0 N
17 2 1 1 N
17 23 0 2 N
17 19 2 0 N
2 26 1 2 N
2 15 2 0 N
2 22 0 1 N
26 18 2 1 N
26 8 0 2 N
26 25 1 0 N
18 10 0 2 N
18 26 1 0 N
18 8 2 1 N
10 24 2 2 N
10 24 0 1 N
10 15 1 0 N
24 14 0 1 N
24 23 1 2 N
24 23 2 0 N
14 23 2 1 N
14 20 0 2 N
14 17 1 0 N
23 3 1 0 N
23 21 0 1 N
23 22 2 2 N
3 21 1 0 N
3 21 0 2 N
3 12 2 1 N
21 22 0 0 N
21 9 1 2 N
21 8 2 1 N
22 12 0 2 N
22 0 1 1 N
22 20 2 0 N
12 6 0 0 N
12 8 2 2 N
12 17 1 1 N
6 16 2 1 N
6 17 0 2 N
6 4 1 0 N
16 17 2 2 N
16 12 1 1 N
16 15 0 0 N
