3 9 0 2 S
3 13 2 1 S
3 0 1 0 S
9 24 1 1 N
9 15 2 2 N
9 0 0 0 N
24 7 0 2 N
24 18 2 0 N
24 26 1 1 N
7 12 0 2 N
7 3 2 1 N
7 13 1 0 N
12 10 2 2 N
12 26 0 1 N
12 8 1 0 N
10 25 2 1 N
10 16 0 2 N
10 9 1 0 N
25 4 0 1 N
25 10 2 0 N
25 0 1 2 N
4 22 2 1 N
4 17 0 0 N
4 21 1 2 N
22 15 2 1 N
22 21 0 2 N
22 16 1 0 N
15 0 2 1 N
15 12 1 0 N
15 18 0 2 N
0 16 0 0 N
0 24 2 1 N
0 13 1 2 N
16 5 2 1 N
16 17 1 0 N
16 13 0 2 N
5 21 0 0 N
5 9 1 2 N
5 16 2 1 N
21 20 1 1 N
21 13 2 0 N
21 23 0 2 N
20 11 0 1 N
20 13 2 2 N
20 8 1 0 N
11 2 2 0 N
11 0 0 2 N
11 21 1 1 N
2 26 0 0 N
2 0 2 1 N
2 8 1 2 N
26 18 0 0 N
26 22 2 1 N
26 14 1 2 N
18 14 0 2 N
18 21 2 1 N
18 23 1 0 N
14 8 2 2 N
14 12 1 1 N
14 2 0 0 N
8 6 0 2 N
8 8 2 0 N
8 8 1 1 N
6 19 0 1 N
6 9 1 0 N
6 1 2 2 N
19 13 1 0 N
19 11 0 2 N
19 7 2 1 N
13 17 2 0 N
13 8 0 2 N
13 8 1 1 N
17 1 1 0 N
17 25 0 2 N
17 7 2 1 N
1 23 1 2 N
1 10 0 1 N
1 9 2 0 N
23 16 1 1 N
23 18 2 2 N
23 0 0 0 N
