22 1 2 0 S
22 9 1 2 S
22 13 0 1 S
1 25 0 1 N
1 7 1 0 N
1 23 2 2 N
25 11 2 2 N
25 7 1 0 N
25 4 0 1 N
11 24 0 1 N
11 18 1 0 N
11 8 2 2 N
24 2 0 0 N
24 3 1 1 N
24 10 2 2 N
2 0 2 1 N
2 7 0 0 N
2 3 1 2 N
0 8 0 2 N
0 12 2 1 N
0 11 1 0 N
8 5 1 2 N
8 4 2 1 N
8 10 0 0 N
5 23 1 2 N
5 0 2 1 N
5 16 0 0 N
23 14 2 0 N
23 7 1 1 N
23 16 0 2 N
14 20 2 0 N
14 12 0 2 N
14 8 1 1 N
20 6 2 0 N
20 11 0 2 N
20 4 1 1 N
6 4 2 1 N
6 9 1 0 N
6 4 0 2 N
4 17 2 0 N
4 10 1 2 N
4 10 0 1 N
17 19 2 0 N
17 4 1 1 N
17 4 0 2 N
19 26 2 0 N
19 8 0 1 N
19 4 1 2 N
26 7 2 1 N
26 7 0 2 N
26 20 1 0 N
7 21 0 0 N
7 18 1 1 N
7 4 2 2 N
21 3 1 1 N
21 18 2 2 N
21 2 0 0 N
3 13 1 2 N
3 25 0 0 N
3 7 2 1 N
13 15 0 1 N
13 21 2 0 N
13 15 1 2 N
15 9 1 2 N
15 5 2 1 N
15 17 0 0 N
9 16 2 2 N
9 8 1 0 N
9 19 0 1 N
16 18 1 0 N
16 4 2 2 N
16 4 0 1 N
18 12 2 1 N
18 8 1 0 N
18 10 0 2 N
12 10 1 1 N
12 16 2 0 N
12 18 0 2 N
10 9 0 1 N
10 19 1 0 N
10 10 2 2 N
