19 22 1 1 S
19 4 0 0 S
19 19 2 2 S
22 0 0 0 N
22 12 2 2 N
22 19 1 1 N
0 21 0 2 N
0 25 2 1 N
0 11 1 0 N
21 25 2 1 N
21 11 0 2 N
21 17 1 0 N
25 4 0 2 N
25 5 2 1 N
25 18 1 0 N
4 26 1 2 N
4 11 0 1 N
4 19 2 0 N
26 7 2 1 N
26 19 1 2 N
26 15 0 0 N
7 12 1 2 N
7 20 0 1 N
7 11 2 0 N
12 11 1 2 N
12 11 0 0 N
12 20 2 1 N
11 20 2 2 N
11 18 1 1 N
11 1 0 0 N
20 17 0 1 N
20 19 2 0 N
20 19 1 2 N
17 5 0 1 N
17 4 2 2 N
17 19 1 0 N
5 14 0 2 N
5 12 2 0 N
5 4 1 1 N
14 10 2 2 N
14 10 1 1 N
14 18 0 0 N
10 6 0 1 N
10 18 2 2 N
10 11 1 0 N
6 18 2 2 N
6 4 0 1 N
6 3 1 0 N
18 16 1 2 N
18 2 0 1 N
18 19 2 0 N
16 3 1 2 N
16 12 2 0 N
16 11 0 1 N
3 2 1 1 N
3 6 2 2 N
3 19 0 0 N
2 15 0 2 N
2 5 1 0 N
2 4 2 1 N
15 9 2 0 N
15 19 0 1 N
15 4 1 2 N
9 1 0 1 N
9 16 1 2 N
9 11 2 0 N
1 23 1 0 N
1 20 0 1 N
1 19 2 2 N
23 24 1 2 N
23 15 0 1 N
23 6 2 0 N
24 8 0 2 N
24 3 1 1 N
24 20 2 0 N
8 13 1 0 N
8 9 0 1 N
8 6 2 2 N
13 25 2 2 N
13 17 1 0 N
13 22 0 1 N
