7 19 2 1 S
7 21 0 2 S
7 13 1 0 S
19 2 2 2 N
19 16 1 1 N
19 16 0 0 N
2 1 0 0 N
2 8 1 2 N
2 8 2 1 N
1 22 1 0 N
1 8 2 1 N
1 12 0 2 N
22 6 0 2 N
22 9 1 0 N
22 13 2 1 N
6 26 2 1 N
6 0 0 2 N
6 26 1 0 N
26 17 0 0 N
26 0 1 1 N
26 1 2 2 N
17 0 2 1 N
17 1 1 2 N
17 8 0 0 N
0 3 0 2 N
0 8 2 1 N
0 3 1 0 N
3 23 0 0 N
3 25 1 1 N
3 5 2 2 N
23 15 1 2 N
23 10 0 1 N
23 5 2 0 N
15 14 2 1 N
15 24 0 0 N
15 12 1 2 N
14 16 0 1 N
14 20 1 2 N
14 15 2 0 N
16 10 2 1 N
16 4 0 2 N
16 14 1 0 N
10 18 0 0 N
10 2 1 1 N
10 6 2 2 N
18 11 0 1 N
18 26 2 0 N
18 0 1 2 N
11 25 1 2 N
11 26 2 0 N
11 17 0 1 N
25 9 1 2 N
25 0 0 0 N
25 8 2 1 N
9 24 0 2 N
9 5 2 0 N
9 2 1 1 N
24 12 0 1 N
24 8 2 2 N
24 3 1 0 N
12 13 1 0 N
12 9 0 1 N
12 2 2 2 N
13 8 0 2 N
13 16 2 0 N
13 15 1 1 N
8 20 1 0 N
8 17 0 1 N
8 8 2 2 N
20 4 1 1 N
20 6 0 2 N
20 2 2 0 N
4 21 1 2 N
4 15 0 0 N
4 11 2 1 N
21 5 0 2 N
21 24 2 0 N
21 5 1 1 N
5 18 2 0 N
5 1 0 2 N
5 2 1 1 N
