9 1 1 0 S
9 10 2 2 S
9 12 0 1 S
1 2 0 1 N
1 3 1 2 N
1 27 2 0 N
2 16 2 0 N
2 4 1 1 N
2 13 0 2 N
16 11 1 1 N
16 21 0 2 N
16 17 2 0 N
11 21 0 2 N
11 13 2 0 N
11 17 1 1 N
21 19 2 2 N
21 1 1 1 N
21 17 0 0 N
19 14 0 0 N
19 12 2 2 N
19 17 1 1 N
14 6 2 1 N
14 13 0 0 N
14 11 1 2 N
6 17 1 0 N
6 11 2 1 N
6 21 0 2 N
17 23 2 0 N
17 27 1 2 N
17 25 0 1 N
23 8 1 0 N
23 5 0 1 N
23 15 2 2 N
8 26 0 0 N
8 21 2 1 N
8 14 1 2 N
26 12 1 2 N
26 25 0 0 N
26 17 2 1 N
12 7 0 1 N
12 10 1 2 N
12 10 2 0 N
7 0 1 0 N
7 21 0 1 N
7 3 2 2 N
0 18 0 2 N
0 20 1 1 N
0 11 2 0 N
18 4 2 0 N
18 9 1 2 N
18 1 0 1 N
4 3 1 0 N
4 1 0 2 N
4 11 2 1 N
3 27 2 0 N
3 0 0 2 N
3 14 1 1 N
27 24 0 2 N
27 17 1 1 N
27 11 2 0 N
24 25 2 2 N
24 20 1 0 N
24 4 0 1 N
25 5 0 0 N
25 13 2 1 N
25 25 1 2 N
5 22 1 1 N
5 4 2 2 N
5 11 0 0 N
22 10 1 2 N
22 0 0 0 N
22 11 2 1 N
10 13 1 2 N
10 25 2 1 N
10 25 0 0 N
13 15 0 2 N
13 25 2 0 N
13 17 1 1 N
15 28 1 2 N
15 16 0 1 N
15 20 2 0 N
28 20 0 1 N
28 6 2 2 N
28 19 1 0 N
20 21 0 2 N
20 9 2 0 N
20 10 1 1 N
