18 26 2 0 S
18 0 1 2 S
18 22 0 1 S
26 19 2 2 N
26 12 0 0 N
26 4 1 1 N
19 23 1 0 N
19 9 2 1 N
19 5 0 2 N
23 2 2 1 N
23 27 1 0 N
23 21 0 2 N
2 25 0 0 N
2 21 1 2 N
2 0 2 1 N
25 17 2 2 N
25 21 1 1 N
25 3 0 0 N
17 15 2 1 N
17 4 0 2 N
17 25 1 0 N
15 11 0 2 N
15 7 1 0 N
15 5 2 1 N
11 27 0 0 N
11 1 2 2 N
11 22 1 1 N
27 20 0 1 N
27 13 1 2 N
27 7 2 0 N
20 7 1 1 N
20 8 0 0 N
20 16 2 2 N
7 13 1 0 N
7 21 0 1 N
7 15 2 2 N
13 1 1 0 N
13 16 2 2 N
13 7 0 1 N
1 3 0 2 N
1 13 2 1 N
1 5 1 0 N
3 5 2 1 N
3 5 0 2 N
3 3 1 0 N
5 9 0 0 N
5 22 1 2 N
5 22 2 1 N
9 14 1 0 N
9 18 0 1 N
9 22 2 2 N
14 10 1 2 N
14 9 2 0 N
14 15 0 1 N
10 24 1 0 N
10 24 2 2 N
10 22 0 1 N
24 12 1 1 N
24 2 0 0 N
24 5 2 2 N
12 16 1 0 N
12 4 2 2 N
12 25 0 1 N
16 28 0 1 N
16 20 2 2 N
16 18 1 0 N
28 6 2 0 N
28 4 1 2 N
28 12 0 1 N
6 21 1 1 N
6 0 2 2 N
6 12 0 0 N
21 22 2 2 N
21 15 1 0 N
21 5 0 1 N
22 0 0 0 N
22 3 2 2 N
22 3 1 1 N
0 8 1 2 N
0 3 2 1 N
0 22 0 0 N
8 4 0 1 N
8 13 1 0 N
8 23 2 2 N
4 20 0 0 N
4 2 2 2 N
4 21 1 1 N
