12 23 1 2 S
12 15 0 1 S
12 20 2 0 S
23 9 0 2 N
23 19 2 1 N
23 23 1 0 N
9 11 0 2 N
9 26 1 1 N
9 2 2 0 N
11 13 2 2 N
11 23 1 1 N
11 18 0 0 N
13 25 1 0 N
13 6 2 2 N
13 1 0 1 N
25 28 1 2 N
25 16 0 0 N
25 16 2 1 N
28 10 0 1 N
28 10 1 0 N
28 2 2 2 N
10 4 1 1 N
10 15 2 0 N
10 6 0 2 N
4 19 0 0 N
4 25 1 2 N
4 11 2 1 N
19 6 1 2 N
19 12 0 0 N
19 23 2 1 N
6 2 0 2 N
6 16 2 1 N
6 15 1 0 N
2 5 1 0 N
2 24 2 1 N
2 1 0 2 N
5 21 2 0 N
5 10 0 1 N
5 19 1 2 N
21 7 0 1 N
21 23 1 0 N
21 18 2 2 N
7 18 2 2 N
7 13 1 0 N
7 9 0 1 N
18 27 1 2 N
18 23 2 0 N
18 20 0 1 N
27 14 1 2 N
27 17 2 0 N
27 16 0 1 N
14 8 0 0 N
14 19 2 1 N
14 6 1 2 N
8 16 1 2 N
8 18 0 0 N
8 24 2 1 N
16 24 1 1 N
16 18 0 0 N
16 15 2 2 N
24 26 0 1 N
24 2 1 0 N
24 23 2 2 N
26 0 1 1 N
26 1 2 2 N
26 1 0 0 N
0 1 1 1 N
0 18 0 0 N
0 20 2 2 N
1 3 0 2 N
1 21 1 1 N
1 23 2 0 N
3 22 2 1 N
3 26 0 2 N
3 14 1 0 N
22 17 0 0 N
22 13 2 2 N
22 14 1 1 N
17 15 0 1 N
17 15 1 0 N
17 13 2 2 N
15 20 2 2 N
15 1 1 1 N
15 23 0 0 N
20 13 2 1 N
20 7 1 2 N
20 23 0 0 N
