13 15 1 1 S
13 20 0 2 S
13 14 2 0 S
15 24 0 0 N
15 20 1 1 N
15 21 2 2 N
24 5 2 2 N
24 13 1 1 N
24 26 0 0 N
5 14 0 1 N
5 20 2 0 N
5 20 1 2 N
14 26 0 2 N
14 17 2 0 N
14 28 1 1 N
26 6 0 0 N
26 21 2 2 N
26 16 1 1 N
6 17 0 2 N
6 16 2 1 N
6 1 1 0 N
17 11 0 0 N
17 28 2 2 N
17 17 1 1 N
11 28 0 2 N
11 24 1 0 N
11 2 2 1 N
28 22 2 2 N
28 27 0 1 N
28 22 1 0 N
22 8 0 1 N
22 17 2 2 N
22 7 1 0 N
8 20 0 0 N
8 24 2 2 N
8 22 1 1 N
20 0 0 2 N
20 25 1 1 N
20 28 2 0 N
0 4 0 1 N
0 21 2 2 N
0 7 1 0 N
4 21 0 1 N
4 1 2 0 N
4 10 1 2 N
21 16 0 0 N
21 26 2 2 N
21 22 1 1 N
16 19 2 0 N
16 8 0 2 N
16 17 1 1 N
19 27 2 0 N
19 28 1 2 N
19 25 0 1 N
27 9 1 0 N
27 21 2 2 N
27 28 0 1 N
9 23 1 2 N
9 22 2 0 N
9 22 0 1 N
23 18 2 0 N
23 22 1 2 N
23 13 0 1 N
18 1 2 1 N
18 19 1 2 N
18 17 0 0 N
1 25 2 0 N
1 0 0 2 N
1 21 1 1 N
25 10 0 0 N
25 20 2 1 N
25 1 1 2 N
10 2 1 1 N
10 20 2 0 N
10 14 0 2 N
2 7 0 2 N
2 0 1 1 N
2 20 2 0 N
7 12 1 1 N
7 22 2 2 N
7 17 0 0 N
12 3 2 2 N
12 22 0 1 N
12 8 1 0 N
3 16 0 2 N
3 28 1 1 N
3 5 2 0 N
