18 15 1 2 S
18 4 0 0 S
18 6 2 1 S
15 14 1 1 N
15 17 0 0 N
15 28 2 2 N
14 1 0 1 N
14 11 2 2 N
14 24 1 0 N
1 10 2 0 N
1 17 1 1 N
1 21 0 2 N
10 3 1 1 N
10 13 0 0 N
10 28 2 2 N
3 7 1 2 N
3 19 2 0 N
3 7 0 1 N
7 27 1 0 N
7 22 0 2 N
7 9 2 1 N
27 17 0 2 N
27 17 1 0 N
27 11 2 1 N
17 4 1 1 N
17 19 0 2 N
17 27 2 0 N
4 16 1 0 N
4 13 2 2 N
4 26 0 1 N
16 13 1 1 N
16 17 0 0 N
16 5 2 2 N
13 2 1 1 N
13 27 2 2 N
13 15 0 0 N
2 0 0 1 N
2 15 2 2 N
2 28 1 0 N
0 6 2 0 N
0 4 1 2 N
0 15 0 1 N
6 12 0 1 N
6 28 2 0 N
6 28 1 2 N
12 24 1 1 N
12 26 0 0 N
12 17 2 2 N
24 25 2 0 N
24 9 0 2 N
24 8 1 1 N
25 8 2 0 N
25 27 0 1 N
25 27 1 2 N
8 9 1 1 N
8 27 0 0 N
8 28 2 2 N
9 21 2 2 N
9 25 0 0 N
9 25 1 1 N
21 28 1 2 N
21 3 0 0 N
21 8 2 1 N
28 5 0 2 N
28 15 2 0 N
28 28 1 1 N
5 26 2 0 N
5 4 1 1 N
5 24 0 2 N
26 19 2 2 N
26 15 1 0 N
26 15 0 1 N
19 20 1 0 N
19 26 2 2 N
19 11 0 1 N
20 22 2 2 N
20 1 0 0 N
20 26 1 1 N
22 23 2 1 N
22 28 1 0 N
22 25 0 2 N
23 11 2 0 N
23 16 0 2 N
23 3 1 1 N
11 27 2 0 N
11 28 1 1 N
11 28 0 2 N
