17 1 1 0 S
17 23 2 1 S
17 17 0 2 S
1 16 2 2 N
1 5 1 1 N
1 13 0 0 N
16 28 2 0 N
16 24 0 2 N
16 3 1 1 N
28 10 0 1 N
28 17 2 2 N
28 11 1 0 N
10 0 0 1 N
10 11 1 0 N
10 17 2 2 N
0 4 2 0 N
0 17 0 1 N
0 17 1 2 N
4 14 2 1 N
4 6 0 0 N
4 13 1 2 N
14 11 1 2 N
14 2 0 0 N
14 3 2 1 N
11 21 1 2 N
11 20 2 1 N
11 13 0 0 N
21 8 1 1 N
21 22 0 0 N
21 17 2 2 N
8 27 1 0 N
8 24 0 2 N
8 15 2 1 N
27 3 0 0 N
27 3 2 1 N
27 1 1 2 N
3 5 2 0 N
3 2 0 2 N
3 17 1 1 N
5 7 1 0 N
5 15 0 1 N
5 26 2 2 N
7 25 1 2 N
7 0 0 1 N
7 10 2 0 N
25 6 0 1 N
25 26 1 2 N
25 13 2 0 N
6 23 0 2 N
6 8 2 0 N
6 3 1 1 N
23 12 1 2 N
23 0 0 0 N
23 11 2 1 N
12 13 0 0 N
12 20 1 2 N
12 5 2 1 N
13 18 1 0 N
13 5 0 2 N
13 17 2 1 N
18 20 0 0 N
18 8 2 1 N
18 17 1 2 N
20 24 0 1 N
20 27 1 2 N
20 26 2 0 N
24 15 2 1 N
24 15 0 2 N
24 4 1 0 N
15 19 2 0 N
15 11 0 1 N
15 16 1 2 N
19 2 2 0 N
19 2 1 1 N
19 1 0 2 N
2 26 2 2 N
2 10 0 0 N
2 9 1 1 N
26 9 0 0 N
26 13 1 2 N
26 9 2 1 N
9 22 2 0 N
9 13 1 1 N
9 18 0 2 N
22 17 2 2 N
22 18 0 0 N
22 17 1 1 N
