23 11 1 2 S
23 4 2 0 S
23 24 0 1 S
11 10 0 2 N
11 22 2 0 N
11 22 1 1 N
10 12 2 0 N
10 19 1 1 N
10 10 0 2 N
12 20 1 0 N
12 20 2 1 N
12 10 0 2 N
20 5 0 0 N
20 17 2 1 N
20 9 1 2 N
5 14 0 2 N
5 10 2 1 N
5 17 1 0 N
14 1 0 0 N
14 17 1 2 N
14 0 2 1 N
1 6 1 1 N
1 8 2 2 N
1 0 0 0 N
6 18 1 1 N
6 14 2 2 N
6 25 0 0 N
18 21 1 0 N
18 9 0 1 N
18 21 2 2 N
21 17 2 1 N
21 19 1 2 N
21 0 0 0 N
17 7 0 1 N
17 9 1 0 N
17 21 2 2 N
7 9 0 1 N
7 14 1 2 N
7 14 2 0 N
9 22 2 2 N
9 0 0 1 N
9 21 1 0 N
22 27 0 1 N
22 1 1 2 N
22 0 2 0 N
27 4 2 2 N
27 24 1 0 N
27 16 0 1 N
4 3 1 2 N
4 14 2 0 N
4 25 0 1 N
3 28 1 0 N
3 9 0 2 N
3 24 2 1 N
28 19 1 2 N
28 1 2 1 N
28 16 0 0 N
19 8 2 0 N
19 14 0 1 N
19 25 1 2 N
8 13 2 2 N
8 4 0 0 N
8 21 1 1 N
13 16 2 0 N
13 21 0 1 N
13 14 1 2 N
16 15 1 1 N
16 13 0 0 N
16 23 2 2 N
15 2 2 1 N
15 13 1 0 N
15 5 0 2 N
2 24 2 0 N
2 10 0 2 N
2 9 1 1 N
24 25 2 1 N
24 22 1 0 N
24 0 0 2 N
25 26 0 1 N
25 22 1 2 N
25 10 2 0 N
26 0 0 2 N
26 5 1 0 N
26 10 2 1 N
0 10 1 1 N
0 25 0 0 N
0 25 2 2 N
