17 14 0 0 S
17 16 2 2 S
17 20 1 1 S
14 12 2 0 N
14 13 0 1 N
14 7 1 2 N
12 11 0 1 N
12 27 2 2 N
12 4 1 0 N
11 23 0 1 N
11 26 1 2 N
11 6 2 0 N
23 25 1 1 N
23 2 2 2 N
23 17 0 0 N
25 6 1 0 N
25 5 2 2 N
25 22 0 1 N
6 21 1 0 N
6 27 0 2 N
6 20 2 1 N
21 3 1 2 N
21 20 0 0 N
21 13 2 1 N
3 18 0 0 N
3 16 1 1 N
3 16 2 2 N
18 22 0 1 N
18 20 1 0 N
18 6 2 2 N
22 20 1 2 N
22 27 2 1 N
22 27 0 0 N
20 9 0 0 N
20 16 2 1 N
20 20 1 2 N
9 24 2 1 N
9 21 0 0 N
9 23 1 2 N
24 5 0 0 N
24 11 1 2 N
24 26 2 1 N
5 19 0 0 N
5 11 2 2 N
5 20 1 1 N
19 0 0 0 N
19 24 1 1 N
19 26 2 2 N
0 28 1 0 N
0 16 2 2 N
0 26 0 1 N
28 2 2 1 N
28 16 0 2 N
28 14 1 0 N
2 15 1 1 N
2 23 0 0 N
2 22 2 2 N
15 27 1 2 N
15 22 0 1 N
15 0 2 0 N
27 10 1 2 N
27 22 0 1 N
27 17 2 0 N
10 4 1 1 N
10 13 2 0 N
10 20 0 2 N
4 8 0 2 N
4 16 1 1 N
4 26 2 0 N
8 26 2 2 N
8 2 0 0 N
8 13 1 1 N
26 16 0 2 N
26 20 2 0 N
26 20 1 1 N
16 7 0 0 N
16 17 2 1 N
16 17 1 2 N
7 1 2 1 N
7 10 0 2 N
7 22 1 0 N
1 13 1 1 N
1 22 2 0 N
1 22 0 2 N
13 26 1 1 N
13 4 2 0 N
13 10 0 2 N
