5 6 1 0 S
5 28 2 1 S
5 12 0 2 S
6 23 0 0 N
6 10 1 1 N
6 0 2 2 N
23 11 0 0 N
23 19 2 1 N
23 25 1 2 N
11 10 0 1 N
11 2 1 2 N
11 12 2 0 N
10 1 2 0 N
10 12 0 1 N
10 12 1 2 N
1 0 1 0 N
1 10 2 2 N
1 12 0 1 N
0 3 1 0 N
0 25 0 1 N
0 1 2 2 N
3 26 1 2 N
3 11 2 1 N
3 10 0 0 N
26 2 0 1 N
26 2 1 2 N
26 10 2 0 N
2 22 1 2 N
2 26 2 1 N
2 25 0 0 N
22 21 2 0 N
22 6 0 2 N
22 18 1 1 N
21 24 2 1 N
21 28 0 2 N
21 28 1 0 N
24 16 1 1 N
24 10 0 2 N
24 10 2 0 N
16 9 0 2 N
16 12 1 1 N
16 12 2 0 N
9 28 2 2 N
9 24 0 1 N
9 3 1 0 N
28 7 0 1 N
28 24 1 0 N
28 0 2 2 N
7 8 1 1 N
7 3 0 0 N
7 3 2 2 N
8 20 0 1 N
8 28 1 0 N
8 4 2 2 N
20 19 1 0 N
20 28 0 1 N
20 25 2 2 N
19 14 0 0 N
19 4 2 2 N
19 28 1 1 N
14 12 0 2 N
14 25 2 1 N
14 11 1 0 N
12 25 1 0 N
12 1 2 2 N
12 12 0 1 N
25 27 0 0 N
25 9 1 2 N
25 16 2 1 N
27 13 2 0 N
27 21 1 2 N
27 28 0 1 N
13 15 1 0 N
13 18 0 2 N
13 16 2 1 N
15 18 1 1 N
15 14 0 2 N
15 12 2 0 N
18 4 1 2 N
18 10 2 0 N
18 25 0 1 N
4 17 2 0 N
4 25 1 2 N
4 0 0 1 N
17 25 2 2 N
17 21 1 1 N
17 16 0 0 N
