22 20 0 0 S
22 0 1 2 S
22 6 2 1 S
20 18 0 1 N
20 14 2 2 N
20 6 1 0 N
18 24 2 0 N
18 15 0 1 N
18 11 1 2 N
24 14 1 0 N
24 14 0 2 N
24 6 2 1 N
14 21 1 2 N
14 10 2 1 N
14 14 0 0 N
21 6 1 2 N
21 22 2 1 N
21 13 0 0 N
6 23 1 0 N
6 11 2 1 N
6 8 0 2 N
23 7 0 0 N
23 26 1 2 N
23 26 2 1 N
7 2 1 0 N
7 26 0 2 N
7 3 2 1 N
2 26 2 1 N
2 11 0 0 N
2 8 1 2 N
26 10 2 0 N
26 21 1 1 N
26 0 0 2 N
10 8 0 2 N
10 17 2 1 N
10 14 1 0 N
8 28 1 2 N
8 22 0 1 N
8 10 2 0 N
28 5 0 0 N
28 13 2 1 N
28 27 1 2 N
5 25 2 0 N
5 17 1 1 N
5 0 0 2 N
25 17 1 0 N
25 12 2 1 N
25 8 0 2 N
17 9 2 0 N
17 5 0 2 N
17 14 1 1 N
9 15 1 0 N
9 25 2 1 N
9 16 0 2 N
15 1 0 0 N
15 11 2 2 N
15 11 1 1 N
1 16 1 1 N
1 12 2 0 N
1 10 0 2 N
16 11 2 1 N
16 11 1 0 N
16 28 0 2 N
11 0 1 0 N
11 20 2 2 N
11 27 0 1 N
0 19 1 1 N
0 6 2 0 N
0 6 0 2 N
19 3 2 0 N
19 7 1 2 N
19 23 0 1 N
3 13 1 1 N
3 6 2 0 N
3 27 0 2 N
13 27 2 2 N
13 12 1 0 N
13 22 0 1 N
27 4 2 1 N
27 13 1 0 N
27 6 0 2 N
4 12 2 0 N
4 14 0 2 N
4 3 1 1 N
12 10 0 2 N
12 17 1 0 N
12 11 2 1 N
