7 8 0 0 S
7 11 2 2 S
7 18 1 1 S
8 9 0 2 N
8 1 2 0 N
8 11 1 1 N
9 15 0 0 N
9 20 2 2 N
9 19 1 1 N
15 17 2 2 N
15 13 1 1 N
15 24 0 0 N
17 18 1 0 N
17 26 2 1 N
17 17 0 2 N
18 26 2 0 N
18 22 0 2 N
18 17 1 1 N
26 19 0 1 N
26 3 2 2 N
26 17 1 0 N
19 14 1 1 N
19 26 0 2 N
19 24 2 0 N
14 6 1 2 N
14 16 0 1 N
14 26 2 0 N
6 1 0 0 N
6 14 1 2 N
6 18 2 1 N
1 24 0 1 N
1 28 1 2 N
1 4 2 0 N
24 2 0 1 N
24 13 1 2 N
24 26 2 0 N
2 20 2 2 N
2 13 0 0 N
2 26 1 1 N
20 13 1 1 N
20 6 0 0 N
20 24 2 2 N
13 28 0 0 N
13 26 1 1 N
13 17 2 2 N
28 12 2 0 N
28 19 0 2 N
28 20 1 1 N
12 11 2 2 N
12 16 1 1 N
12 17 0 0 N
11 3 1 2 N
11 19 2 1 N
11 17 0 0 N
3 25 0 2 N
3 26 1 1 N
3 26 2 0 N
25 22 2 0 N
25 16 1 1 N
25 24 0 2 N
22 23 0 2 N
22 3 2 1 N
22 2 1 0 N
23 16 0 0 N
23 25 1 1 N
23 12 2 2 N
16 21 1 1 N
16 2 2 0 N
16 19 0 2 N
21 0 1 0 N
21 0 0 2 N
21 17 2 1 N
0 5 0 2 N
0 16 2 0 N
0 14 1 1 N
5 4 0 0 N
5 22 1 1 N
5 8 2 2 N
4 10 0 1 N
4 25 1 0 N
4 8 2 2 N
10 27 1 0 N
10 25 0 2 N
10 2 2 1 N
27 23 2 2 N
27 22 1 1 N
27 26 0 0 N
