23 0 1 1 S
23 24 2 2 S
23 21 0 0 S
0 26 0 0 N
0 24 1 1 N
0 11 2 2 N
26 4 0 1 N
26 5 1 0 N
26 0 2 2 N
4 10 1 2 N
4 2 0 1 N
4 14 2 0 N
10 17 0 1 N
10 20 2 2 N
10 11 1 0 N
17 11 0 1 N
17 16 2 2 N
17 1 1 0 N
11 27 1 0 N
11 13 2 1 N
11 16 0 2 N
27 14 0 1 N
27 2 2 0 N
27 22 1 2 N
14 28 2 2 N
14 22 0 1 N
14 14 1 0 N
28 8 0 0 N
28 0 2 1 N
28 7 1 2 N
8 19 2 1 N
8 16 1 2 N
8 11 0 0 N
19 18 0 0 N
19 28 1 1 N
19 10 2 2 N
18 13 1 0 N
18 5 0 2 N
18 2 2 1 N
13 16 2 2 N
13 8 0 0 N
13 4 1 1 N
16 2 2 0 N
16 13 1 2 N
16 14 0 1 N
2 12 0 1 N
2 4 2 0 N
2 14 1 2 N
12 7 1 1 N
12 17 0 0 N
12 2 2 2 N
7 25 0 2 N
7 1 1 1 N
7 0 2 0 N
25 15 1 2 N
25 5 0 0 N
25 3 2 1 N
15 6 2 2 N
15 20 0 0 N
15 7 1 1 N
6 24 0 0 N
6 14 2 1 N
6 8 1 2 N
24 9 0 0 N
24 13 1 2 N
24 17 2 1 N
9 21 2 0 N
9 5 0 2 N
9 13 1 1 N
21 1 0 1 N
21 8 1 2 N
21 4 2 0 N
1 22 2 1 N
1 18 1 0 N
1 5 0 2 N
22 20 2 1 N
22 17 0 0 N
22 4 1 2 N
20 5 0 1 N
20 19 2 0 N
20 11 1 2 N
5 3 2 2 N
5 14 1 1 N
5 4 0 0 N
3 11 0 0 N
3 27 2 2 N
3 11 1 1 N
