2 17 0 2 S
2 18 1 0 S
2 4 2 1 S
17 26 0 0 N
17 9 1 1 N
17 18 2 2 N
26 7 1 1 N
26 3 0 0 N
26 3 2 2 N
7 15 0 2 N
7 18 2 1 N
7 1 1 0 N
15 20 2 2 N
15 2 0 1 N
15 12 1 0 N
20 22 1 1 N
20 10 0 0 N
20 25 2 2 N
22 19 0 0 N
22 12 1 2 N
22 1 2 1 N
19 11 1 0 N
19 3 2 1 N
19 8 0 2 N
11 9 1 2 N
11 19 0 1 N
11 8 2 0 N
9 3 1 2 N
9 26 0 0 N
9 22 2 1 N
3 8 1 0 N
3 23 2 1 N
3 8 0 2 N
8 5 2 2 N
8 4 1 0 N
8 4 0 1 N
5 25 2 2 N
5 25 0 0 N
5 17 1 1 N
25 16 2 2 N
25 18 0 1 N
25 27 1 0 N
16 6 1 1 N
16 17 2 2 N
16 27 0 0 N
6 21 1 2 N
6 24 2 0 N
6 21 0 1 N
21 27 1 0 N
21 3 0 1 N
21 16 2 2 N
27 23 1 1 N
27 2 0 2 N
27 1 2 0 N
23 0 1 1 N
23 3 0 2 N
23 8 2 0 N
0 12 0 1 N
0 24 2 0 N
0 23 1 2 N
12 18 0 2 N
12 27 2 0 N
12 18 1 1 N
18 10 2 1 N
18 1 1 2 N
18 22 0 0 N
10 1 2 2 N
10 22 0 1 N
10 8 1 0 N
1 28 2 0 N
1 27 0 2 N
1 1 1 1 N
28 14 2 2 N
28 26 0 1 N
28 12 1 0 N
14 13 1 0 N
14 2 0 2 N
14 3 2 1 N
13 24 1 2 N
13 19 2 1 N
13 18 0 0 N
24 4 2 1 N
24 25 1 0 N
24 23 0 2 N
4 22 1 0 N
4 18 2 1 N
4 1 0 2 N
