25 23 2 1 S
25 23 1 2 S
25 10 0 0 S
23 26 2 0 N
23 28 0 1 N
23 22 1 2 N
26 28 1 1 N
26 4 0 2 N
26 7 2 0 N
28 9 2 1 N
28 12 0 2 N
28 1 1 0 N
9 7 1 0 N
9 16 2 1 N
9 8 0 2 N
7 16 2 2 N
7 13 1 1 N
7 5 0 0 N
16 1 1 2 N
16 21 2 1 N
16 12 0 0 N
1 15 0 0 N
1 20 1 2 N
1 10 2 1 N
15 8 0 0 N
15 20 1 1 N
15 10 2 2 N
8 4 1 1 N
8 16 0 0 N
8 20 2 2 N
4 0 2 0 N
4 22 0 1 N
4 7 1 2 N
0 19 1 0 N
0 15 0 2 N
0 16 2 1 N
19 17 0 0 N
19 18 1 1 N
19 18 2 2 N
17 10 1 0 N
17 16 0 1 N
17 2 2 2 N
10 13 0 2 N
10 15 1 1 N
10 5 2 0 N
13 21 2 2 N
13 9 0 0 N
13 1 1 1 N
21 18 2 1 N
21 5 1 0 N
21 15 0 2 N
18 11 1 1 N
18 25 2 2 N
18 7 0 0 N
11 5 2 2 N
11 16 1 0 N
11 7 0 1 N
5 2 0 0 N
5 27 1 2 N
5 5 2 1 N
2 6 2 1 N
2 12 1 0 N
2 23 0 2 N
6 22 2 2 N
6 23 0 0 N
6 22 1 1 N
22 12 1 1 N
22 20 2 0 N
22 15 0 2 N
12 14 2 0 N
12 11 0 1 N
12 5 1 2 N
14 24 2 0 N
14 11 1 2 N
14 16 0 1 N
24 20 0 0 N
24 1 2 1 N
24 15 1 2 N
20 3 1 0 N
20 15 0 1 N
20 1 2 2 N
3 27 0 2 N
3 19 2 0 N
3 27 1 1 N
27 25 1 0 N
27 26 0 1 N
27 23 2 2 N
