19 11 0 1 S
19 3 2 2 S
19 25 1 0 S
11 9 0 0 N
11 23 1 1 N
11 23 2 2 N
9 3 2 1 N
9 19 1 0 N
9 12 0 2 N
3 20 2 2 N
3 17 1 0 N
3 23 0 1 N
20 12 1 1 N
20 24 2 0 N
20 12 0 2 N
12 4 1 2 N
12 20 2 1 N
12 23 0 0 N
4 7 2 1 N
4 11 1 0 N
4 25 0 2 N
7 0 0 1 N
7 2 2 2 N
7 17 1 0 N
0 18 1 0 N
0 8 2 2 N
0 5 0 1 N
18 2 2 1 N
18 2 1 0 N
18 0 0 2 N
2 10 0 2 N
2 5 1 0 N
2 8 2 1 N
10 14 0 1 N
10 9 1 0 N
10 22 2 2 N
14 22 1 2 N
14 15 2 1 N
14 23 0 0 N
22 21 2 0 N
22 5 1 2 N
22 17 0 1 N
21 28 0 2 N
21 1 1 1 N
21 2 2 0 N
28 13 2 1 N
28 4 0 0 N
28 20 1 2 N
13 24 0 1 N
13 18 1 2 N
13 22 2 0 N
24 16 2 1 N
24 14 1 0 N
24 19 0 2 N
16 27 1 0 N
16 15 0 2 N
16 11 2 1 N
27 6 2 0 N
27 11 0 1 N
27 15 1 2 N
6 8 1 2 N
6 2 2 1 N
6 5 0 0 N
8 5 0 2 N
8 22 1 0 N
8 3 2 1 N
5 17 0 2 N
5 20 1 0 N
5 19 2 1 N
17 15 1 0 N
17 22 0 2 N
17 15 2 1 N
15 26 1 0 N
15 15 2 1 N
15 15 0 2 N
26 1 0 0 N
26 11 2 2 N
26 25 1 1 N
1 23 2 2 N
1 9 0 1 N
1 4 1 0 N
23 25 1 1 N
23 7 2 0 N
23 15 0 2 N
25 14 0 1 N
25 23 2 2 N
25 23 1 0 N
