17 27 1 2 S
17 4 2 1 S
17 21 0 0 S
27 11 1 1 N
27 11 0 0 N
27 9 2 2 N
11 28 2 0 N
11 13 0 2 N
11 21 1 1 N
28 8 0 2 N
28 16 1 0 N
28 26 2 1 N
8 5 2 2 N
8 10 1 0 N
8 5 0 1 N
5 3 1 0 N
5 15 2 2 N
5 9 0 1 N
3 4 0 2 N
3 20 1 0 N
3 13 2 1 N
4 15 1 0 N
4 3 0 2 N
4 1 2 1 N
15 20 1 0 N
15 17 2 2 N
15 13 0 1 N
20 1 2 0 N
20 0 0 2 N
20 6 1 1 N
1 25 1 2 N
1 15 0 0 N
1 13 2 1 N
25 24 2 2 N
25 9 0 0 N
25 8 1 1 N
24 7 1 0 N
24 15 2 2 N
24 14 0 1 N
7 23 1 2 N
7 16 0 0 N
7 10 2 1 N
23 0 1 0 N
23 26 2 1 N
23 10 0 2 N
0 13 2 1 N
0 7 0 2 N
0 9 1 0 N
13 6 2 2 N
13 21 0 0 N
13 13 1 1 N
6 10 0 2 N
6 9 1 0 N
6 15 2 1 N
10 9 2 0 N
10 6 0 2 N
10 17 1 1 N
9 26 1 1 N
9 17 0 2 N
9 13 2 0 N
26 12 2 1 N
26 0 0 2 N
26 13 1 0 N
12 18 0 1 N
12 9 2 2 N
12 25 1 0 N
18 2 1 2 N
18 3 0 0 N
18 16 2 1 N
2 22 2 2 N
2 3 1 0 N
2 25 0 1 N
22 16 2 1 N
22 9 1 2 N
22 24 0 0 N
16 21 2 2 N
16 24 0 1 N
16 13 1 0 N
21 19 2 2 N
21 4 1 0 N
21 13 0 1 N
19 14 0 0 N
19 27 1 1 N
19 8 2 2 N
14 27 2 1 N
14 24 1 2 N
14 16 0 0 N
