18 16 1 0 S
18 7 2 1 S
18 10 0 2 S
16 5 2 2 N
16 23 1 1 N
16 21 0 0 N
5 8 0 1 N
5 27 2 2 N
5 13 1 0 N
8 13 0 1 N
8 26 1 0 N
8 12 2 2 N
13 0 1 0 N
13 3 2 2 N
13 18 0 1 N
0 20 1 2 N
0 17 0 0 N
0 23 2 1 N
20 2 1 1 N
20 9 2 2 N
20 10 0 0 N
2 22 2 2 N
2 24 0 1 N
2 16 1 0 N
22 19 1 2 N
22 18 0 1 N
22 21 2 0 N
19 10 1 2 N
19 10 0 1 N
19 27 2 0 N
10 1 1 1 N
10 4 2 0 N
10 4 0 2 N
1 17 0 1 N
1 26 1 2 N
1 0 2 0 N
17 9 0 1 N
17 3 2 2 N
17 24 1 0 N
9 24 1 1 N
9 28 0 0 N
9 13 2 2 N
24 11 2 1 N
24 23 1 0 N
24 28 0 2 N
11 4 1 2 N
11 26 2 1 N
11 26 0 0 N
4 15 1 2 N
4 18 0 0 N
4 4 2 1 N
15 7 2 2 N
15 10 1 1 N
15 23 0 0 N
7 25 0 1 N
7 28 1 0 N
7 4 2 2 N
25 27 2 0 N
25 27 1 1 N
25 21 0 2 N
27 28 2 2 N
27 26 1 0 N
27 26 0 1 N
28 14 2 0 N
28 27 1 2 N
28 4 0 1 N
14 26 1 1 N
14 26 2 2 N
14 10 0 0 N
26 23 0 1 N
26 10 2 0 N
26 4 1 2 N
23 3 1 2 N
23 28 2 0 N
23 26 0 1 N
3 12 0 0 N
3 4 2 2 N
3 26 1 1 N
12 6 2 0 N
12 20 1 1 N
12 26 0 2 N
6 21 1 0 N
6 0 0 1 N
6 26 2 2 N
21 14 2 0 N
21 18 0 2 N
21 26 1 1 N
