17 6 1 2 S
17 22 0 1 S
17 26 2 0 S
6 3 2 1 N
6 25 0 0 N
6 3 1 2 N
3 9 0 1 N
3 12 1 2 N
3 20 2 0 N
9 19 0 1 N
9 2 2 0 N
9 16 1 2 N
19 5 1 2 N
19 0 2 0 N
19 10 0 1 N
5 27 2 0 N
5 20 0 2 N
5 28 1 1 N
27 28 2 0 N
27 21 1 1 N
27 28 0 2 N
28 25 0 1 N
28 16 1 2 N
28 26 2 0 N
25 12 2 0 N
25 14 1 2 N
25 13 0 1 N
12 14 0 0 N
12 8 1 2 N
12 9 2 1 N
14 13 1 1 N
14 16 0 2 N
14 11 2 0 N
13 7 1 1 N
13 1 0 2 N
13 1 2 0 N
7 16 0 2 N
7 18 1 0 N
7 11 2 1 N
16 26 1 1 N
16 1 0 0 N
16 13 2 2 N
26 21 0 1 N
26 23 1 0 N
26 26 2 2 N
21 18 2 0 N
21 9 1 1 N
21 12 0 2 N
18 15 1 1 N
18 24 2 2 N
18 9 0 0 N
15 4 0 0 N
15 13 1 1 N
15 1 2 2 N
4 24 1 2 N
4 9 0 0 N
4 28 2 1 N
24 11 1 1 N
24 19 2 2 N
24 18 0 0 N
11 22 2 0 N
11 0 0 2 N
11 9 1 1 N
22 8 0 1 N
22 28 1 2 N
22 5 2 0 N
8 20 1 2 N
8 1 0 0 N
8 26 2 1 N
20 0 2 0 N
20 11 1 2 N
20 18 0 1 N
0 23 1 0 N
0 28 0 2 N
0 26 2 1 N
23 2 1 0 N
23 16 2 1 N
23 21 0 2 N
2 10 0 1 N
2 24 2 2 N
2 20 1 0 N
10 1 1 1 N
10 0 2 2 N
10 18 0 0 N
1 8 0 0 N
1 26 1 2 N
1 26 2 1 N
