4 7 0 1 S
4 4 1 2 S
4 4 2 0 S
7 13 2 1 N
7 15 1 0 N
7 4 0 2 N
13 22 0 2 N
13 25 2 0 N
13 20 1 1 N
22 6 2 1 N
22 23 1 0 N
22 2 0 2 N
6 28 1 0 N
6 20 2 1 N
6 7 0 2 N
28 26 1 0 N
28 7 0 2 N
28 15 2 1 N
26 16 1 2 N
26 28 0 1 N
26 14 2 0 N
16 18 2 2 N
16 23 1 0 N
16 27 0 1 N
18 0 1 1 N
18 0 2 2 N
18 19 0 0 N
0 19 0 1 N
0 13 1 2 N
0 15 2 0 N
19 12 1 2 N
19 6 0 0 N
19 20 2 1 N
12 15 0 0 N
12 8 2 1 N
12 27 1 2 N
15 21 2 1 N
15 25 0 0 N
15 4 1 2 N
21 27 0 2 N
21 1 2 0 N
21 23 1 1 N
27 2 0 1 N
27 16 2 0 N
27 10 1 2 N
2 3 1 1 N
2 8 2 2 N
2 1 0 0 N
3 5 2 2 N
3 0 1 0 N
3 6 0 1 N
5 14 1 0 N
5 6 2 1 N
5 23 0 2 N
14 8 2 1 N
14 25 1 0 N
14 1 0 2 N
8 20 1 0 N
8 23 2 1 N
8 10 0 2 N
20 25 1 0 N
20 4 0 2 N
20 4 2 1 N
25 11 2 2 N
25 28 1 1 N
25 13 0 0 N
11 24 1 2 N
11 2 0 1 N
11 20 2 0 N
24 23 2 0 N
24 27 0 2 N
24 9 1 1 N
23 1 0 1 N
23 13 1 0 N
23 28 2 2 N
1 10 0 2 N
1 16 1 0 N
1 28 2 1 N
10 9 1 0 N
10 4 2 1 N
10 4 0 2 N
9 17 1 2 N
9 2 2 1 N
9 23 0 0 N
17 4 2 2 N
17 20 1 1 N
17 18 0 0 N
