22 4 0 0 S
22 6 1 2 S
22 25 2 1 S
4 23 2 1 N
4 2 0 0 N
4 12 1 2 N
23 25 2 0 N
23 16 0 2 N
23 15 1 1 N
25 17 1 2 N
25 12 0 1 N
25 8 2 0 N
17 24 2 2 N
17 21 1 1 N
17 10 0 0 N
24 20 0 0 N
24 15 2 2 N
24 28 1 1 N
20 5 2 0 N
20 23 0 2 N
20 4 1 1 N
5 2 2 2 N
5 12 0 0 N
5 16 1 1 N
2 18 0 0 N
2 19 1 1 N
2 11 2 2 N
18 26 2 0 N
18 3 0 1 N
18 24 1 2 N
26 1 2 2 N
26 16 1 0 N
26 12 0 1 N
1 11 1 1 N
1 9 2 0 N
1 26 0 2 N
11 15 0 0 N
11 9 2 2 N
11 11 1 1 N
15 21 0 1 N
15 8 1 2 N
15 12 2 0 N
21 12 1 0 N
21 12 2 2 N
21 15 0 1 N
12 3 2 0 N
12 28 0 1 N
12 11 1 2 N
3 19 2 1 N
3 7 0 2 N
3 24 1 0 N
19 9 0 2 N
19 18 2 1 N
19 12 1 0 N
9 8 2 1 N
9 16 1 2 N
9 12 0 0 N
8 28 2 0 N
8 15 1 1 N
8 16 0 2 N
28 7 2 2 N
28 10 1 0 N
28 12 0 1 N
7 10 1 2 N
7 8 2 1 N
7 12 0 0 N
10 6 0 1 N
10 24 1 0 N
10 8 2 2 N
6 0 2 0 N
6 27 1 1 N
6 16 0 2 N
0 16 2 1 N
0 28 0 2 N
0 28 1 0 N
16 14 2 0 N
16 21 1 2 N
16 12 0 1 N
14 27 2 2 N
14 22 0 1 N
14 9 1 0 N
27 13 2 0 N
27 8 0 1 N
27 6 1 2 N
13 20 0 2 N
13 12 2 1 N
13 11 1 0 N
