10 2 0 1 S
10 6 1 2 S
10 15 2 0 S
2 13 0 2 N
2 23 2 1 N
2 2 1 0 N
13 20 0 2 N
13 2 1 1 N
13 27 2 0 N
20 11 1 2 N
20 2 0 0 N
20 5 2 1 N
11 27 1 0 N
11 2 2 2 N
11 0 0 1 N
27 9 0 2 N
27 11 2 0 N
27 6 1 1 N
9 18 1 0 N
9 2 2 1 N
9 2 0 2 N
18 23 0 0 N
18 21 2 1 N
18 24 1 2 N
23 7 2 1 N
23 9 1 0 N
23 2 0 2 N
7 12 0 0 N
7 8 1 2 N
7 0 2 1 N
12 15 2 2 N
12 21 1 0 N
12 22 0 1 N
15 5 0 0 N
15 18 2 1 N
15 24 1 2 N
5 0 2 0 N
5 23 1 1 N
5 15 0 2 N
0 19 2 1 N
0 28 0 0 N
0 15 1 2 N
19 26 1 0 N
19 24 0 1 N
19 11 2 2 N
26 16 1 0 N
26 22 0 2 N
26 28 2 1 N
16 4 0 2 N
16 27 2 0 N
16 25 1 1 N
4 6 0 0 N
4 16 1 1 N
4 24 2 2 N
6 14 2 2 N
6 4 1 0 N
6 25 0 1 N
14 28 0 0 N
14 6 1 1 N
14 6 2 2 N
28 24 2 0 N
28 21 0 1 N
28 14 1 2 N
24 17 0 0 N
24 15 2 1 N
24 2 1 2 N
17 8 0 2 N
17 22 1 1 N
17 23 2 0 N
8 1 2 2 N
8 27 0 1 N
8 3 1 0 N
1 21 2 0 N
1 18 1 1 N
1 16 0 2 N
21 25 0 0 N
21 24 1 2 N
21 2 2 1 N
25 3 1 1 N
25 2 2 2 N
25 9 0 0 N
3 22 2 0 N
3 20 1 1 N
3 23 0 2 N
22 27 0 1 N
22 10 1 0 N
22 27 2 2 N
