1 19 0 2 S
1 4 2 0 S
1 27 1 1 S
19 20 0 2 N
19 24 2 0 N
19 10 1 1 N
20 6 1 2 N
20 25 2 0 N
20 25 0 1 N
6 27 2 1 N
6 17 0 0 N
6 17 1 2 N
27 12 2 1 N
27 26 1 2 N
27 27 0 0 N
12 2 2 0 N
12 8 0 2 N
12 1 1 1 N
2 24 0 2 N
2 27 1 1 N
2 0 2 0 N
24 4 2 1 N
24 19 1 2 N
24 10 0 0 N
4 8 0 0 N
4 26 1 1 N
4 26 2 2 N
8 17 1 2 N
8 14 2 0 N
8 10 0 1 N
17 11 0 2 N
17 28 1 1 N
17 26 2 0 N
11 18 1 0 N
11 17 2 2 N
11 23 0 1 N
18 15 0 0 N
18 4 1 2 N
18 4 2 1 N
15 26 1 2 N
15 22 0 0 N
15 17 2 1 N
26 25 2 0 N
26 4 1 1 N
26 1 0 2 N
25 5 0 1 N
25 22 1 0 N
25 7 2 2 N
5 28 1 2 N
5 1 0 0 N
5 18 2 1 N
28 3 1 0 N
28 24 0 2 N
28 10 2 1 N
3 10 0 1 N
3 12 2 0 N
3 27 1 2 N
10 23 0 1 N
10 15 1 0 N
10 1 2 2 N
23 16 1 0 N
23 12 2 2 N
23 6 0 1 N
16 14 2 0 N
16 1 0 2 N
16 7 1 1 N
14 13 0 2 N
14 10 1 0 N
14 9 2 1 N
13 22 2 1 N
13 27 0 2 N
13 15 1 0 N
22 0 2 0 N
22 18 0 1 N
22 16 1 2 N
0 21 0 0 N
0 10 1 1 N
0 19 2 2 N
21 9 0 2 N
21 11 1 0 N
21 14 2 1 N
9 7 2 2 N
9 4 0 1 N
9 6 1 0 N
7 27 2 2 N
7 18 1 1 N
7 19 0 0 N
