21 4 2 0 S
21 20 1 1 S
21 26 0 2 S
4 20 0 1 N
4 25 2 0 N
4 26 1 2 N
20 13 2 2 N
20 1 0 1 N
20 9 1 0 N
13 23 1 1 N
13 24 2 2 N
13 23 0 0 N
23 25 2 2 N
23 13 1 0 N
23 5 0 1 N
25 3 2 1 N
25 16 1 0 N
25 9 0 2 N
3 0 0 2 N
3 20 2 0 N
3 26 1 1 N
0 11 1 2 N
0 9 0 1 N
0 0 2 0 N
11 22 2 0 N
11 18 0 2 N
11 26 1 1 N
22 24 1 2 N
22 26 0 1 N
22 8 2 0 N
24 28 0 2 N
24 0 2 0 N
24 9 1 1 N
28 1 2 2 N
28 0 1 0 N
28 20 0 1 N
1 8 2 2 N
1 24 1 0 N
1 18 0 1 N
8 5 1 1 N
8 16 0 2 N
8 0 2 0 N
5 14 2 2 N
5 16 0 1 N
5 28 1 0 N
14 6 1 2 N
14 10 0 0 N
14 19 2 1 N
6 17 1 1 N
6 16 0 2 N
6 0 2 0 N
17 16 0 0 N
17 6 2 2 N
17 1 1 1 N
16 7 1 1 N
16 18 0 2 N
16 0 2 0 N
7 2 1 0 N
7 1 0 2 N
7 21 2 1 N
2 10 2 0 N
2 8 1 1 N
2 23 0 2 N
10 19 2 1 N
10 8 1 0 N
10 9 0 2 N
19 12 0 0 N
19 25 1 2 N
19 18 2 1 N
12 15 1 1 N
12 6 2 2 N
12 22 0 0 N
15 27 2 0 N
15 7 1 1 N
15 12 0 2 N
27 26 0 2 N
27 2 2 0 N
27 11 1 1 N
26 9 2 1 N
26 9 1 2 N
26 9 0 0 N
9 18 2 0 N
9 0 0 2 N
9 0 1 1 N
18 2 2 2 N
18 4 1 0 N
18 9 0 1 N
