10 1 0 2 S
10 28 2 0 S
10 27 1 1 S
1 2 2 1 N
1 21 0 0 N
1 21 1 2 N
2 22 0 2 N
2 4 1 1 N
2 11 2 0 N
22 25 0 0 N
22 21 1 2 N
22 23 2 1 N
25 7 0 1 N
25 8 2 0 N
25 18 1 2 N
7 18 2 2 N
7 11 0 0 N
7 26 1 1 N
18 5 0 0 N
18 19 1 1 N
18 5 2 2 N
5 17 1 1 N
5 19 0 0 N
5 13 2 2 N
17 0 0 1 N
17 6 2 2 N
17 6 1 0 N
0 15 1 2 N
0 21 0 0 N
0 11 2 1 N
15 12 2 1 N
15 2 0 0 N
15 0 1 2 N
12 14 0 2 N
12 18 1 1 N
12 5 2 0 N
14 11 0 2 N
14 20 2 0 N
14 3 1 1 N
11 6 1 2 N
11 28 0 1 N
11 28 2 0 N
6 16 0 1 N
6 28 1 2 N
6 18 2 0 N
16 8 2 2 N
16 4 0 1 N
16 21 1 0 N
8 20 0 0 N
8 0 1 2 N
8 26 2 1 N
20 26 2 1 N
20 27 1 2 N
20 3 0 0 N
26 4 1 1 N
26 14 0 0 N
26 21 2 2 N
4 21 1 1 N
4 27 2 0 N
4 18 0 2 N
21 3 0 2 N
21 21 1 0 N
21 21 2 1 N
3 28 2 1 N
3 13 1 0 N
3 13 0 2 N
28 9 0 1 N
28 11 1 0 N
28 21 2 2 N
9 23 1 2 N
9 1 0 0 N
9 15 2 1 N
23 24 2 2 N
23 27 0 0 N
23 5 1 1 N
24 19 0 1 N
24 16 2 2 N
24 28 1 0 N
19 27 2 2 N
19 21 1 0 N
19 14 0 1 N
27 13 2 2 N
27 0 1 0 N
27 0 0 1 N
13 20 0 1 N
13 21 2 2 N
13 21 1 0 N
