13 25 0 2 S
13 7 2 1 S
13 22 1 0 S
25 26 1 2 N
25 23 0 1 N
25 28 2 0 N
26 14 1 2 N
26 5 0 0 N
26 6 2 1 N
14 16 2 0 N
14 11 0 2 N
14 18 1 1 N
16 24 1 1 N
16 9 2 0 N
16 25 0 2 N
24 22 2 2 N
24 23 1 1 N
24 3 0 0 N
22 27 0 1 N
22 17 2 2 N
22 24 1 0 N
27 19 2 0 N
27 10 1 2 N
27 17 0 1 N
19 9 0 0 N
19 7 2 2 N
19 1 1 1 N
9 17 2 1 N
9 22 0 2 N
9 1 1 0 N
17 12 2 1 N
17 13 1 2 N
17 1 0 0 N
12 15 2 2 N
12 20 0 1 N
12 18 1 0 N
15 23 2 2 N
15 1 1 0 N
15 23 0 1 N
23 1 0 2 N
23 9 2 1 N
23 23 1 0 N
1 8 0 1 N
1 11 1 0 N
1 23 2 2 N
8 28 1 0 N
8 6 0 1 N
8 21 2 2 N
28 6 1 1 N
28 9 2 0 N
28 1 0 2 N
6 3 0 0 N
6 8 2 1 N
6 25 1 2 N
3 10 2 1 N
3 25 1 0 N
3 9 0 2 N
10 7 1 0 N
10 12 2 1 N
10 9 0 2 N
7 2 1 1 N
7 20 0 0 N
7 17 2 2 N
2 5 2 2 N
2 0 0 1 N
2 25 1 0 N
5 11 0 1 N
5 17 2 2 N
5 16 1 0 N
11 0 2 0 N
11 4 0 1 N
11 3 1 2 N
0 20 1 0 N
0 17 2 1 N
0 1 0 2 N
20 21 0 0 N
20 12 1 1 N
20 4 2 2 N
21 4 2 0 N
21 5 0 2 N
21 17 1 1 N
4 18 2 2 N
4 10 0 0 N
4 28 1 1 N
18 25 0 0 N
18 0 2 1 N
18 1 1 2 N
