39 3 1 1 S
39 17 2 0 S
39 0 0 2 S
3 25 0 1 N
3 25 1 0 N
3 3 2 2 N
25 13 1 2 N
25 27 2 1 N
25 5 0 0 N
13 32 1 2 N
13 4 0 1 N
13 1 2 0 N
32 18 1 2 N
32 13 0 1 N
32 10 2 0 N
18 22 1 1 N
18 2 2 2 N
18 13 0 0 N
22 14 1 0 N
22 17 0 2 N
22 15 2 1 N
14 5 0 2 N
14 29 1 1 N
14 10 2 0 N
5 12 2 0 N
5 37 0 2 N
5 34 1 1 N
12 20 0 2 N
12 8 1 0 N
12 27 2 1 N
20 4 0 2 N
20 22 2 0 N
20 9 1 1 N
4 19 0 1 N
4 17 2 0 N
4 17 1 2 N
19 28 0 1 N
19 37 1 0 N
19 8 2 2 N
28 9 1 1 N
28 27 0 2 N
28 14 2 0 N
9 37 0 1 N
9 23 1 2 N
9 39 2 0 N
37 0 2 1 N
37 34 1 0 N
37 1 0 2 N
0 10 1 2 N
0 24 0 0 N
0 37 2 1 N
10 16 2 2 N
10 5 1 1 N
10 1 0 0 N
16 31 2 1 N
16 21 0 0 N
16 25 1 2 N
31 7 2 0 N
31 21 1 1 N
31 35 0 2 N
7 6 2 2 N
7 25 1 1 N
7 29 0 0 N
6 21 0 1 N
6 4 2 2 N
6 5 1 0 N
21 1 2 0 N
21 34 0 2 N
21 5 1 1 N
1 30 2 2 N
1 17 1 1 N
1 3 0 0 N
30 23 1 1 N
30 28 0 2 N
30 10 2 0 N
23 8 2 0 N
23 19 0 2 N
23 4 1 1 N
8 34 2 1 N
8 36 0 0 N
8 37 1 2 N
34 17 0 1 N
34 33 2 0 N
34 1 1 2 N
17 2 2 1 N
17 3 1 2 N
17 3 0 0 N
2 29 2 0 N
2 32 1 2 N
2 6 0 1 N
29 11 0 0 N
29 15 1 2 N
29 13 2 1 N
11 35 2 0 N
11 0 0 1 N
11 13 1 2 N
35 27 1 0 N
35 24 2 1 N
35 5 0 2 N
27 36 2 1 N
27 7 1 0 N
27 22 0 2 N
36 38 0 1 N
36 2 2 2 N
36 37 1 0 N
38 15 1 0 N
38 28 2 1 N
38 4 0 2 N
15 24 0 0 N
15 29 1 1 N
15 25 2 2 N
24 26 1 1 N
24 33 2 2 N
24 31 0 0 N
26 33 0 1 N
26 0 1 0 N
26 24 2 2 N
33 25 2 1 N
33 22 1 2 N
33 5 0 0 N
