1 7 1 1 S
1 7 2 2 S
1 34 0 0 S
7 39 1 2 N
7 27 0 0 N
7 4 2 1 N
39 30 0 1 N
39 11 1 0 N
39 37 2 2 N
30 35 0 0 N
30 25 1 1 N
30 34 2 2 N
35 8 0 1 N
35 4 2 0 N
35 1 1 2 N
8 19 1 1 N
8 34 0 0 N
8 22 2 2 N
19 17 1 2 N
19 6 2 0 N
19 33 0 1 N
17 27 2 2 N
17 12 0 1 N
17 35 1 0 N
27 0 0 0 N
27 24 1 2 N
27 4 2 1 N
0 15 1 1 N
0 28 0 0 N
0 0 2 2 N
15 25 0 0 N
15 10 2 2 N
15 4 1 1 N
25 38 1 1 N
25 35 0 2 N
25 12 2 0 N
38 33 1 1 N
38 4 2 2 N
38 34 0 0 N
33 31 0 2 N
33 28 2 1 N
33 4 1 0 N
31 18 2 2 N
31 15 0 0 N
31 38 1 1 N
18 34 2 2 N
18 27 1 1 N
18 35 0 0 N
34 4 1 0 N
34 31 2 1 N
34 4 0 2 N
4 13 0 2 N
4 7 2 1 N
4 0 1 0 N
13 14 2 2 N
13 37 1 0 N
13 28 0 1 N
14 9 0 1 N
14 17 1 0 N
14 11 2 2 N
9 3 2 1 N
9 1 0 2 N
9 34 1 0 N
3 32 2 2 N
3 32 1 0 N
3 6 0 1 N
32 22 1 0 N
32 12 2 2 N
32 22 0 1 N
22 12 1 2 N
22 31 2 0 N
22 34 0 1 N
12 29 1 0 N
12 4 0 2 N
12 0 2 1 N
29 6 2 1 N
29 21 0 2 N
29 0 1 0 N
6 11 1 0 N
6 0 2 2 N
6 38 0 1 N
11 24 1 0 N
11 12 0 2 N
11 12 2 1 N
24 10 2 2 N
24 36 0 0 N
24 10 1 1 N
10 16 2 1 N
10 17 0 2 N
10 25 1 0 N
16 21 0 1 N
16 27 1 2 N
16 27 2 0 N
21 20 0 2 N
21 14 2 1 N
21 22 1 0 N
20 2 1 2 N
20 18 0 0 N
20 0 2 1 N
2 36 2 2 N
2 10 1 0 N
2 16 0 1 N
36 28 0 2 N
36 32 1 0 N
36 4 2 1 N
28 23 2 1 N
28 11 1 0 N
28 37 0 2 N
23 26 2 0 N
23 2 1 2 N
23 0 0 1 N
26 37 0 2 N
26 2 2 0 N
26 37 1 1 N
37 5 1 1 N
37 35 0 0 N
37 22 2 2 N
5 12 2 2 N
5 15 0 1 N
5 24 1 0 N
