22 7 1 0 S
22 33 2 2 S
22 17 0 1 S
7 27 2 2 N
7 26 1 0 N
7 17 0 1 N
27 2 1 2 N
27 23 0 1 N
27 17 2 0 N
2 14 2 1 N
2 8 0 2 N
2 27 1 0 N
14 34 1 0 N
14 26 2 1 N
14 9 0 2 N
34 36 2 1 N
34 7 0 2 N
34 7 1 0 N
36 8 2 2 N
36 20 0 0 N
36 20 1 1 N
8 26 1 0 N
8 35 0 2 N
8 21 2 1 N
26 29 2 1 N
26 21 0 0 N
26 22 1 2 N
29 35 1 1 N
29 4 2 0 N
29 7 0 2 N
35 38 2 2 N
35 20 1 1 N
35 9 0 0 N
38 23 1 0 N
38 15 2 2 N
38 17 0 1 N
23 6 0 2 N
23 22 2 1 N
23 29 1 0 N
6 30 0 0 N
6 28 1 2 N
6 3 2 1 N
30 32 2 0 N
30 31 1 2 N
30 36 0 1 N
32 12 0 0 N
32 33 2 1 N
32 21 1 2 N
12 20 2 0 N
12 5 0 2 N
12 34 1 1 N
20 11 1 1 N
20 24 0 0 N
20 17 2 2 N
11 24 0 1 N
11 9 1 0 N
11 2 2 2 N
24 3 1 1 N
24 1 2 2 N
24 21 0 0 N
3 1 1 1 N
3 10 2 2 N
3 21 0 0 N
1 39 0 2 N
1 28 1 1 N
1 8 2 0 N
39 0 1 1 N
39 25 0 0 N
39 17 2 2 N
0 37 0 2 N
0 31 2 1 N
0 32 1 0 N
37 31 1 1 N
37 16 0 2 N
37 15 2 0 N
31 18 1 2 N
31 25 0 1 N
31 21 2 0 N
18 13 0 1 N
18 34 2 0 N
18 9 1 2 N
13 10 1 2 N
13 26 0 1 N
13 2 2 0 N
10 16 0 0 N
10 32 1 1 N
10 9 2 2 N
16 28 0 0 N
16 29 2 1 N
16 9 1 2 N
28 5 2 1 N
28 4 1 0 N
28 15 0 2 N
5 4 1 1 N
5 18 0 2 N
5 17 2 0 N
4 9 1 1 N
4 38 2 0 N
4 37 0 2 N
9 21 1 2 N
9 8 2 1 N
9 28 0 0 N
21 17 1 0 N
21 17 0 2 N
21 17 2 1 N
17 19 1 1 N
17 28 2 2 N
17 17 0 0 N
19 15 0 0 N
19 13 2 2 N
19 3 1 1 N
15 33 1 1 N
15 0 2 0 N
15 17 0 2 N
33 25 0 1 N
33 21 2 0 N
33 7 1 2 N
25 28 2 1 N
25 24 1 2 N
25 29 0 0 N
