37 18 1 0 S
37 27 2 2 S
37 27 0 1 S
18 38 0 2 N
18 29 1 0 N
18 34 2 1 N
38 34 0 2 N
38 9 2 1 N
38 0 1 0 N
34 1 0 0 N
34 13 1 2 N
34 9 2 1 N
1 31 2 1 N
1 13 1 2 N
1 13 0 0 N
31 14 2 1 N
31 10 1 2 N
31 8 0 0 N
14 20 1 0 N
14 9 0 2 N
14 27 2 1 N
20 35 1 2 N
20 8 2 0 N
20 30 0 1 N
35 22 2 2 N
35 11 0 1 N
35 25 1 0 N
22 39 2 0 N
22 16 1 2 N
22 38 0 1 N
39 12 1 0 N
39 17 2 1 N
39 4 0 2 N
12 15 1 2 N
12 7 2 0 N
12 30 0 1 N
15 13 1 2 N
15 6 2 1 N
15 8 0 0 N
13 30 1 0 N
13 4 0 1 N
13 8 2 2 N
30 36 2 1 N
30 30 0 0 N
30 30 1 2 N
36 32 2 1 N
36 4 1 0 N
36 2 0 2 N
32 6 2 1 N
32 10 0 0 N
32 21 1 2 N
6 9 2 0 N
6 10 1 2 N
6 10 0 1 N
9 17 2 0 N
9 34 1 2 N
9 29 0 1 N
17 10 1 0 N
17 34 0 1 N
17 16 2 2 N
10 25 1 2 N
10 6 2 0 N
10 2 0 1 N
25 8 1 1 N
25 14 0 0 N
25 0 2 2 N
8 7 0 1 N
8 28 1 2 N
8 12 2 0 N
7 19 2 0 N
7 12 0 2 N
7 26 1 1 N
19 3 1 0 N
19 39 0 2 N
19 4 2 1 N
3 4 1 0 N
3 28 0 2 N
3 29 2 1 N
4 24 2 0 N
4 28 0 1 N
4 34 1 2 N
24 26 1 0 N
24 37 0 1 N
24 4 2 2 N
26 0 2 1 N
26 7 0 2 N
26 30 1 0 N
0 11 0 0 N
0 28 1 2 N
0 34 2 1 N
11 29 0 2 N
11 16 1 0 N
11 20 2 1 N
29 2 2 1 N
29 9 1 2 N
29 7 0 0 N
2 28 0 2 N
2 25 1 1 N
2 21 2 0 N
28 21 1 0 N
28 12 2 2 N
28 38 0 1 N
21 23 2 2 N
21 18 0 1 N
21 8 1 0 N
23 5 0 1 N
23 7 1 2 N
23 29 2 0 N
5 16 1 1 N
5 27 2 2 N
5 28 0 0 N
16 33 2 2 N
16 33 0 0 N
16 27 1 1 N
33 27 2 2 N
33 30 0 0 N
33 7 1 1 N
27 28 0 0 N
27 23 1 1 N
27 29 2 2 N
