19 24 1 2 S
19 23 0 1 S
19 9 2 0 S
24 34 2 0 N
24 4 1 1 N
24 7 0 2 N
34 22 0 0 N
34 9 1 2 N
34 28 2 1 N
22 35 2 2 N
22 31 0 0 N
22 26 1 1 N
35 16 0 0 N
35 30 2 2 N
35 3 1 1 N
16 7 0 1 N
16 2 1 0 N
16 35 2 2 N
7 5 1 1 N
7 30 0 0 N
7 8 2 2 N
5 0 2 2 N
5 15 1 0 N
5 38 0 1 N
0 28 2 1 N
0 7 1 0 N
0 35 0 2 N
28 30 0 2 N
28 8 1 0 N
28 12 2 1 N
30 27 0 2 N
30 18 1 1 N
30 12 2 0 N
27 20 0 1 N
27 1 2 2 N
27 7 1 0 N
20 13 2 1 N
20 33 1 0 N
20 16 0 2 N
13 36 2 1 N
13 1 1 0 N
13 26 0 2 N
36 25 2 0 N
36 24 1 2 N
36 18 0 1 N
25 12 2 0 N
25 30 0 1 N
25 18 1 2 N
12 10 0 1 N
12 14 2 2 N
12 9 1 0 N
10 38 1 0 N
10 7 2 1 N
10 38 0 2 N
38 4 0 0 N
38 12 1 2 N
38 1 2 1 N
4 31 2 1 N
4 11 1 0 N
4 10 0 2 N
31 8 0 0 N
31 38 1 2 N
31 28 2 1 N
8 15 2 1 N
8 10 0 0 N
8 12 1 2 N
15 17 2 0 N
15 8 1 2 N
15 35 0 1 N
17 6 1 0 N
17 23 2 2 N
17 4 0 1 N
6 33 1 0 N
6 31 0 1 N
6 12 2 2 N
33 3 1 2 N
33 19 0 0 N
33 32 2 1 N
3 2 2 1 N
3 13 0 2 N
3 26 1 0 N
2 32 0 1 N
2 35 1 0 N
2 29 2 2 N
32 18 2 1 N
32 20 1 0 N
32 29 0 2 N
18 39 2 2 N
18 12 1 1 N
18 35 0 0 N
39 26 0 1 N
39 33 2 2 N
39 33 1 0 N
26 29 2 0 N
26 28 0 2 N
26 19 1 1 N
29 23 0 0 N
29 30 2 2 N
29 38 1 1 N
23 1 0 0 N
23 30 1 2 N
23 1 2 1 N
1 37 0 2 N
1 23 2 0 N
1 1 1 1 N
37 21 1 1 N
37 16 0 0 N
37 26 2 2 N
21 11 0 0 N
21 11 1 2 N
21 5 2 1 N
11 14 2 1 N
11 7 1 2 N
11 14 0 0 N
14 9 0 1 N
14 4 2 0 N
14 29 1 2 N
9 15 2 1 N
9 1 0 0 N
9 1 1 2 N
