8 6 2 0 S
8 18 0 1 S
8 19 1 2 S
6 3 2 1 N
6 3 0 2 N
6 5 1 0 N
3 17 1 1 N
3 2 0 2 N
3 5 2 0 N
17 13 0 2 N
17 23 2 1 N
17 35 1 0 N
13 20 2 0 N
13 5 0 1 N
13 28 1 2 N
20 38 2 2 N
20 1 1 1 N
20 1 0 0 N
38 35 0 0 N
38 10 1 2 N
38 22 2 1 N
35 31 0 1 N
35 31 1 0 N
35 38 2 2 N
31 7 2 2 N
31 6 1 1 N
31 28 0 0 N
7 24 1 0 N
7 19 0 1 N
7 9 2 2 N
24 4 0 1 N
24 0 2 2 N
24 23 1 0 N
4 9 2 1 N
4 20 1 0 N
4 12 0 2 N
9 22 2 0 N
9 5 1 1 N
9 1 0 2 N
22 28 0 2 N
22 15 2 0 N
22 15 1 1 N
28 30 1 1 N
28 20 0 0 N
28 34 2 2 N
30 26 1 2 N
30 12 2 0 N
30 1 0 1 N
26 37 2 2 N
26 28 0 1 N
26 25 1 0 N
37 2 1 0 N
37 11 0 1 N
37 19 2 2 N
2 29 0 0 N
2 3 1 2 N
2 5 2 1 N
29 11 2 0 N
29 36 0 1 N
29 1 1 2 N
11 15 0 2 N
11 13 2 1 N
11 28 1 0 N
15 39 2 1 N
15 2 0 0 N
15 15 1 2 N
39 16 2 1 N
39 10 0 2 N
39 20 1 0 N
16 5 2 0 N
16 8 1 1 N
16 23 0 2 N
5 32 1 2 N
5 22 0 1 N
5 25 2 0 N
32 0 1 0 N
32 5 2 2 N
32 11 0 1 N
0 10 2 2 N
0 27 0 1 N
0 36 1 0 N
10 1 2 0 N
10 26 1 1 N
10 25 0 2 N
1 14 1 2 N
1 11 0 0 N
1 25 2 1 N
14 18 2 2 N
14 32 1 1 N
14 23 0 0 N
18 27 1 2 N
18 22 0 0 N
18 19 2 1 N
27 33 2 1 N
27 36 1 0 N
27 6 0 2 N
33 25 0 2 N
33 32 1 1 N
33 13 2 0 N
25 21 2 2 N
25 3 0 0 N
25 15 1 1 N
21 36 1 2 N
21 8 2 0 N
21 23 0 1 N
36 19 1 2 N
36 23 0 0 N
36 1 2 1 N
19 23 0 2 N
19 30 2 0 N
19 22 1 1 N
23 12 2 2 N
23 15 1 1 N
23 25 0 0 N
12 34 0 2 N
12 22 2 1 N
12 25 1 0 N
34 3 2 1 N
34 25 0 2 N
34 15 1 0 N
