21 29 2 2 S
21 12 1 0 S
21 14 0 1 S
29 10 0 0 N
29 12 1 1 N
29 14 2 2 N
10 28 0 1 N
10 3 2 0 N
10 20 1 2 N
28 22 0 0 N
28 2 1 2 N
28 0 2 1 N
22 37 0 2 N
22 29 1 1 N
22 32 2 0 N
37 17 2 0 N
37 14 1 1 N
37 23 0 2 N
17 27 0 2 N
17 15 1 1 N
17 15 2 0 N
27 26 1 0 N
27 1 0 2 N
27 8 2 1 N
26 25 0 1 N
26 6 1 2 N
26 19 2 0 N
25 2 0 0 N
25 16 2 2 N
25 13 1 1 N
2 35 2 1 N
2 20 1 2 N
2 5 0 0 N
35 15 0 2 N
35 9 1 1 N
35 23 2 0 N
15 32 0 1 N
15 28 2 0 N
15 14 1 2 N
32 33 0 2 N
32 33 1 0 N
32 8 2 1 N
33 39 2 2 N
33 21 0 0 N
33 22 1 1 N
39 24 2 1 N
39 7 1 2 N
39 15 0 0 N
24 13 0 0 N
24 22 1 1 N
24 21 2 2 N
13 6 0 1 N
13 10 1 2 N
13 20 2 0 N
6 19 0 0 N
6 27 1 2 N
6 31 2 1 N
19 38 1 2 N
19 33 2 0 N
19 34 0 1 N
38 9 2 1 N
38 36 1 2 N
38 5 0 0 N
9 30 1 1 N
9 15 2 2 N
9 36 0 0 N
30 1 1 1 N
30 29 0 0 N
30 13 2 2 N
1 3 1 2 N
1 18 2 1 N
1 1 0 0 N
3 12 2 1 N
3 4 1 2 N
3 14 0 0 N
12 18 0 0 N
12 0 2 1 N
12 23 1 2 N
18 20 2 2 N
18 27 0 1 N
18 29 1 0 N
20 7 1 0 N
20 28 0 1 N
20 31 2 2 N
7 0 0 0 N
7 15 2 2 N
7 37 1 1 N
0 5 1 2 N
0 5 2 0 N
0 20 0 1 N
5 23 0 1 N
5 31 2 2 N
5 1 1 0 N
23 11 0 0 N
23 33 2 1 N
23 15 1 2 N
11 34 2 2 N
11 22 1 1 N
11 21 0 0 N
34 8 0 2 N
34 15 2 0 N
34 1 1 1 N
8 31 2 1 N
8 20 0 0 N
8 20 1 2 N
31 4 1 1 N
31 21 2 0 N
31 14 0 2 N
4 16 0 1 N
4 3 2 2 N
4 31 1 0 N
16 36 0 1 N
16 11 2 2 N
16 32 1 0 N
36 14 0 2 N
36 8 1 0 N
36 14 2 1 N
14 15 0 1 N
14 31 1 0 N
14 1 2 2 N
