12 8 1 1 S
12 11 2 0 S
12 8 0 2 S
8 9 1 2 N
8 19 0 0 N
8 39 2 1 N
9 26 2 1 N
9 39 0 2 N
9 11 1 0 N
26 31 0 1 N
26 24 1 0 N
26 11 2 2 N
31 4 2 1 N
31 15 0 0 N
31 27 1 2 N
4 20 2 2 N
4 19 0 0 N
4 14 1 1 N
20 23 2 1 N
20 23 1 2 N
20 36 0 0 N
23 22 0 1 N
23 0 1 0 N
23 29 2 2 N
22 33 2 1 N
22 4 0 2 N
22 3 1 0 N
33 38 2 0 N
33 29 1 1 N
33 20 0 2 N
38 15 0 0 N
38 32 2 1 N
38 29 1 2 N
15 16 1 0 N
15 12 0 1 N
15 6 2 2 N
16 10 0 0 N
16 38 1 2 N
16 20 2 1 N
10 5 2 2 N
10 29 0 0 N
10 26 1 1 N
5 1 2 2 N
5 21 1 1 N
5 39 0 0 N
1 27 2 0 N
1 30 0 2 N
1 33 1 1 N
27 29 2 1 N
27 6 0 0 N
27 17 1 2 N
29 0 2 0 N
29 38 1 2 N
29 36 0 1 N
0 21 2 2 N
0 38 0 1 N
0 29 1 0 N
21 37 2 1 N
21 12 1 2 N
21 32 0 0 N
37 34 1 2 N
37 12 0 1 N
37 19 2 0 N
34 32 0 0 N
34 21 2 1 N
34 26 1 2 N
32 7 1 2 N
32 39 0 0 N
32 29 2 1 N
7 36 0 0 N
7 20 2 1 N
7 35 1 2 N
36 14 2 0 N
36 32 0 2 N
36 36 1 1 N
14 19 0 1 N
14 11 2 0 N
14 8 1 2 N
19 25 0 1 N
19 10 1 2 N
19 20 2 0 N
25 18 2 1 N
25 2 1 0 N
25 37 0 2 N
18 2 2 1 N
18 0 0 2 N
18 8 1 0 N
2 13 1 1 N
2 29 2 2 N
2 6 0 0 N
13 6 1 1 N
13 30 0 2 N
13 5 2 0 N
6 35 1 2 N
6 28 0 0 N
6 36 2 1 N
35 30 2 0 N
35 9 0 1 N
35 14 1 2 N
30 28 0 2 N
30 17 2 0 N
30 10 1 1 N
28 3 1 0 N
28 19 0 2 N
28 0 2 1 N
3 17 0 0 N
3 31 1 1 N
3 21 2 2 N
17 24 2 1 N
17 33 0 0 N
17 26 1 2 N
24 11 1 2 N
24 28 2 0 N
24 15 0 1 N
11 39 2 1 N
11 39 1 2 N
11 29 0 0 N
39 32 1 2 N
39 36 0 1 N
39 29 2 0 N
