8 39 2 2 S
8 6 1 1 S
8 25 0 0 S
39 25 0 0 N
39 26 2 1 N
39 21 1 2 N
25 23 0 2 N
25 35 1 1 N
25 4 2 0 N
23 0 2 0 N
23 22 0 2 N
23 39 1 1 N
0 22 0 1 N
0 10 1 2 N
0 17 2 0 N
22 17 0 1 N
22 3 1 0 N
22 34 2 2 N
17 2 1 2 N
17 4 2 0 N
17 17 0 1 N
2 10 1 0 N
2 10 0 1 N
2 14 2 2 N
10 18 0 0 N
10 16 1 2 N
10 29 2 1 N
18 34 1 0 N
18 2 0 2 N
18 21 2 1 N
34 32 2 0 N
34 31 0 2 N
34 12 1 1 N
32 37 1 1 N
32 25 2 0 N
32 14 0 2 N
37 36 0 2 N
37 33 2 0 N
37 26 1 1 N
36 5 2 2 N
36 4 0 1 N
36 10 1 0 N
5 3 1 1 N
5 4 0 2 N
5 25 2 0 N
3 35 1 2 N
3 8 2 1 N
3 20 0 0 N
35 15 0 2 N
35 2 2 0 N
35 32 1 1 N
15 21 1 1 N
15 4 2 0 N
15 4 0 2 N
21 26 0 2 N
21 30 2 1 N
21 14 1 0 N
26 20 0 0 N
26 25 2 1 N
26 4 1 2 N
20 11 2 1 N
20 27 0 0 N
20 38 1 2 N
11 24 0 0 N
11 30 1 2 N
11 35 2 1 N
24 9 1 2 N
24 16 2 0 N
24 9 0 1 N
9 12 1 2 N
9 23 2 1 N
9 14 0 0 N
12 28 0 1 N
12 26 2 0 N
12 4 1 2 N
28 31 2 2 N
28 26 1 1 N
28 27 0 0 N
31 13 1 2 N
31 38 0 1 N
31 38 2 0 N
13 33 1 1 N
13 5 2 2 N
13 4 0 0 N
33 4 1 2 N
33 26 2 0 N
33 4 0 1 N
4 38 2 0 N
4 14 0 2 N
4 17 1 1 N
38 1 0 1 N
38 20 2 2 N
38 2 1 0 N
1 7 1 0 N
1 28 0 1 N
1 37 2 2 N
7 27 0 1 N
7 38 1 0 N
7 38 2 2 N
27 16 1 2 N
27 14 2 1 N
27 32 0 0 N
16 14 0 0 N
16 15 2 1 N
16 38 1 2 N
14 29 2 2 N
14 17 0 0 N
14 17 1 1 N
29 6 0 1 N
29 25 1 0 N
29 35 2 2 N
6 19 2 2 N
6 16 0 1 N
6 35 1 0 N
19 30 2 1 N
19 26 0 0 N
19 37 1 2 N
30 17 0 1 N
30 2 1 2 N
30 27 2 0 N
