27 35 0 0 S
27 14 2 1 S
27 24 1 2 S
35 6 1 1 N
35 27 0 0 N
35 17 2 2 N
6 20 0 0 N
6 15 2 1 N
6 26 1 2 N
20 30 0 1 N
20 33 2 2 N
20 38 1 0 N
30 29 0 0 N
30 9 2 2 N
30 24 1 1 N
29 1 2 1 N
29 26 1 2 N
29 9 0 0 N
1 37 1 1 N
1 6 0 2 N
1 0 2 0 N
37 33 0 0 N
37 33 2 2 N
37 28 1 1 N
33 22 1 0 N
33 14 0 2 N
33 28 2 1 N
22 39 2 2 N
22 11 1 1 N
22 10 0 0 N
39 17 2 1 N
39 27 0 0 N
39 0 1 2 N
17 26 2 0 N
17 16 1 2 N
17 32 0 1 N
26 24 0 2 N
26 38 2 0 N
26 0 1 1 N
24 19 1 0 N
24 11 0 1 N
24 0 2 2 N
19 16 2 1 N
19 9 1 2 N
19 24 0 0 N
16 13 2 1 N
16 17 1 0 N
16 6 0 2 N
13 11 2 0 N
13 29 1 2 N
13 28 0 1 N
11 14 1 2 N
11 18 2 1 N
11 38 0 0 N
14 38 1 2 N
14 6 2 0 N
14 15 0 1 N
38 18 2 1 N
38 9 0 0 N
38 15 1 2 N
18 7 2 0 N
18 34 1 2 N
18 38 0 1 N
7 10 0 1 N
7 32 2 0 N
7 11 1 2 N
10 21 0 0 N
10 7 2 2 N
10 11 1 1 N
21 0 1 1 N
21 28 0 2 N
21 2 2 0 N
0 31 2 1 N
0 12 0 2 N
0 7 1 0 N
31 3 1 1 N
31 39 0 0 N
31 17 2 2 N
3 23 1 1 N
3 8 0 2 N
3 21 2 0 N
23 5 1 1 N
23 24 2 0 N
23 9 0 2 N
5 8 0 0 N
5 31 1 1 N
5 2 2 2 N
8 32 2 2 N
8 21 1 0 N
8 11 0 1 N
32 15 0 0 N
32 11 2 2 N
32 7 1 1 N
15 9 1 0 N
15 27 0 1 N
15 15 2 2 N
9 36 1 0 N
9 27 0 2 N
9 7 2 1 N
36 34 2 1 N
36 12 1 0 N
36 14 0 2 N
34 4 0 0 N
34 18 1 2 N
34 18 2 1 N
4 25 2 2 N
4 29 1 0 N
4 7 0 1 N
25 12 2 2 N
25 7 1 1 N
25 27 0 0 N
12 2 0 0 N
12 16 2 1 N
12 32 1 2 N
2 28 2 2 N
2 10 1 0 N
2 11 0 1 N
28 29 0 0 N
28 15 1 1 N
28 15 2 2 N
