4 32 2 1 S
4 0 1 0 S
4 2 0 2 S
32 21 2 2 N
32 11 1 1 N
32 23 0 0 N
21 38 2 1 N
21 17 1 2 N
21 3 0 0 N
38 27 1 2 N
38 30 0 1 N
38 27 2 0 N
27 12 0 1 N
27 15 1 2 N
27 28 2 0 N
12 15 0 0 N
12 33 2 2 N
12 19 1 1 N
15 6 1 0 N
15 28 0 2 N
15 28 2 1 N
6 26 2 2 N
6 15 1 1 N
6 32 0 0 N
26 23 2 1 N
26 36 0 0 N
26 32 1 2 N
23 19 0 0 N
23 39 1 2 N
23 28 2 1 N
19 33 2 0 N
19 13 1 2 N
19 7 0 1 N
33 20 1 0 N
33 30 2 1 N
33 25 0 2 N
20 9 0 0 N
20 15 2 2 N
20 32 1 1 N
9 28 2 1 N
9 32 1 2 N
9 31 0 0 N
28 14 2 0 N
28 15 1 1 N
28 28 0 2 N
14 10 0 1 N
14 3 1 2 N
14 7 2 0 N
10 0 0 1 N
10 28 1 2 N
10 38 2 0 N
0 34 1 1 N
0 33 2 0 N
0 15 0 2 N
34 17 2 2 N
34 23 1 0 N
34 15 0 1 N
17 8 2 1 N
17 7 1 0 N
17 11 0 2 N
8 37 0 1 N
8 18 1 2 N
8 36 2 0 N
37 2 2 0 N
37 30 1 1 N
37 36 0 2 N
2 22 1 1 N
2 33 0 0 N
2 27 2 2 N
22 39 1 2 N
22 19 2 0 N
22 13 0 1 N
39 1 0 0 N
39 3 2 2 N
39 34 1 1 N
1 11 1 2 N
1 8 2 0 N
1 15 0 1 N
11 5 2 2 N
11 27 0 1 N
11 34 1 0 N
5 16 2 0 N
5 28 1 2 N
5 3 0 1 N
16 29 2 0 N
16 39 1 1 N
16 39 0 2 N
29 35 2 2 N
29 13 0 1 N
29 15 1 0 N
35 24 0 2 N
35 23 1 1 N
35 25 2 0 N
24 18 2 1 N
24 9 1 2 N
24 14 0 0 N
18 36 1 0 N
18 3 0 1 N
18 6 2 2 N
36 7 0 0 N
36 9 2 1 N
36 6 1 2 N
7 30 0 2 N
7 11 2 0 N
7 34 1 1 N
30 25 0 2 N
30 2 2 0 N
30 32 1 1 N
25 3 1 2 N
25 35 2 0 N
25 15 0 1 N
3 31 1 2 N
3 38 2 0 N
3 15 0 1 N
31 13 2 0 N
31 0 0 2 N
31 23 1 1 N
13 32 2 2 N
13 0 1 1 N
13 17 0 0 N
