1 37 0 0 S
1 10 2 2 S
1 12 1 1 S
37 31 1 1 N
37 15 0 0 N
37 11 2 2 N
31 28 2 0 N
31 23 0 2 N
31 16 1 1 N
28 33 1 2 N
28 38 0 0 N
28 28 2 1 N
33 27 2 1 N
33 28 1 2 N
33 11 0 0 N
27 14 0 0 N
27 0 1 2 N
27 29 2 1 N
14 17 0 0 N
14 36 1 1 N
14 12 2 2 N
17 10 0 1 N
17 32 2 2 N
17 36 1 0 N
10 32 2 2 N
10 14 0 0 N
10 14 1 1 N
32 5 2 1 N
32 6 1 2 N
32 0 0 0 N
5 30 1 2 N
5 32 2 0 N
5 8 0 1 N
30 18 1 2 N
30 11 0 0 N
30 17 2 1 N
18 2 1 0 N
18 11 0 1 N
18 36 2 2 N
2 25 2 0 N
2 31 0 1 N
2 18 1 2 N
25 15 0 1 N
25 29 1 2 N
25 39 2 0 N
15 13 0 1 N
15 1 1 2 N
15 17 2 0 N
13 21 1 0 N
13 12 0 1 N
13 20 2 2 N
21 4 0 0 N
21 6 2 1 N
21 39 1 2 N
4 19 0 1 N
4 17 1 2 N
4 39 2 0 N
19 16 2 2 N
19 16 0 0 N
19 20 1 1 N
16 11 0 0 N
16 12 1 1 N
16 28 2 2 N
11 26 2 0 N
11 22 0 1 N
11 20 1 2 N
26 6 2 1 N
26 34 0 2 N
26 34 1 0 N
6 24 0 2 N
6 28 2 0 N
6 28 1 1 N
24 35 0 2 N
24 10 1 1 N
24 3 2 0 N
35 20 1 0 N
35 8 2 2 N
35 10 0 1 N
20 29 0 1 N
20 9 2 0 N
20 28 1 2 N
29 0 2 1 N
29 22 1 0 N
29 14 0 2 N
0 9 1 1 N
0 31 0 2 N
0 28 2 0 N
9 12 1 1 N
9 10 2 0 N
9 16 0 2 N
12 39 1 1 N
12 16 0 0 N
12 6 2 2 N
39 7 0 2 N
39 8 2 1 N
39 23 1 0 N
7 3 2 2 N
7 21 1 1 N
7 6 0 0 N
3 34 1 0 N
3 10 0 2 N
3 39 2 1 N
34 22 0 0 N
34 6 1 1 N
34 6 2 2 N
22 36 0 1 N
22 28 2 0 N
22 12 1 2 N
36 38 2 0 N
36 20 1 2 N
36 20 0 1 N
38 23 0 1 N
38 31 2 2 N
38 1 1 0 N
23 8 2 1 N
23 34 1 0 N
23 20 0 2 N
8 10 2 2 N
8 15 0 0 N
8 36 1 1 N
