8 27 1 2 S
8 23 0 0 S
8 38 2 1 S
27 23 2 0 N
27 3 0 1 N
27 31 1 2 N
23 26 1 2 N
23 12 2 0 N
23 17 0 1 N
26 3 2 1 N
26 13 1 0 N
26 15 0 2 N
3 34 2 2 N
3 36 0 0 N
3 6 1 1 N
34 11 2 0 N
34 6 0 2 N
34 3 1 1 N
11 33 2 2 N
11 14 0 1 N
11 28 1 0 N
33 7 2 2 N
33 31 1 0 N
33 9 0 1 N
7 22 0 0 N
7 20 2 2 N
7 22 1 1 N
22 1 2 1 N
22 8 1 0 N
22 27 0 2 N
1 28 2 0 N
1 8 1 2 N
1 26 0 1 N
28 24 1 2 N
28 27 0 1 N
28 38 2 0 N
24 14 0 0 N
24 31 2 1 N
24 16 1 2 N
14 31 0 1 N
14 17 1 0 N
14 31 2 2 N
31 15 0 1 N
31 21 2 2 N
31 23 1 0 N
15 37 1 2 N
15 26 0 0 N
15 17 2 1 N
37 20 2 1 N
37 10 1 2 N
37 4 0 0 N
20 10 2 1 N
20 15 0 2 N
20 3 1 0 N
10 2 2 1 N
10 19 1 0 N
10 6 0 2 N
2 29 1 0 N
2 23 2 1 N
2 15 0 2 N
29 19 2 1 N
29 3 1 0 N
29 6 0 2 N
19 18 1 0 N
19 0 2 1 N
19 2 0 2 N
18 5 1 2 N
18 23 0 0 N
18 1 2 1 N
5 36 2 2 N
5 25 0 0 N
5 22 1 1 N
36 30 1 0 N
36 10 0 1 N
36 0 2 2 N
30 39 2 1 N
30 18 1 2 N
30 9 0 0 N
39 35 0 1 N
39 21 1 2 N
39 23 2 0 N
35 17 1 2 N
35 9 0 0 N
35 17 2 1 N
17 6 1 0 N
17 3 2 1 N
17 6 0 2 N
6 32 2 1 N
6 20 0 0 N
6 6 1 2 N
32 21 2 0 N
32 6 0 1 N
32 38 1 2 N
21 9 1 1 N
21 23 2 2 N
21 23 0 0 N
9 25 1 1 N
9 24 0 0 N
9 24 2 2 N
25 4 0 1 N
25 1 1 2 N
25 36 2 0 N
4 12 0 1 N
4 15 1 2 N
4 24 2 0 N
12 38 2 1 N
12 27 0 2 N
12 29 1 0 N
38 16 2 2 N
38 34 1 1 N
38 18 0 0 N
16 13 2 1 N
16 0 1 2 N
16 26 0 0 N
13 0 0 1 N
13 31 1 0 N
13 6 2 2 N
0 22 0 1 N
0 3 2 2 N
0 3 1 0 N
