6 5 2 2 S
6 29 0 0 S
6 0 1 1 S
5 18 0 2 N
5 23 1 0 N
5 7 2 1 N
18 16 1 0 N
18 29 2 1 N
18 7 0 2 N
16 13 0 1 N
16 15 2 0 N
16 21 1 2 N
13 20 1 1 N
13 39 0 2 N
13 22 2 0 N
20 15 2 2 N
20 15 0 0 N
20 37 1 1 N
15 36 1 0 N
15 17 2 2 N
15 16 0 1 N
36 3 0 2 N
36 10 2 0 N
36 15 1 1 N
3 22 1 2 N
3 21 2 0 N
3 7 0 1 N
22 14 1 1 N
22 29 0 0 N
22 1 2 2 N
14 32 1 1 N
14 22 2 2 N
14 4 0 0 N
32 29 1 1 N
32 8 2 2 N
32 21 0 0 N
29 24 0 0 N
29 22 2 1 N
29 20 1 2 N
24 10 0 1 N
24 8 1 2 N
24 30 2 0 N
10 30 1 1 N
10 4 0 0 N
10 21 2 2 N
30 27 0 2 N
30 14 1 1 N
30 10 2 0 N
27 19 2 0 N
27 5 1 1 N
27 20 0 2 N
19 26 1 0 N
19 17 2 1 N
19 15 0 2 N
26 21 1 0 N
26 21 2 1 N
26 24 0 2 N
21 38 0 1 N
21 7 2 2 N
21 37 1 0 N
38 4 2 0 N
38 37 0 1 N
38 30 1 2 N
4 25 1 0 N
4 23 0 2 N
4 23 2 1 N
25 28 2 2 N
25 21 0 1 N
25 21 1 0 N
28 12 1 0 N
28 38 2 2 N
28 16 0 1 N
12 9 2 2 N
12 11 0 0 N
12 17 1 1 N
9 31 1 1 N
9 21 0 0 N
9 39 2 2 N
31 0 0 0 N
31 18 1 2 N
31 34 2 1 N
0 7 1 0 N
0 37 2 1 N
0 37 0 2 N
7 11 1 2 N
7 20 0 1 N
7 25 2 0 N
11 1 1 0 N
11 32 0 2 N
11 37 2 1 N
1 33 1 0 N
1 17 0 2 N
1 21 2 1 N
33 23 0 2 N
33 36 2 1 N
33 30 1 0 N
23 17 2 2 N
23 11 1 0 N
23 0 0 1 N
17 2 2 1 N
17 6 1 0 N
17 22 0 2 N
2 37 0 1 N
2 23 1 0 N
2 39 2 2 N
37 34 1 2 N
37 21 2 1 N
37 37 0 0 N
34 8 0 2 N
34 37 1 1 N
34 37 2 0 N
8 39 2 0 N
8 31 0 2 N
8 18 1 1 N
39 35 2 0 N
39 3 0 2 N
39 32 1 1 N
35 9 0 2 N
35 6 2 0 N
35 23 1 1 N
