10 12 0 1 S
10 33 1 2 S
10 36 2 0 S
12 34 0 2 N
12 8 2 1 N
12 27 1 0 N
34 19 2 0 N
34 18 1 1 N
34 25 0 2 N
19 14 2 2 N
19 18 1 0 N
19 2 0 1 N
14 31 0 1 N
14 3 1 0 N
14 39 2 2 N
31 16 1 2 N
31 26 0 1 N
31 27 2 0 N
16 11 1 0 N
16 6 0 2 N
16 6 2 1 N
11 26 1 0 N
11 22 2 1 N
11 10 0 2 N
26 6 1 2 N
26 3 0 1 N
26 37 2 0 N
6 13 1 0 N
6 37 2 1 N
6 25 0 2 N
13 29 2 0 N
13 19 0 2 N
13 34 1 1 N
29 18 0 0 N
29 6 1 1 N
29 31 2 2 N
18 5 1 0 N
18 27 2 2 N
18 27 0 1 N
5 20 0 2 N
5 19 1 1 N
5 7 2 0 N
20 23 0 1 N
20 17 1 2 N
20 12 2 0 N
23 3 2 2 N
23 19 1 1 N
23 18 0 0 N
3 1 2 2 N
3 27 0 1 N
3 25 1 0 N
1 8 1 1 N
1 30 2 2 N
1 9 0 0 N
8 15 2 0 N
8 29 1 1 N
8 27 0 2 N
15 37 0 1 N
15 9 1 2 N
15 21 2 0 N
37 32 0 2 N
37 2 2 1 N
37 6 1 0 N
32 39 0 0 N
32 31 2 2 N
32 2 1 1 N
39 17 0 0 N
39 10 1 2 N
39 8 2 1 N
17 25 2 0 N
17 5 0 1 N
17 37 1 2 N
25 4 0 1 N
25 3 1 0 N
25 31 2 2 N
4 30 2 2 N
4 39 1 1 N
4 25 0 0 N
30 21 1 1 N
30 14 0 2 N
30 39 2 0 N
21 33 2 2 N
21 35 0 1 N
21 31 1 0 N
33 7 2 0 N
33 35 0 1 N
33 27 1 2 N
7 27 2 1 N
7 37 1 0 N
7 23 0 2 N
27 24 0 0 N
27 25 2 1 N
27 27 1 2 N
24 36 0 0 N
24 14 1 1 N
24 34 2 2 N
36 22 0 2 N
36 25 1 0 N
36 35 2 1 N
22 2 1 2 N
22 34 0 0 N
22 25 2 1 N
2 28 0 0 N
2 17 2 1 N
2 3 1 2 N
28 38 1 1 N
28 7 2 0 N
28 7 0 2 N
38 9 0 1 N
38 26 1 2 N
38 6 2 0 N
9 0 0 1 N
9 34 2 0 N
9 34 1 2 N
0 35 2 0 N
0 16 1 2 N
0 19 0 1 N
35 28 2 1 N
35 6 1 0 N
35 37 0 2 N
