2 16 0 2 S
2 18 1 0 S
2 6 2 1 S
16 22 2 0 N
16 6 1 2 N
16 19 0 1 N
22 30 1 1 N
22 27 0 2 N
22 31 2 0 N
30 9 2 2 N
30 1 1 0 N
30 33 0 1 N
9 15 2 2 N
9 10 0 1 N
9 36 1 0 N
15 8 0 0 N
15 6 1 2 N
15 39 2 1 N
8 12 2 0 N
8 33 0 2 N
8 15 1 1 N
12 24 2 0 N
12 19 1 2 N
12 5 0 1 N
24 38 0 2 N
24 16 2 1 N
24 38 1 0 N
38 11 2 1 N
38 16 0 2 N
38 10 1 0 N
11 19 0 2 N
11 9 1 1 N
11 12 2 0 N
19 20 0 0 N
19 33 1 2 N
19 39 2 1 N
20 27 0 0 N
20 14 1 1 N
20 15 2 2 N
27 21 1 2 N
27 18 2 0 N
27 10 0 1 N
21 35 0 0 N
21 15 2 1 N
21 26 1 2 N
35 39 0 1 N
35 4 2 0 N
35 4 1 2 N
39 36 0 2 N
39 5 2 1 N
39 39 1 0 N
36 32 1 1 N
36 24 2 0 N
36 15 0 2 N
32 0 0 2 N
32 11 1 1 N
32 35 2 0 N
0 37 2 0 N
0 38 1 1 N
0 30 0 2 N
37 29 2 0 N
37 31 0 2 N
37 21 1 1 N
29 3 2 2 N
29 4 1 1 N
29 4 0 0 N
3 26 0 1 N
3 5 2 2 N
3 12 1 0 N
26 5 0 0 N
26 24 1 2 N
26 10 2 1 N
5 6 1 1 N
5 1 0 0 N
5 39 2 2 N
6 18 0 1 N
6 11 2 0 N
6 25 1 2 N
18 7 0 2 N
18 30 1 1 N
18 14 2 0 N
7 23 0 0 N
7 15 1 2 N
7 14 2 1 N
23 33 0 0 N
23 27 2 1 N
23 8 1 2 N
33 17 1 2 N
33 10 0 0 N
33 38 2 1 N
17 4 0 0 N
17 11 2 1 N
17 25 1 2 N
4 34 2 2 N
4 13 1 1 N
4 22 0 0 N
34 31 1 2 N
34 20 0 1 N
34 14 2 0 N
31 28 1 2 N
31 24 0 1 N
31 38 2 0 N
28 13 0 2 N
28 18 2 0 N
28 29 1 1 N
13 25 0 0 N
13 18 1 1 N
13 38 2 2 N
25 10 0 0 N
25 24 1 1 N
25 14 2 2 N
10 1 2 1 N
10 12 0 0 N
10 12 1 2 N
1 14 1 2 N
1 5 2 1 N
1 39 0 0 N
14 13 2 2 N
14 21 0 0 N
14 15 1 1 N
