13 28 0 1 S
13 27 1 0 S
13 28 2 2 S
28 33 2 0 N
28 35 0 2 N
28 3 1 1 N
33 6 0 0 N
33 37 2 1 N
33 29 1 2 N
6 0 0 1 N
6 20 1 0 N
6 4 2 2 N
0 21 0 2 N
0 36 1 1 N
0 26 2 0 N
21 39 0 0 N
21 30 1 1 N
21 9 2 2 N
39 11 1 2 N
39 37 0 0 N
39 21 2 1 N
11 29 1 2 N
11 9 2 0 N
11 39 0 1 N
29 14 2 2 N
29 3 0 1 N
29 2 1 0 N
14 25 2 1 N
14 5 0 2 N
14 20 1 0 N
25 10 0 0 N
25 18 1 1 N
25 38 2 2 N
10 35 2 2 N
10 7 1 0 N
10 23 0 1 N
35 9 1 0 N
35 31 0 2 N
35 17 2 1 N
9 16 1 0 N
9 28 2 1 N
9 20 0 2 N
16 5 0 2 N
16 7 1 1 N
16 7 2 0 N
5 18 2 2 N
5 32 1 0 N
5 29 0 1 N
18 36 0 2 N
18 4 2 0 N
18 20 1 1 N
36 17 1 0 N
36 7 0 2 N
36 29 2 1 N
17 27 1 2 N
17 33 2 0 N
17 22 0 1 N
27 37 1 0 N
27 34 0 2 N
27 22 2 1 N
37 3 2 2 N
37 6 1 1 N
37 30 0 0 N
3 30 1 0 N
3 13 0 1 N
3 31 2 2 N
30 26 0 2 N
30 33 2 1 N
30 2 1 0 N
26 15 1 1 N
26 3 0 2 N
26 2 2 0 N
15 7 1 0 N
15 33 0 2 N
15 30 2 1 N
7 12 1 2 N
7 9 2 1 N
7 30 0 0 N
12 19 1 1 N
12 28 0 0 N
12 20 2 2 N
19 34 2 2 N
19 3 0 0 N
19 26 1 1 N
34 8 1 0 N
34 30 2 1 N
34 9 0 2 N
8 24 0 1 N
8 0 1 0 N
8 29 2 2 N
24 2 0 0 N
24 18 2 2 N
24 1 1 1 N
2 20 2 2 N
2 38 1 0 N
2 21 0 1 N
20 22 0 2 N
20 9 2 1 N
20 20 1 0 N
22 23 0 0 N
22 14 2 1 N
22 9 1 2 N
23 32 2 2 N
23 31 1 0 N
23 8 0 1 N
32 1 2 1 N
32 17 0 2 N
32 15 1 0 N
1 4 2 2 N
1 33 0 1 N
1 37 1 0 N
4 38 0 2 N
4 18 2 0 N
4 17 1 1 N
38 31 2 1 N
38 3 0 0 N
38 37 1 2 N
31 9 0 2 N
31 22 2 0 N
31 20 1 1 N
