24 27 1 0 S
24 0 2 1 S
24 32 0 2 S
27 15 0 1 N
27 39 2 0 N
27 16 1 2 N
15 37 2 0 N
15 39 0 2 N
15 29 1 1 N
37 9 2 1 N
37 21 1 0 N
37 24 0 2 N
9 5 1 0 N
9 31 0 2 N
9 26 2 1 N
5 0 0 0 N
5 10 2 2 N
5 36 1 1 N
0 28 1 2 N
0 8 0 0 N
0 38 2 1 N
28 12 2 1 N
28 1 0 0 N
28 16 1 2 N
12 17 0 2 N
12 23 2 0 N
12 32 1 1 N
17 18 2 2 N
17 2 0 1 N
17 7 1 0 N
18 35 2 2 N
18 27 0 1 N
18 30 1 0 N
35 11 2 2 N
35 31 1 1 N
35 1 0 0 N
11 21 0 0 N
11 10 1 1 N
11 16 2 2 N
21 36 0 0 N
21 10 2 1 N
21 20 1 2 N
36 16 1 2 N
36 25 0 1 N
36 31 2 0 N
16 39 0 1 N
16 2 1 2 N
16 32 2 0 N
39 10 0 2 N
39 4 1 1 N
39 36 2 0 N
10 13 2 1 N
10 13 1 0 N
10 17 0 2 N
13 38 2 0 N
13 37 0 1 N
13 38 1 2 N
38 34 1 2 N
38 20 0 1 N
38 36 2 0 N
34 7 1 0 N
34 38 2 1 N
34 11 0 2 N
7 19 0 1 N
7 32 2 2 N
7 32 1 0 N
19 22 0 1 N
19 24 2 2 N
19 17 1 0 N
22 26 1 0 N
22 5 2 1 N
22 17 0 2 N
26 23 2 0 N
26 27 1 1 N
26 1 0 2 N
23 6 2 2 N
23 13 1 1 N
23 27 0 0 N
6 30 2 2 N
6 39 0 1 N
6 32 1 0 N
30 3 2 1 N
30 13 0 0 N
30 32 1 2 N
3 2 0 0 N
3 33 1 2 N
3 0 2 1 N
2 31 2 0 N
2 12 0 1 N
2 7 1 2 N
31 29 0 2 N
31 7 1 1 N
31 7 2 0 N
29 4 0 1 N
29 7 2 0 N
29 39 1 2 N
4 20 0 2 N
4 14 1 1 N
4 17 2 0 N
20 14 1 0 N
20 23 0 1 N
20 6 2 2 N
14 8 1 0 N
14 13 0 1 N
14 22 2 2 N
8 25 2 0 N
8 27 1 1 N
8 20 0 2 N
25 32 0 1 N
25 38 2 0 N
25 23 1 2 N
32 33 1 2 N
32 32 0 1 N
32 32 2 0 N
33 1 1 0 N
33 4 2 1 N
33 7 0 2 N
1 32 2 2 N
1 23 0 1 N
1 33 1 0 N
