21 9 2 1 S
21 26 0 0 S
21 27 1 2 S
9 15 1 0 N
9 35 0 2 N
9 11 2 1 N
15 20 1 1 N
15 24 0 2 N
15 8 2 0 N
20 11 1 0 N
20 16 2 1 N
20 38 0 2 N
11 2 0 2 N
11 6 2 1 N
11 38 1 0 N
2 39 1 0 N
2 30 0 2 N
2 30 2 1 N
39 31 2 1 N
39 4 0 2 N
39 25 1 0 N
31 18 1 1 N
31 28 2 0 N
31 16 0 2 N
18 23 0 0 N
18 37 2 1 N
18 11 1 2 N
23 6 0 1 N
23 3 2 2 N
23 19 1 0 N
6 34 0 0 N
6 23 2 1 N
6 38 1 2 N
34 35 1 2 N
34 27 0 1 N
34 31 2 0 N
35 37 2 2 N
35 36 0 1 N
35 15 1 0 N
37 29 2 1 N
37 33 0 2 N
37 32 1 0 N
29 0 2 2 N
29 10 0 1 N
29 38 1 0 N
0 33 2 2 N
0 18 1 1 N
0 14 0 0 N
33 8 2 1 N
33 20 1 2 N
33 28 0 0 N
8 4 0 0 N
8 9 1 1 N
8 29 2 2 N
4 38 2 2 N
4 10 1 0 N
4 28 0 1 N
38 13 1 2 N
38 28 0 1 N
38 14 2 0 N
13 14 0 2 N
13 3 1 0 N
13 22 2 1 N
14 28 1 0 N
14 14 2 1 N
14 14 0 2 N
28 30 0 1 N
28 36 1 0 N
28 38 2 2 N
30 27 1 0 N
30 28 2 2 N
30 14 0 1 N
27 17 2 1 N
27 13 0 0 N
27 3 1 2 N
17 22 2 2 N
17 0 1 0 N
17 36 0 1 N
22 26 1 0 N
22 23 0 1 N
22 30 2 2 N
26 7 1 2 N
26 32 2 0 N
26 31 0 1 N
7 1 0 2 N
7 31 2 1 N
7 25 1 0 N
1 3 1 1 N
1 11 0 0 N
1 33 2 2 N
3 24 2 1 N
3 33 0 2 N
3 23 1 0 N
24 5 2 1 N
24 11 0 0 N
24 19 1 2 N
5 25 1 0 N
5 14 0 2 N
5 24 2 1 N
25 10 0 1 N
25 9 1 0 N
25 33 2 2 N
10 36 2 1 N
10 25 0 0 N
10 29 1 2 N
36 32 0 0 N
36 8 2 2 N
36 30 1 1 N
32 12 2 2 N
32 8 0 1 N
32 34 1 0 N
12 16 2 2 N
12 26 1 0 N
12 30 0 1 N
16 19 0 0 N
16 38 1 2 N
16 28 2 1 N
19 32 2 2 N
19 30 0 0 N
19 38 1 1 N
