31 5 1 0 S
31 9 2 2 S
31 36 0 1 S
5 28 0 1 N
5 34 1 0 N
5 1 2 2 N
28 7 0 0 N
28 30 2 2 N
28 34 1 1 N
7 21 1 1 N
7 29 0 2 N
7 27 2 0 N
21 1 1 2 N
21 28 2 0 N
21 34 0 1 N
1 36 0 0 N
1 19 1 2 N
1 21 2 1 N
36 9 1 0 N
36 33 2 1 N
36 22 0 2 N
9 15 0 2 N
9 26 1 1 N
9 19 2 0 N
15 11 0 2 N
15 6 2 1 N
15 25 1 0 N
11 39 2 2 N
11 2 1 0 N
11 0 0 1 N
39 24 1 2 N
39 19 2 1 N
39 16 0 0 N
24 23 1 2 N
24 2 0 1 N
24 25 2 0 N
23 35 0 2 N
23 4 1 0 N
23 33 2 1 N
35 32 2 2 N
35 34 1 0 N
35 22 0 1 N
32 2 0 0 N
32 31 1 1 N
32 10 2 2 N
2 17 1 2 N
2 25 2 0 N
2 16 0 1 N
17 25 2 2 N
17 3 1 0 N
17 33 0 1 N
25 30 0 0 N
25 38 2 2 N
25 34 1 1 N
30 34 1 2 N
30 33 2 0 N
30 19 0 1 N
34 29 1 0 N
34 34 2 1 N
34 34 0 2 N
29 3 1 2 N
29 27 0 1 N
29 19 2 0 N
3 14 2 0 N
3 7 1 2 N
3 36 0 1 N
14 38 1 1 N
14 35 0 0 N
14 22 2 2 N
38 4 1 0 N
38 13 2 2 N
38 21 0 1 N
4 0 2 1 N
4 34 0 2 N
4 27 1 0 N
0 19 0 1 N
0 11 2 2 N
0 16 1 0 N
19 26 1 0 N
19 22 0 2 N
19 34 2 1 N
26 18 1 0 N
26 16 0 1 N
26 39 2 2 N
18 8 2 0 N
18 22 1 1 N
18 5 0 2 N
8 13 1 1 N
8 4 0 2 N
8 18 2 0 N
13 37 0 0 N
13 34 1 1 N
13 27 2 2 N
37 20 0 2 N
37 9 1 1 N
37 22 2 0 N
20 10 1 2 N
20 38 2 1 N
20 18 0 0 N
10 33 1 0 N
10 32 0 1 N
10 39 2 2 N
33 27 0 1 N
33 5 2 2 N
33 5 1 0 N
27 12 1 1 N
27 12 2 2 N
27 34 0 0 N
12 22 1 2 N
12 22 0 1 N
12 7 2 0 N
22 16 2 1 N
22 37 0 2 N
22 28 1 0 N
16 6 0 1 N
16 25 2 2 N
16 7 1 0 N
6 21 2 0 N
6 39 0 1 N
6 16 1 2 N
