30 27 1 1 S
30 9 2 0 S
30 15 0 2 S
27 29 2 1 N
27 4 0 2 N
27 25 1 0 N
29 1 0 2 N
29 4 1 1 N
29 35 2 0 N
1 7 1 2 N
1 37 2 0 N
1 3 0 1 N
7 11 1 0 N
7 38 2 2 N
7 5 0 1 N
11 12 2 2 N
11 18 1 0 N
11 15 0 1 N
12 3 1 1 N
12 10 0 0 N
12 9 2 2 N
3 20 2 2 N
3 2 0 1 N
3 28 1 0 N
20 37 2 0 N
20 14 0 2 N
20 23 1 1 N
37 13 0 2 N
37 23 2 0 N
37 28 1 1 N
13 17 1 2 N
13 37 0 0 N
13 29 2 1 N
17 6 0 1 N
17 20 2 0 N
17 3 1 2 N
6 9 2 0 N
6 25 0 1 N
6 25 1 2 N
9 23 2 1 N
9 16 1 2 N
9 31 0 0 N
23 28 2 2 N
23 24 1 1 N
23 8 0 0 N
28 18 2 2 N
28 9 1 0 N
28 15 0 1 N
18 39 0 1 N
18 1 2 0 N
18 25 1 2 N
39 31 0 1 N
39 19 2 2 N
39 24 1 0 N
31 38 1 0 N
31 28 0 1 N
31 15 2 2 N
38 35 1 1 N
38 24 2 2 N
38 10 0 0 N
35 15 2 0 N
35 39 0 1 N
35 28 1 2 N
15 0 1 2 N
15 37 0 0 N
15 15 2 1 N
0 25 2 0 N
0 29 1 2 N
0 28 0 1 N
25 32 2 0 N
25 8 1 1 N
25 9 0 2 N
32 34 1 2 N
32 7 2 1 N
32 36 0 0 N
34 8 1 2 N
34 37 2 1 N
34 31 0 0 N
8 5 0 0 N
8 15 2 1 N
8 4 1 2 N
5 19 1 0 N
5 31 0 1 N
5 0 2 2 N
19 33 2 0 N
19 24 0 2 N
19 29 1 1 N
33 36 0 2 N
33 28 2 1 N
33 3 1 0 N
36 2 1 0 N
36 22 2 1 N
36 25 0 2 N
2 22 2 2 N
2 0 1 1 N
2 25 0 0 N
22 10 1 0 N
22 6 0 2 N
22 8 2 1 N
10 4 0 2 N
10 35 1 1 N
10 5 2 0 N
4 14 0 2 N
4 29 2 1 N
4 1 1 0 N
14 26 1 0 N
14 2 0 1 N
14 35 2 2 N
26 16 0 1 N
26 0 2 2 N
26 1 1 0 N
16 21 0 0 N
16 3 2 1 N
16 5 1 2 N
21 24 0 2 N
21 22 2 0 N
21 1 1 1 N
24 34 2 2 N
24 25 0 1 N
24 31 1 0 N
