14 26 2 2 S
14 5 0 0 S
14 20 1 1 S
26 11 0 2 N
26 16 2 1 N
26 30 1 0 N
11 21 0 0 N
11 15 2 2 N
11 29 1 1 N
21 20 0 0 N
21 24 2 2 N
21 13 1 1 N
20 27 0 2 N
20 6 1 0 N
20 4 2 1 N
27 24 1 0 N
27 21 2 1 N
27 16 0 2 N
24 12 2 0 N
24 3 1 2 N
24 20 0 1 N
12 13 2 0 N
12 30 1 2 N
12 4 0 1 N
13 2 0 2 N
13 36 2 1 N
13 15 1 0 N
2 29 1 0 N
2 11 0 2 N
2 6 2 1 N
29 39 0 1 N
29 26 2 2 N
29 38 1 0 N
39 7 0 1 N
39 13 1 2 N
39 24 2 0 N
7 17 1 0 N
7 3 0 2 N
7 14 2 1 N
17 38 2 0 N
17 24 1 2 N
17 6 0 1 N
38 19 0 1 N
38 32 1 2 N
38 20 2 0 N
19 22 0 0 N
19 9 1 2 N
19 4 2 1 N
22 4 0 0 N
22 18 2 1 N
22 18 1 2 N
4 0 0 0 N
4 4 1 1 N
4 4 2 2 N
0 16 0 1 N
0 16 2 2 N
0 10 1 0 N
16 1 1 1 N
16 9 0 2 N
16 9 2 0 N
1 5 2 2 N
1 16 1 1 N
1 4 0 0 N
5 35 0 1 N
5 14 2 2 N
5 15 1 0 N
35 36 0 2 N
35 25 2 1 N
35 17 1 0 N
36 18 0 1 N
36 2 2 2 N
36 12 1 0 N
18 34 2 0 N
18 12 1 1 N
18 4 0 2 N
34 10 0 0 N
34 15 2 1 N
34 7 1 2 N
10 28 1 0 N
10 30 2 1 N
10 36 0 2 N
28 25 1 2 N
28 0 0 1 N
28 27 2 0 N
25 30 2 0 N
25 34 0 1 N
25 7 1 2 N
30 23 2 2 N
30 22 1 1 N
30 18 0 0 N
23 32 1 2 N
23 34 2 0 N
23 0 0 1 N
32 6 0 0 N
32 24 2 1 N
32 1 1 2 N
6 31 0 1 N
6 32 2 0 N
6 15 1 2 N
31 8 0 1 N
31 9 2 0 N
31 36 1 2 N
8 37 1 2 N
8 10 2 0 N
8 37 0 1 N
37 3 0 0 N
37 18 1 1 N
37 16 2 2 N
3 33 1 1 N
3 38 0 0 N
3 9 2 2 N
33 9 2 2 N
33 2 0 0 N
33 24 1 1 N
9 15 0 1 N
9 26 2 0 N
9 22 1 2 N
15 19 1 2 N
15 4 0 1 N
15 19 2 0 N
