4 18 0 1 S
4 35 2 2 S
4 8 1 0 S
18 12 0 2 N
18 27 2 1 N
18 10 1 0 N
12 3 2 0 N
12 2 0 1 N
12 32 1 2 N
3 32 1 0 N
3 4 0 1 N
3 13 2 2 N
32 11 1 1 N
32 26 2 2 N
32 33 0 0 N
11 16 2 1 N
11 19 1 0 N
11 18 0 2 N
16 15 1 2 N
16 33 0 0 N
16 38 2 1 N
15 25 1 2 N
15 26 2 0 N
15 15 0 1 N
25 14 2 2 N
25 37 1 1 N
25 17 0 0 N
14 7 1 2 N
14 6 2 0 N
14 32 0 1 N
7 35 0 0 N
7 28 1 2 N
7 18 2 1 N
35 2 0 2 N
35 28 1 1 N
35 2 2 0 N
2 9 0 0 N
2 20 2 2 N
2 18 1 1 N
9 10 0 2 N
9 10 1 0 N
9 27 2 1 N
10 5 0 2 N
10 31 2 1 N
10 38 1 0 N
5 37 1 1 N
5 4 0 2 N
5 36 2 0 N
37 28 0 0 N
37 36 2 2 N
37 13 1 1 N
28 30 1 0 N
28 31 2 1 N
28 38 0 2 N
30 21 2 2 N
30 15 1 1 N
30 16 0 0 N
21 6 2 2 N
21 13 0 0 N
21 32 1 1 N
6 22 2 1 N
6 38 1 0 N
6 26 0 2 N
22 1 2 0 N
22 28 1 2 N
22 24 0 1 N
1 34 0 0 N
1 25 1 1 N
1 15 2 2 N
34 19 1 1 N
34 23 0 2 N
34 3 2 0 N
19 39 2 1 N
19 10 1 0 N
19 36 0 2 N
39 24 2 2 N
39 13 0 0 N
39 16 1 1 N
24 13 1 0 N
24 7 0 2 N
24 38 2 1 N
13 27 0 2 N
13 5 1 0 N
13 32 2 1 N
27 31 0 2 N
27 24 1 0 N
27 33 2 1 N
31 36 2 2 N
31 10 0 1 N
31 38 1 0 N
36 20 0 0 N
36 38 1 1 N
36 16 2 2 N
20 33 2 0 N
20 21 0 2 N
20 15 1 1 N
33 17 1 0 N
33 29 2 1 N
33 16 0 2 N
17 23 0 0 N
17 32 2 2 N
17 5 1 1 N
23 8 2 1 N
23 39 0 2 N
23 33 1 0 N
8 29 0 0 N
8 20 1 2 N
8 33 2 1 N
29 26 2 2 N
29 16 1 0 N
29 35 0 1 N
26 0 1 1 N
26 32 0 2 N
26 10 2 0 N
0 38 2 2 N
0 20 1 0 N
0 18 0 1 N
38 32 1 1 N
38 15 2 0 N
38 15 0 2 N
