24 5 0 0 S
24 1 1 2 S
24 11 2 1 S
5 33 2 0 N
5 39 0 1 N
5 18 1 2 N
33 9 0 1 N
33 3 1 2 N
33 16 2 0 N
9 6 2 0 N
9 5 1 1 N
9 36 0 2 N
6 12 1 1 N
6 12 2 0 N
6 10 0 2 N
12 14 1 0 N
12 26 2 1 N
12 15 0 2 N
14 22 1 2 N
14 38 0 1 N
14 16 2 0 N
22 7 1 2 N
22 33 2 1 N
22 33 0 0 N
7 25 2 2 N
7 24 1 1 N
7 33 0 0 N
25 31 1 1 N
25 8 2 0 N
25 22 0 2 N
31 1 1 1 N
31 10 2 0 N
31 15 0 2 N
1 35 0 1 N
1 27 2 2 N
1 15 1 0 N
35 0 1 2 N
35 6 0 1 N
35 26 2 0 N
0 38 2 0 N
0 33 0 2 N
0 29 1 1 N
38 36 1 2 N
38 19 0 0 N
38 14 2 1 N
36 19 2 0 N
36 23 0 2 N
36 17 1 1 N
19 39 0 0 N
19 23 2 2 N
19 14 1 1 N
39 32 0 2 N
39 25 2 0 N
39 22 1 1 N
32 27 2 1 N
32 7 0 0 N
32 2 1 2 N
27 15 0 2 N
27 12 1 0 N
27 26 2 1 N
15 21 1 0 N
15 13 0 1 N
15 10 2 2 N
21 20 2 2 N
21 15 1 1 N
21 16 0 0 N
20 11 2 0 N
20 2 0 2 N
20 16 1 1 N
11 4 1 1 N
11 7 2 2 N
11 8 0 0 N
4 16 0 2 N
4 33 2 0 N
4 24 1 1 N
16 26 1 2 N
16 18 0 0 N
16 16 2 1 N
26 34 0 0 N
26 37 2 2 N
26 10 1 1 N
34 29 0 2 N
34 32 1 0 N
34 15 2 1 N
29 17 1 1 N
29 35 2 0 N
29 16 0 2 N
17 2 2 0 N
17 29 0 2 N
17 19 1 1 N
2 8 2 0 N
2 35 1 2 N
2 25 0 1 N
8 30 1 1 N
8 2 2 2 N
8 36 0 0 N
30 3 2 0 N
30 24 0 1 N
30 38 1 2 N
3 13 0 0 N
3 5 1 1 N
3 12 2 2 N
13 18 1 2 N
13 15 2 0 N
13 19 0 1 N
18 28 1 1 N
18 31 2 2 N
18 19 0 0 N
28 23 1 0 N
28 8 2 1 N
28 38 0 2 N
23 10 0 1 N
23 18 2 2 N
23 10 1 0 N
10 37 2 2 N
10 16 0 0 N
10 14 1 1 N
37 17 2 2 N
37 19 1 0 N
37 35 0 1 N
