5 35 1 0 S
5 36 0 1 S
5 14 2 2 S
35 11 0 2 N
35 30 2 0 N
35 27 1 1 N
11 29 1 2 N
11 28 2 1 N
11 2 0 0 N
29 22 1 1 N
29 3 2 2 N
29 7 0 0 N
22 28 1 1 N
22 1 2 2 N
22 29 0 0 N
28 38 0 1 N
28 33 1 0 N
28 1 2 2 N
38 7 0 2 N
38 25 2 0 N
38 39 1 1 N
7 17 2 0 N
7 15 0 1 N
7 0 1 2 N
17 6 1 1 N
17 8 2 2 N
17 5 0 0 N
6 3 1 2 N
6 38 0 0 N
6 12 2 1 N
3 27 2 2 N
3 10 1 1 N
3 0 0 0 N
27 37 0 2 N
27 1 1 1 N
27 1 2 0 N
37 2 2 1 N
37 28 1 0 N
37 32 0 2 N
2 12 2 2 N
2 12 1 1 N
2 21 0 0 N
12 13 0 1 N
12 7 2 0 N
12 25 1 2 N
13 32 1 0 N
13 32 0 2 N
13 12 2 1 N
32 31 1 2 N
32 10 2 1 N
32 0 0 0 N
31 4 1 1 N
31 33 2 2 N
31 8 0 0 N
4 33 1 2 N
4 18 0 0 N
4 24 2 1 N
33 30 2 0 N
33 18 1 1 N
33 28 0 2 N
30 36 2 0 N
30 28 0 1 N
30 1 1 2 N
36 15 1 0 N
36 10 2 2 N
36 10 0 1 N
15 1 1 1 N
15 7 2 2 N
15 1 0 0 N
1 18 0 2 N
1 27 1 0 N
1 1 2 1 N
18 20 0 0 N
18 1 2 1 N
18 10 1 2 N
20 39 1 2 N
20 17 0 1 N
20 39 2 0 N
39 24 2 1 N
39 16 0 0 N
39 7 1 2 N
24 14 0 2 N
24 33 1 0 N
24 34 2 1 N
14 23 2 1 N
14 32 1 2 N
14 30 0 0 N
23 19 2 1 N
23 34 0 2 N
23 30 1 0 N
19 10 0 1 N
19 18 1 2 N
19 6 2 0 N
10 25 1 2 N
10 0 2 0 N
10 28 0 1 N
25 26 2 1 N
25 2 1 2 N
25 30 0 0 N
26 21 1 2 N
26 3 0 0 N
26 7 2 1 N
21 8 0 2 N
21 1 2 1 N
21 3 1 0 N
8 0 2 2 N
8 32 1 0 N
8 32 0 1 N
0 9 1 0 N
0 39 0 2 N
0 27 2 1 N
9 34 2 0 N
9 29 1 2 N
9 30 0 1 N
34 16 1 1 N
34 14 2 0 N
34 1 0 2 N
16 15 1 1 N
16 28 2 0 N
16 29 0 2 N
