21 24 1 0 S
21 8 0 2 S
21 18 2 1 S
24 37 2 1 N
24 12 1 0 N
24 24 0 2 N
37 8 2 0 N
37 6 1 1 N
37 12 0 2 N
8 39 0 0 N
8 39 2 2 N
8 2 1 1 N
39 30 2 2 N
39 25 0 1 N
39 24 1 0 N
30 5 0 2 N
30 18 2 0 N
30 21 1 1 N
5 12 1 1 N
5 35 0 2 N
5 6 2 0 N
12 16 0 0 N
12 3 2 1 N
12 24 1 2 N
16 0 0 2 N
16 12 2 0 N
16 27 1 1 N
0 19 0 2 N
0 24 2 0 N
0 24 1 1 N
19 35 0 2 N
19 11 2 0 N
19 27 1 1 N
35 13 2 2 N
35 1 1 1 N
35 15 0 0 N
13 38 2 0 N
13 30 0 2 N
13 6 1 1 N
38 14 0 2 N
38 22 2 0 N
38 32 1 1 N
14 32 2 2 N
14 27 1 1 N
14 12 0 0 N
32 17 0 1 N
32 36 2 0 N
32 28 1 2 N
17 2 0 2 N
17 36 2 1 N
17 9 1 0 N
2 18 2 1 N
2 39 1 2 N
2 0 0 0 N
18 20 0 2 N
18 19 2 1 N
18 39 1 0 N
20 9 2 2 N
20 0 0 1 N
20 15 1 0 N
9 23 2 1 N
9 30 1 0 N
9 25 0 2 N
23 34 0 1 N
23 28 2 2 N
23 16 1 0 N
34 26 1 2 N
34 0 0 1 N
34 25 2 0 N
26 31 0 1 N
26 4 2 2 N
26 23 1 0 N
31 11 2 0 N
31 39 1 2 N
31 27 0 1 N
11 29 1 1 N
11 8 2 0 N
11 19 0 2 N
29 7 2 2 N
29 19 1 1 N
29 36 0 0 N
7 22 0 2 N
7 18 2 0 N
7 39 1 1 N
22 25 2 0 N
22 2 0 2 N
22 31 1 1 N
25 4 2 0 N
25 27 0 1 N
25 27 1 2 N
4 10 2 1 N
4 9 1 0 N
4 0 0 2 N
10 6 2 0 N
10 25 0 1 N
10 4 1 2 N
6 36 2 0 N
6 21 1 1 N
6 28 0 2 N
36 28 0 2 N
36 0 2 1 N
36 4 1 0 N
28 27 2 0 N
28 20 1 1 N
28 24 0 2 N
27 33 1 2 N
27 12 0 0 N
27 24 2 1 N
33 3 2 1 N
33 23 1 2 N
33 24 0 0 N
3 1 2 0 N
3 27 1 2 N
3 24 0 1 N
1 15 2 0 N
1 25 0 1 N
1 7 1 2 N
15 12 0 1 N
15 27 2 2 N
15 0 1 0 N
