2 3 0 2 S
2 8 1 1 S
2 24 2 0 S
3 22 2 2 N
3 17 0 0 N
3 10 1 1 N
22 15 2 2 N
22 6 0 1 N
22 21 1 0 N
15 5 0 1 N
15 23 2 2 N
15 13 1 0 N
5 10 0 2 N
5 7 1 0 N
5 7 2 1 N
10 9 0 2 N
10 20 2 1 N
10 10 1 0 N
9 19 0 1 N
9 15 1 2 N
9 10 2 0 N
19 21 1 0 N
19 20 0 2 N
19 13 2 1 N
21 23 2 1 N
21 10 0 2 N
21 23 1 0 N
23 17 2 0 N
23 3 1 2 N
23 13 0 1 N
17 12 0 1 N
17 20 2 0 N
17 21 1 2 N
12 4 1 0 N
12 19 2 1 N
12 19 0 2 N
4 7 0 2 N
4 16 2 1 N
4 13 1 0 N
7 24 2 0 N
7 23 0 1 N
7 23 1 2 N
24 14 0 0 N
24 2 2 2 N
24 20 1 1 N
14 8 2 2 N
14 3 0 1 N
14 0 1 0 N
8 18 2 0 N
8 15 1 2 N
8 23 0 1 N
18 0 0 2 N
18 2 2 1 N
18 4 1 0 N
0 11 2 1 N
0 7 1 0 N
0 21 0 2 N
11 16 0 2 N
11 20 1 0 N
11 21 2 1 N
16 6 0 1 N
16 5 1 0 N
16 19 2 2 N
6 20 2 1 N
6 9 0 0 N
6 4 1 2 N
20 1 2 0 N
20 7 0 2 N
20 10 1 1 N
1 13 0 1 N
1 21 1 0 N
1 7 2 2 N
13 14 2 1 N
13 21 0 0 N
13 10 1 2 N
