6 17 0 0 S
6 7 2 1 S
6 10 1 2 S
17 10 2 2 N
17 9 1 1 N
17 21 0 0 N
10 13 0 1 N
10 21 1 2 N
10 21 2 0 N
13 1 1 1 N
13 6 0 0 N
13 9 2 2 N
1 9 2 0 N
1 24 0 2 N
1 21 1 1 N
9 8 1 1 N
9 13 0 0 N
9 10 2 2 N
8 24 1 1 N
8 1 0 0 N
8 21 2 2 N
24 0 1 2 N
24 21 2 0 N
24 10 0 1 N
0 3 2 2 N
0 8 0 1 N
0 12 1 0 N
3 2 2 1 N
3 7 1 0 N
3 21 0 2 N
2 16 0 0 N
2 8 2 2 N
2 16 1 1 N
16 20 0 2 N
16 6 2 1 N
16 10 1 0 N
20 18 2 0 N
20 18 0 2 N
20 19 1 1 N
18 22 2 1 N
18 16 1 0 N
18 5 0 2 N
22 19 0 0 N
22 21 1 1 N
22 18 2 2 N
19 7 1 2 N
19 0 0 1 N
19 24 2 0 N
7 15 2 2 N
7 19 1 1 N
7 24 0 0 N
15 4 0 0 N
15 13 1 2 N
15 24 2 1 N
4 5 0 2 N
4 16 1 1 N
4 22 2 0 N
5 12 1 0 N
5 18 2 1 N
5 3 0 2 N
12 11 2 2 N
12 9 0 1 N
12 10 1 0 N
11 23 0 2 N
11 6 1 0 N
11 16 2 1 N
23 14 2 2 N
23 8 0 0 N
23 21 1 1 N
14 21 2 0 N
14 22 1 1 N
14 10 0 2 N
21 21 0 1 N
21 21 2 2 N
21 21 1 0 N
