8 7 2 0 S
8 15 0 2 S
8 1 1 1 S
7 21 0 1 N
7 4 2 0 N
7 8 1 2 N
21 10 2 2 N
21 14 1 0 N
21 3 0 1 N
10 2 1 0 N
10 21 0 2 N
10 8 2 1 N
2 3 0 2 N
2 3 1 1 N
2 20 2 0 N
3 9 1 1 N
3 11 2 0 N
3 5 0 2 N
9 24 1 0 N
9 15 2 1 N
9 1 0 2 N
24 11 2 1 N
24 2 1 2 N
24 2 0 0 N
11 1 1 2 N
11 24 0 0 N
11 21 2 1 N
1 6 2 0 N
1 3 0 2 N
1 15 1 1 N
6 14 0 2 N
6 10 2 1 N
6 4 1 0 N
14 4 2 2 N
14 16 0 1 N
14 16 1 0 N
4 5 1 1 N
4 23 0 2 N
4 15 2 0 N
5 12 2 1 N
5 1 0 2 N
5 15 1 0 N
12 23 2 0 N
12 11 1 2 N
12 20 0 1 N
23 18 0 2 N
23 2 2 0 N
23 15 1 1 N
18 20 1 2 N
18 4 0 0 N
18 20 2 1 N
20 19 0 2 N
20 19 2 1 N
20 15 1 0 N
19 0 2 0 N
19 21 0 1 N
19 13 1 2 N
0 15 1 2 N
0 8 0 0 N
0 14 2 1 N
15 13 2 1 N
15 5 1 2 N
15 15 0 0 N
13 16 2 2 N
13 24 0 0 N
13 8 1 1 N
16 22 1 2 N
16 24 0 1 N
16 3 2 0 N
22 17 2 0 N
22 21 0 2 N
22 4 1 1 N
17 9 2 1 N
17 1 0 2 N
17 1 1 0 N
