13 22 2 2 S
13 23 1 0 S
13 13 0 1 S
22 14 1 0 N
22 14 0 2 N
22 23 2 1 N
14 7 0 1 N
14 20 1 0 N
14 24 2 2 N
7 19 0 2 N
7 16 2 0 N
7 13 1 1 N
19 18 2 0 N
19 14 1 1 N
19 16 0 2 N
18 16 2 1 N
18 23 1 0 N
18 13 0 2 N
16 4 1 1 N
16 10 2 2 N
16 13 0 0 N
4 6 0 2 N
4 7 2 0 N
4 12 1 1 N
6 17 2 0 N
6 12 1 2 N
6 17 0 1 N
17 5 0 0 N
17 14 2 1 N
17 24 1 2 N
5 2 1 2 N
5 23 2 1 N
5 7 0 0 N
2 11 2 0 N
2 15 1 1 N
2 23 0 2 N
11 20 0 1 N
11 23 1 0 N
11 0 2 2 N
20 10 1 1 N
20 14 2 2 N
20 24 0 0 N
10 9 2 0 N
10 17 0 1 N
10 24 1 2 N
9 24 2 0 N
9 24 1 2 N
9 13 0 1 N
24 1 2 0 N
24 3 0 1 N
24 9 1 2 N
1 21 1 0 N
1 3 0 1 N
1 17 2 2 N
21 3 2 2 N
21 0 1 1 N
21 17 0 0 N
3 15 2 0 N
3 24 0 2 N
3 9 1 1 N
15 8 2 0 N
15 23 0 1 N
15 17 1 2 N
8 0 1 2 N
8 0 0 0 N
8 14 2 1 N
0 12 0 0 N
0 10 2 1 N
0 9 1 2 N
12 23 2 1 N
12 23 1 2 N
12 13 0 0 N
23 4 2 1 N
23 16 0 0 N
23 24 1 2 N
