15 8 2 0 S
15 9 0 2 S
15 9 1 1 S
8 20 0 0 N
8 20 1 1 N
8 7 2 2 N
20 6 2 2 N
20 23 0 1 N
20 3 1 0 N
6 16 0 0 N
6 10 2 1 N
6 8 1 2 N
16 2 1 1 N
16 17 2 2 N
16 23 0 0 N
2 9 0 0 N
2 4 2 2 N
2 5 1 1 N
9 4 0 0 N
9 20 1 1 N
9 13 2 2 N
4 23 1 0 N
4 2 2 1 N
4 5 0 2 N
23 14 2 1 N
23 8 0 2 N
23 10 1 0 N
14 13 1 2 N
14 19 0 1 N
14 18 2 0 N
13 24 0 0 N
13 22 2 1 N
13 12 1 2 N
24 18 0 2 N
24 13 1 1 N
24 0 2 0 N
18 3 0 1 N
18 21 2 2 N
18 5 1 0 N
3 22 2 2 N
3 22 0 0 N
3 8 1 1 N
22 19 2 0 N
22 17 1 2 N
22 22 0 1 N
19 10 2 1 N
19 7 1 2 N
19 21 0 0 N
10 5 0 2 N
10 0 1 1 N
10 17 2 0 N
5 21 1 0 N
5 3 0 1 N
5 6 2 2 N
21 0 1 2 N
21 22 2 0 N
21 10 0 1 N
0 1 0 1 N
0 10 2 0 N
0 6 1 2 N
1 11 1 2 N
1 10 2 1 N
1 6 0 0 N
11 12 1 1 N
11 14 2 2 N
11 17 0 0 N
12 17 2 0 N
12 10 1 2 N
12 22 0 1 N
17 7 1 1 N
17 10 2 2 N
17 22 0 0 N
7 3 1 1 N
7 0 0 0 N
7 12 2 2 N
