19 24 1 2 S
19 10 0 0 S
19 2 2 1 S
24 8 1 1 N
24 4 2 0 N
24 3 0 2 N
8 18 2 2 N
8 20 0 1 N
8 8 1 0 N
18 3 1 2 N
18 2 2 1 N
18 8 0 0 N
3 1 0 2 N
3 18 2 0 N
3 2 1 1 N
1 4 1 1 N
1 9 2 2 N
1 2 0 0 N
4 20 1 2 N
4 7 2 1 N
4 21 0 0 N
20 0 0 1 N
20 8 1 2 N
20 8 2 0 N
0 6 1 2 N
0 13 0 1 N
0 18 2 0 N
6 16 1 1 N
6 19 0 0 N
6 22 2 2 N
16 14 0 0 N
16 17 2 1 N
16 6 1 2 N
14 15 0 1 N
14 15 1 2 N
14 1 2 0 N
15 17 2 2 N
15 10 0 0 N
15 21 1 1 N
17 12 1 2 N
17 21 0 1 N
17 22 2 0 N
12 22 2 1 N
12 23 0 0 N
12 20 1 2 N
22 13 0 2 N
22 2 2 0 N
22 20 1 1 N
13 7 2 0 N
13 14 1 2 N
13 11 0 1 N
7 9 2 2 N
7 24 1 0 N
7 21 0 1 N
9 21 1 0 N
9 19 0 1 N
9 23 2 2 N
21 11 2 1 N
21 8 0 0 N
21 8 1 2 N
11 2 0 2 N
11 17 1 0 N
11 8 2 1 N
2 5 1 2 N
2 10 0 1 N
2 23 2 0 N
5 10 2 0 N
5 11 0 1 N
5 8 1 2 N
10 23 2 1 N
10 11 0 2 N
10 2 1 0 N
23 2 1 2 N
23 22 0 0 N
23 8 2 1 N
