21 2 1 1 S
21 20 2 0 S
21 8 0 2 S
2 12 0 1 N
2 8 1 0 N
2 20 2 2 N
12 5 0 1 N
12 14 1 0 N
12 20 2 2 N
5 10 1 2 N
5 12 0 1 N
5 12 2 0 N
10 17 1 2 N
10 20 0 0 N
10 24 2 1 N
17 7 0 0 N
17 2 1 2 N
17 24 2 1 N
7 6 0 2 N
7 18 1 1 N
7 6 2 0 N
6 18 2 1 N
6 8 0 2 N
6 20 1 0 N
18 8 1 2 N
18 19 2 0 N
18 10 0 1 N
8 11 0 2 N
8 5 1 1 N
8 8 2 0 N
11 13 1 1 N
11 10 2 2 N
11 17 0 0 N
13 4 0 0 N
13 18 1 2 N
13 23 2 1 N
4 9 1 2 N
4 10 0 0 N
4 20 2 1 N
9 14 1 2 N
9 5 0 0 N
9 20 2 1 N
14 0 2 1 N
14 22 1 0 N
14 20 0 2 N
0 23 1 2 N
0 20 0 0 N
0 24 2 1 N
23 24 1 2 N
23 8 2 1 N
23 12 0 0 N
24 19 1 2 N
24 12 2 0 N
24 12 0 1 N
19 1 1 2 N
19 9 2 1 N
19 6 0 0 N
1 16 1 0 N
1 22 0 1 N
1 14 2 2 N
16 22 2 1 N
16 6 0 0 N
16 18 1 2 N
22 3 0 0 N
22 2 2 1 N
22 4 1 2 N
3 15 0 2 N
3 21 2 1 N
3 6 1 0 N
15 20 1 2 N
15 5 2 1 N
15 3 0 0 N
20 12 0 0 N
20 8 1 2 N
20 8 2 1 N
