7 22 0 0 S
7 8 2 2 S
7 11 1 1 S
22 17 1 2 N
22 19 0 1 N
22 3 2 0 N
17 12 1 0 N
17 19 0 1 N
17 21 2 2 N
12 15 2 0 N
12 9 1 2 N
12 11 0 1 N
15 10 0 2 N
15 9 1 0 N
15 3 2 1 N
10 5 2 1 N
10 9 0 0 N
10 3 1 2 N
5 11 0 1 N
5 12 1 2 N
5 15 2 0 N
11 14 1 0 N
11 17 0 2 N
11 9 2 1 N
14 4 2 1 N
14 1 1 2 N
14 19 0 0 N
4 6 0 1 N
4 19 2 0 N
4 0 1 2 N
6 19 1 0 N
6 2 0 1 N
6 23 2 2 N
19 2 0 2 N
19 9 2 0 N
19 1 1 1 N
2 1 2 2 N
2 19 0 1 N
2 2 1 0 N
1 16 2 0 N
1 13 1 1 N
1 9 0 2 N
16 21 1 1 N
16 9 0 0 N
16 9 2 2 N
21 3 1 1 N
21 24 2 0 N
21 16 0 2 N
3 8 2 0 N
3 6 1 1 N
3 2 0 2 N
8 23 0 2 N
8 21 2 0 N
8 11 1 1 N
23 18 0 0 N
23 16 1 1 N
23 16 2 2 N
18 24 2 2 N
18 9 0 1 N
18 0 1 0 N
24 13 2 2 N
24 0 1 0 N
24 19 0 1 N
13 0 0 0 N
13 11 1 1 N
13 2 2 2 N
0 20 2 0 N
0 4 0 1 N
0 16 1 2 N
20 9 1 1 N
20 24 2 0 N
20 6 0 2 N
9 1 2 2 N
9 1 0 0 N
9 2 1 1 N
