0 8 0 2 S
0 14 1 0 S
0 11 2 1 S
8 14 2 0 N
8 18 0 2 N
8 13 1 1 N
14 20 1 2 N
14 13 2 0 N
14 2 0 1 N
20 17 0 2 N
20 21 2 0 N
20 16 1 1 N
17 15 0 2 N
17 20 1 0 N
17 21 2 1 N
15 1 2 2 N
15 20 1 1 N
15 20 0 0 N
1 2 0 0 N
1 11 2 1 N
1 18 1 2 N
2 24 2 1 N
2 8 1 0 N
2 3 0 2 N
24 4 0 2 N
24 22 2 0 N
24 11 1 1 N
4 10 0 0 N
4 6 2 2 N
4 17 1 1 N
10 5 1 2 N
10 8 0 0 N
10 16 2 1 N
5 12 0 2 N
5 8 1 0 N
5 0 2 1 N
12 13 0 2 N
12 24 2 0 N
12 23 1 1 N
13 7 0 2 N
13 1 1 1 N
13 21 2 0 N
7 19 0 0 N
7 18 2 1 N
7 4 1 2 N
19 23 0 2 N
19 7 1 1 N
19 8 2 0 N
23 11 1 2 N
23 18 0 0 N
23 4 2 1 N
11 18 1 0 N
11 16 2 1 N
11 20 0 2 N
18 9 2 1 N
18 18 0 2 N
18 18 1 0 N
9 22 0 1 N
9 20 2 0 N
9 0 1 2 N
22 21 0 0 N
22 5 1 1 N
22 5 2 2 N
21 16 0 2 N
21 9 2 1 N
21 16 1 0 N
16 3 0 0 N
16 20 1 2 N
16 18 2 1 N
3 6 2 1 N
3 11 1 2 N
3 21 0 0 N
6 4 1 1 N
6 13 2 0 N
6 18 0 2 N
