11 15 0 2 S
11 18 2 0 S
11 4 1 1 S
15 12 2 1 N
15 21 0 2 N
15 12 1 0 N
12 18 2 2 N
12 14 1 1 N
12 0 0 0 N
18 5 1 2 N
18 6 0 0 N
18 5 2 1 N
5 14 1 2 N
5 7 0 0 N
5 1 2 1 N
14 6 0 0 N
14 7 2 2 N
14 23 1 1 N
6 7 0 1 N
6 23 1 2 N
6 21 2 0 N
7 13 2 1 N
7 2 0 0 N
7 12 1 2 N
13 24 2 1 N
13 8 0 2 N
13 21 1 0 N
24 19 1 2 N
24 22 0 0 N
24 20 2 1 N
19 10 1 0 N
19 14 0 2 N
19 3 2 1 N
10 16 2 0 N
10 2 0 2 N
10 21 1 1 N
16 3 2 2 N
16 6 1 1 N
16 2 0 0 N
3 0 2 0 N
3 4 1 2 N
3 1 0 1 N
0 17 0 1 N
0 7 2 2 N
0 10 1 0 N
17 8 2 1 N
17 14 0 2 N
17 10 1 0 N
8 2 1 1 N
8 14 2 0 N
8 6 0 2 N
2 22 0 1 N
2 15 2 0 N
2 21 1 2 N
22 4 1 2 N
22 2 0 1 N
22 15 2 0 N
4 23 0 1 N
4 8 1 0 N
4 7 2 2 N
23 20 0 0 N
23 10 1 1 N
23 6 2 2 N
20 1 2 1 N
20 17 0 0 N
20 16 1 2 N
1 9 0 2 N
1 22 2 0 N
1 6 1 1 N
9 21 2 1 N
9 12 0 2 N
9 3 1 0 N
21 7 2 2 N
21 10 0 0 N
21 21 1 1 N
