0 12 1 2 S
0 22 0 1 S
0 21 2 0 S
12 11 1 1 N
12 22 2 2 N
12 14 0 0 N
11 6 2 1 N
11 20 0 0 N
11 8 1 2 N
6 22 0 1 N
6 1 1 2 N
6 8 2 0 N
22 1 1 1 N
22 11 2 2 N
22 15 0 0 N
1 21 2 1 N
1 15 0 0 N
1 21 1 2 N
21 20 2 1 N
21 22 0 2 N
21 22 1 0 N
20 16 0 2 N
20 5 1 1 N
20 14 2 0 N
16 14 1 0 N
16 10 2 2 N
16 24 0 1 N
14 2 2 1 N
14 0 0 0 N
14 8 1 2 N
2 8 1 2 N
2 15 2 0 N
2 21 0 1 N
8 10 0 1 N
8 11 2 2 N
8 8 1 0 N
10 24 2 1 N
10 4 0 2 N
10 13 1 0 N
24 18 1 2 N
24 20 2 1 N
24 6 0 0 N
18 13 1 0 N
18 23 2 2 N
18 14 0 1 N
13 15 1 2 N
13 6 0 0 N
13 6 2 1 N
15 23 0 0 N
15 13 2 2 N
15 11 1 1 N
23 19 1 1 N
23 19 2 0 N
23 6 0 2 N
19 5 1 2 N
19 8 0 1 N
19 24 2 0 N
5 4 0 2 N
5 15 1 1 N
5 1 2 0 N
4 3 0 1 N
4 20 2 2 N
4 18 1 0 N
3 17 1 2 N
3 0 2 0 N
3 13 0 1 N
17 9 1 1 N
17 24 2 0 N
17 1 0 2 N
9 7 2 1 N
9 20 1 2 N
9 14 0 0 N
7 17 0 0 N
7 13 2 1 N
7 21 1 2 N
