5 13 1 2 S
5 23 2 1 S
5 15 0 0 S
13 22 1 2 N
13 17 2 0 N
13 21 0 1 N
22 10 0 1 N
22 24 1 2 N
22 3 2 0 N
10 2 2 1 N
10 17 0 0 N
10 22 1 2 N
2 20 0 1 N
2 4 1 2 N
2 7 2 0 N
20 19 2 0 N
20 2 0 1 N
20 1 1 2 N
19 14 0 2 N
19 2 2 1 N
19 11 1 0 N
14 1 2 1 N
14 13 1 0 N
14 15 0 2 N
1 16 2 0 N
1 22 0 1 N
1 3 1 2 N
16 7 1 0 N
16 8 0 1 N
16 21 2 2 N
7 0 1 0 N
7 0 0 2 N
7 22 2 1 N
0 6 0 2 N
0 21 1 0 N
0 1 2 1 N
6 15 1 0 N
6 24 2 1 N
6 11 0 2 N
15 12 0 0 N
15 17 1 1 N
15 22 2 2 N
12 3 1 0 N
12 0 0 2 N
12 8 2 1 N
3 24 0 0 N
3 19 2 2 N
3 3 1 1 N
24 18 2 1 N
24 1 0 2 N
24 22 1 0 N
18 23 0 0 N
18 17 2 2 N
18 15 1 1 N
23 4 1 0 N
23 21 0 2 N
23 4 2 1 N
4 8 2 1 N
4 3 1 0 N
4 7 0 2 N
8 11 0 2 N
8 23 1 1 N
8 17 2 0 N
11 9 1 1 N
11 23 0 0 N
11 22 2 2 N
9 17 2 0 N
9 7 0 2 N
9 16 1 1 N
17 21 2 2 N
17 4 1 1 N
17 3 0 0 N
21 6 0 0 N
21 10 1 1 N
21 3 2 2 N
