17 10 2 1 S
17 22 0 0 S
17 7 1 2 S
10 11 1 2 N
10 21 0 0 N
10 9 2 1 N
11 8 1 2 N
11 24 2 0 N
11 13 0 1 N
8 7 2 2 N
8 14 0 0 N
8 9 1 1 N
7 23 2 0 N
7 21 0 2 N
7 8 1 1 N
23 15 0 0 N
23 11 1 2 N
23 10 2 1 N
15 4 2 2 N
15 5 0 0 N
15 9 1 1 N
4 22 0 0 N
4 23 1 2 N
4 20 2 1 N
22 13 0 1 N
22 7 1 0 N
22 9 2 2 N
13 9 1 1 N
13 10 2 0 N
13 22 0 2 N
9 18 1 1 N
9 21 2 0 N
9 9 0 2 N
18 19 1 0 N
18 0 2 1 N
18 1 0 2 N
19 14 0 2 N
19 1 2 0 N
19 7 1 1 N
14 3 2 2 N
14 4 0 1 N
14 10 1 0 N
3 2 2 0 N
3 13 1 1 N
3 12 0 2 N
2 12 2 0 N
2 13 1 1 N
2 12 0 2 N
12 6 2 2 N
12 6 1 0 N
12 21 0 1 N
6 16 1 1 N
6 0 0 2 N
6 1 2 0 N
16 21 0 2 N
16 1 1 0 N
16 18 2 1 N
21 0 1 1 N
21 24 0 0 N
21 9 2 2 N
0 20 0 2 N
0 21 2 1 N
0 8 1 0 N
20 1 1 1 N
20 21 0 0 N
20 21 2 2 N
1 24 0 1 N
1 9 1 2 N
1 21 2 0 N
24 5 2 1 N
24 22 1 2 N
24 8 0 0 N
5 12 2 2 N
5 11 0 0 N
5 2 1 1 N
