0 23 0 2 S
0 12 2 1 S
0 8 1 0 S
23 12 1 0 N
23 12 2 2 N
23 18 0 1 N
12 3 1 1 N
12 18 0 2 N
12 8 2 0 N
3 20 1 2 N
3 14 2 0 N
3 17 0 1 N
20 21 0 1 N
20 19 1 2 N
20 19 2 0 N
21 4 1 1 N
21 8 2 0 N
21 0 0 2 N
4 1 1 2 N
4 12 2 0 N
4 17 0 1 N
1 19 0 1 N
1 2 1 0 N
1 9 2 2 N
19 5 2 0 N
19 18 0 2 N
19 0 1 1 N
5 7 2 2 N
5 0 1 0 N
5 19 0 1 N
7 8 1 0 N
7 19 2 1 N
7 12 0 2 N
8 10 2 0 N
8 8 0 2 N
8 8 1 1 N
10 13 0 0 N
10 2 1 2 N
10 18 2 1 N
13 9 2 1 N
13 23 0 2 N
13 3 1 0 N
9 16 1 0 N
9 15 2 2 N
9 8 0 1 N
16 6 2 1 N
16 3 1 0 N
16 10 0 2 N
6 2 0 2 N
6 24 2 0 N
6 0 1 1 N
2 17 1 0 N
2 8 2 2 N
2 19 0 1 N
17 11 1 0 N
17 18 0 2 N
17 21 2 1 N
11 22 2 2 N
11 20 0 0 N
11 2 1 1 N
22 18 2 2 N
22 9 0 0 N
22 17 1 1 N
18 15 1 1 N
18 14 0 2 N
18 8 2 0 N
15 14 2 0 N
15 22 0 1 N
15 19 1 2 N
14 24 2 1 N
14 18 0 0 N
14 0 1 2 N
24 14 0 0 N
24 3 2 2 N
24 10 1 1 N
