2 13 2 1 S
2 9 1 2 S
2 22 0 0 S
13 15 2 0 N
13 8 1 2 N
13 21 0 1 N
15 8 0 0 N
15 19 1 2 N
15 8 2 1 N
8 24 2 2 N
8 6 0 0 N
8 7 1 1 N
24 14 1 0 N
24 11 0 2 N
24 22 2 1 N
14 5 0 1 N
14 24 1 2 N
14 17 2 0 N
5 18 0 1 N
5 16 1 2 N
5 5 2 0 N
18 3 2 0 N
18 5 0 1 N
18 21 1 2 N
3 12 0 2 N
3 11 2 0 N
3 5 1 1 N
12 23 0 2 N
12 8 1 1 N
12 3 2 0 N
23 6 0 1 N
23 10 1 0 N
23 20 2 2 N
6 0 1 0 N
6 20 0 1 N
6 3 2 2 N
0 19 1 0 N
0 9 2 1 N
0 16 0 2 N
19 1 1 0 N
19 7 0 2 N
19 3 2 1 N
1 9 0 1 N
1 16 1 0 N
1 21 2 2 N
9 16 0 0 N
9 19 1 1 N
9 3 2 2 N
16 22 0 2 N
16 6 2 1 N
16 2 1 0 N
22 7 1 2 N
22 4 0 1 N
22 5 2 0 N
7 10 0 2 N
7 4 1 0 N
7 4 2 1 N
10 11 0 0 N
10 16 2 1 N
10 22 1 2 N
11 17 2 0 N
11 7 0 2 N
11 3 1 1 N
17 21 2 1 N
17 13 1 2 N
17 22 0 0 N
21 20 2 2 N
21 2 0 1 N
21 19 1 0 N
20 4 2 0 N
20 6 1 2 N
20 6 0 1 N
4 18 1 1 N
4 20 0 2 N
4 19 2 0 N
