21 22 1 2 S
21 15 2 1 S
21 6 0 0 S
22 23 0 0 N
22 13 2 2 N
22 6 1 1 N
23 2 2 0 N
23 15 1 1 N
23 15 0 2 N
2 14 1 0 N
2 14 0 1 N
2 15 2 2 N
14 17 1 1 N
14 12 0 0 N
14 15 2 2 N
17 11 2 2 N
17 11 0 0 N
17 13 1 1 N
11 24 2 1 N
11 15 0 2 N
11 6 1 0 N
24 19 0 1 N
24 10 2 0 N
24 9 1 2 N
19 0 1 0 N
19 22 0 2 N
19 23 2 1 N
0 5 1 1 N
0 24 2 2 N
0 6 0 0 N
5 15 0 0 N
5 8 2 1 N
5 14 1 2 N
15 1 1 1 N
15 14 0 2 N
15 15 2 0 N
1 10 2 2 N
1 15 1 1 N
1 13 0 0 N
10 8 0 0 N
10 12 1 2 N
10 15 2 1 N
8 7 2 1 N
8 11 1 0 N
8 10 0 2 N
7 18 1 2 N
7 23 2 0 N
7 2 0 1 N
18 16 1 2 N
18 24 0 0 N
18 11 2 1 N
16 13 1 2 N
16 4 0 1 N
16 23 2 0 N
13 20 2 1 N
13 20 0 0 N
13 14 1 2 N
20 9 1 0 N
20 13 0 2 N
20 14 2 1 N
9 6 0 0 N
9 7 2 1 N
9 23 1 2 N
6 4 0 1 N
6 23 2 0 N
6 7 1 2 N
4 3 0 1 N
4 0 1 2 N
4 14 2 0 N
3 12 2 1 N
3 16 0 2 N
3 6 1 0 N
12 22 2 0 N
12 24 0 1 N
12 14 1 2 N
