15 22 1 0 S
15 22 0 1 S
15 16 2 2 S
22 4 2 2 N
22 5 1 1 N
22 20 0 0 N
4 18 1 0 N
4 5 2 1 N
4 3 0 2 N
18 8 0 2 N
18 15 1 0 N
18 2 2 1 N
8 16 2 1 N
8 6 0 2 N
8 0 1 0 N
16 24 0 0 N
16 5 2 2 N
16 14 1 1 N
24 1 2 0 N
24 14 0 1 N
24 14 1 2 N
1 19 2 0 N
1 7 0 1 N
1 14 1 2 N
19 3 1 0 N
19 2 2 1 N
19 20 0 2 N
3 23 1 0 N
3 23 0 2 N
3 23 2 1 N
23 21 0 0 N
23 2 2 1 N
23 24 1 2 N
21 5 1 0 N
21 0 0 2 N
21 2 2 1 N
5 2 1 2 N
5 14 0 0 N
5 24 2 1 N
2 6 2 2 N
2 15 0 1 N
2 14 1 0 N
6 11 2 1 N
6 17 1 0 N
6 24 0 2 N
11 17 0 2 N
11 15 2 0 N
11 3 1 1 N
17 13 0 2 N
17 11 2 1 N
17 2 1 0 N
13 12 1 1 N
13 7 2 0 N
13 24 0 2 N
12 0 2 2 N
12 23 0 0 N
12 16 1 1 N
0 7 1 1 N
0 10 2 2 N
0 15 0 0 N
7 10 0 2 N
7 5 1 0 N
7 22 2 1 N
10 20 0 1 N
10 21 2 2 N
10 5 1 0 N
20 14 0 1 N
20 18 1 0 N
20 16 2 2 N
14 9 2 0 N
14 7 0 1 N
14 14 1 2 N
9 20 1 1 N
9 5 0 2 N
9 16 2 0 N
