16 19 2 1 S
16 4 0 0 S
16 20 1 2 S
19 7 0 2 N
19 13 1 0 N
19 20 2 1 N
7 0 1 0 N
7 9 2 2 N
7 20 0 1 N
0 17 2 2 N
0 4 1 0 N
0 8 0 1 N
17 4 1 1 N
17 1 0 0 N
17 9 2 2 N
4 9 1 2 N
4 17 2 1 N
4 16 0 0 N
9 8 0 2 N
9 4 1 1 N
9 4 2 0 N
8 2 2 1 N
8 21 0 2 N
8 20 1 0 N
2 13 0 2 N
2 18 2 0 N
2 4 1 1 N
13 10 1 2 N
13 14 2 0 N
13 14 0 1 N
10 14 2 0 N
10 23 0 1 N
10 9 1 2 N
14 18 0 2 N
14 22 1 0 N
14 1 2 1 N
18 20 2 2 N
18 19 1 1 N
18 7 0 0 N
20 3 0 2 N
20 21 1 1 N
20 20 2 0 N
3 21 1 2 N
3 21 0 0 N
3 7 2 1 N
21 24 2 1 N
21 20 1 2 N
21 7 0 0 N
24 12 1 0 N
24 16 2 2 N
24 4 0 1 N
12 11 0 1 N
12 20 1 2 N
12 18 2 0 N
11 22 1 2 N
11 0 2 0 N
11 7 0 1 N
22 6 0 0 N
22 8 2 1 N
22 10 1 2 N
6 1 1 2 N
6 9 0 1 N
6 0 2 0 N
1 23 0 0 N
1 7 2 2 N
1 8 1 1 N
23 5 1 0 N
23 6 2 1 N
23 8 0 2 N
5 15 2 2 N
5 12 0 1 N
5 6 1 0 N
15 2 0 0 N
15 6 1 1 N
15 2 2 2 N
