4 18 2 0 S
4 9 0 2 S
4 16 1 1 S
18 11 0 2 N
18 22 1 1 N
18 20 2 0 N
11 0 1 2 N
11 9 0 1 N
11 24 2 0 N
0 19 2 0 N
0 10 1 2 N
0 6 0 1 N
19 24 2 1 N
19 6 1 0 N
19 6 0 2 N
24 22 1 1 N
24 9 0 2 N
24 2 2 0 N
22 23 2 2 N
22 6 0 0 N
22 7 1 1 N
23 10 0 1 N
23 10 1 0 N
23 9 2 2 N
10 6 0 1 N
10 11 2 0 N
10 17 1 2 N
6 21 2 0 N
6 19 1 2 N
6 15 0 1 N
21 13 1 1 N
21 1 2 2 N
21 12 0 0 N
13 5 2 2 N
13 17 0 0 N
13 14 1 1 N
5 1 2 1 N
5 1 0 2 N
5 6 1 0 N
1 7 2 1 N
1 2 0 2 N
1 11 1 0 N
7 3 1 1 N
7 14 2 2 N
7 0 0 0 N
3 16 1 2 N
3 6 2 1 N
3 6 0 0 N
16 9 1 2 N
16 3 2 0 N
16 15 0 1 N
9 8 2 2 N
9 14 0 1 N
9 19 1 0 N
8 15 2 2 N
8 19 0 0 N
8 22 1 1 N
15 2 2 0 N
15 10 0 1 N
15 15 1 2 N
2 12 0 1 N
2 6 2 0 N
2 19 1 2 N
12 17 0 0 N
12 20 1 2 N
12 0 2 1 N
17 20 2 1 N
17 24 0 2 N
17 16 1 0 N
20 14 2 2 N
20 19 1 0 N
20 12 0 1 N
14 5 1 1 N
14 2 2 0 N
14 9 0 2 N
