19 21 0 2 S
19 17 1 0 S
19 10 2 1 S
21 22 1 2 N
21 11 0 0 N
21 24 2 1 N
22 4 2 2 N
22 12 1 0 N
22 10 0 1 N
4 2 2 2 N
4 11 1 1 N
4 6 0 0 N
2 18 0 0 N
2 22 2 2 N
2 9 1 1 N
18 20 0 1 N
18 18 1 2 N
18 18 2 0 N
20 14 2 0 N
20 8 1 1 N
20 9 0 2 N
14 23 2 1 N
14 4 0 0 N
14 1 1 2 N
23 8 0 2 N
23 9 1 0 N
23 20 2 1 N
8 6 1 2 N
8 2 0 0 N
8 10 2 1 N
6 15 2 2 N
6 7 0 1 N
6 10 1 0 N
15 13 0 1 N
15 5 1 0 N
15 11 2 2 N
13 7 1 2 N
13 1 2 1 N
13 14 0 0 N
7 1 0 2 N
7 5 2 0 N
7 16 1 1 N
1 10 0 1 N
1 19 2 0 N
1 11 1 2 N
10 11 1 2 N
10 12 2 0 N
10 16 0 1 N
11 5 1 2 N
11 5 2 0 N
11 8 0 1 N
5 12 1 2 N
5 12 0 1 N
5 12 2 0 N
12 9 1 1 N
12 3 2 2 N
12 10 0 0 N
9 0 2 2 N
9 19 1 0 N
9 10 0 1 N
0 16 2 2 N
0 18 0 1 N
0 6 1 0 N
16 17 1 0 N
16 22 2 1 N
16 18 0 2 N
17 24 0 0 N
17 18 2 2 N
17 18 1 1 N
24 3 1 0 N
24 16 0 2 N
24 10 2 1 N
3 1 1 0 N
3 18 0 1 N
3 8 2 2 N
