5 4 1 0 S
5 20 0 2 S
5 9 2 1 S
4 12 0 2 N
4 14 2 1 N
4 2 1 0 N
12 14 2 0 N
12 9 0 2 N
12 12 1 1 N
14 16 0 0 N
14 4 2 1 N
14 18 1 2 N
16 10 2 2 N
16 22 1 0 N
16 12 0 1 N
10 23 2 0 N
10 23 1 2 N
10 18 0 1 N
23 7 1 0 N
23 15 2 1 N
23 18 0 2 N
7 6 1 0 N
7 5 2 1 N
7 0 0 2 N
6 3 2 1 N
6 11 0 2 N
6 12 1 0 N
3 22 0 2 N
3 23 2 0 N
3 13 1 1 N
22 21 1 2 N
22 17 2 1 N
22 9 0 0 N
21 1 2 0 N
21 18 0 1 N
21 20 1 2 N
1 18 0 2 N
1 19 1 1 N
1 22 2 0 N
18 11 0 0 N
18 15 1 2 N
18 17 2 1 N
11 20 1 0 N
11 7 0 2 N
11 24 2 1 N
20 15 2 1 N
20 5 1 2 N
20 12 0 0 N
15 19 1 0 N
15 0 2 2 N
15 22 0 1 N
19 24 1 1 N
19 12 2 2 N
19 7 0 0 N
24 8 1 0 N
24 22 2 1 N
24 20 0 2 N
8 2 0 2 N
8 16 2 1 N
8 10 1 0 N
2 9 1 0 N
2 10 0 1 N
2 12 2 2 N
9 17 1 2 N
9 13 0 1 N
9 12 2 0 N
17 13 0 1 N
17 22 2 2 N
17 12 1 0 N
13 0 0 0 N
13 22 2 2 N
13 22 1 1 N
0 6 2 0 N
0 9 0 1 N
0 21 1 2 N
