3 5 1 2 S
3 17 0 0 S
3 17 2 1 S
5 4 0 0 N
5 20 2 2 N
5 10 1 1 N
4 18 0 0 N
4 1 2 2 N
4 11 1 1 N
18 21 0 0 N
18 6 1 2 N
18 4 2 1 N
21 6 0 1 N
21 6 1 0 N
21 1 2 2 N
6 24 1 2 N
6 4 2 0 N
6 18 0 1 N
24 23 2 1 N
24 17 1 0 N
24 0 0 2 N
23 1 0 2 N
23 9 1 0 N
23 22 2 1 N
1 2 0 0 N
1 24 2 1 N
1 20 1 2 N
2 20 1 0 N
2 19 0 2 N
2 8 2 1 N
20 14 1 2 N
20 19 0 0 N
20 11 2 1 N
14 22 0 0 N
14 0 2 1 N
14 7 1 2 N
22 15 1 2 N
22 3 0 0 N
22 16 2 1 N
15 13 0 0 N
15 24 1 1 N
15 8 2 2 N
13 9 0 1 N
13 3 1 0 N
13 24 2 2 N
9 0 1 0 N
9 15 0 1 N
9 0 2 2 N
0 10 2 2 N
0 15 0 0 N
0 17 1 1 N
10 7 2 0 N
10 22 0 1 N
10 17 1 2 N
7 17 1 1 N
7 17 0 0 N
7 24 2 2 N
17 12 1 0 N
17 11 2 2 N
17 11 0 1 N
12 8 1 0 N
12 6 0 2 N
12 24 2 1 N
8 11 0 1 N
8 22 2 0 N
8 0 1 2 N
11 19 2 1 N
11 24 1 2 N
11 11 0 0 N
19 16 0 2 N
19 1 2 1 N
19 13 1 0 N
16 6 2 0 N
16 14 1 1 N
16 17 0 2 N
