3 21 0 1 S
3 12 2 0 S
3 24 1 2 S
21 20 1 1 N
21 20 0 2 N
21 10 2 0 N
20 4 2 1 N
20 23 0 2 N
20 12 1 0 N
4 6 1 1 N
4 1 0 0 N
4 18 2 2 N
6 22 1 2 N
6 22 0 0 N
6 4 2 1 N
22 14 2 2 N
22 7 0 1 N
22 24 1 0 N
14 0 2 0 N
14 19 0 2 N
14 13 1 1 N
0 7 0 0 N
0 24 2 2 N
0 23 1 1 N
7 11 0 1 N
7 23 2 2 N
7 23 1 0 N
11 10 0 1 N
11 18 2 0 N
11 1 1 2 N
10 1 0 0 N
10 23 2 1 N
10 7 1 2 N
1 15 0 1 N
1 24 1 0 N
1 3 2 2 N
15 13 1 2 N
15 4 2 1 N
15 4 0 0 N
13 16 1 0 N
13 0 0 1 N
13 6 2 2 N
16 12 0 2 N
16 6 2 1 N
16 18 1 0 N
12 9 2 0 N
12 3 0 2 N
12 7 1 1 N
9 8 0 0 N
9 11 1 1 N
9 0 2 2 N
8 23 2 1 N
8 17 1 2 N
8 0 0 0 N
23 5 0 2 N
23 24 1 1 N
23 23 2 0 N
5 2 2 1 N
5 9 0 2 N
5 9 1 0 N
2 17 0 0 N
2 7 2 1 N
2 4 1 2 N
17 24 0 2 N
17 2 1 0 N
17 18 2 1 N
24 19 1 2 N
24 7 2 1 N
24 23 0 0 N
19 18 2 0 N
19 18 0 2 N
19 4 1 1 N
18 3 1 2 N
18 20 2 0 N
18 23 0 1 N
