15 11 2 0 S
15 21 0 1 S
15 17 1 2 S
11 9 2 1 N
11 9 1 2 N
11 20 0 0 N
9 18 0 0 N
9 23 2 2 N
9 18 1 1 N
18 13 2 1 N
18 23 0 2 N
18 22 1 0 N
13 24 1 2 N
13 11 2 0 N
13 0 0 1 N
24 3 2 0 N
24 9 0 2 N
24 4 1 1 N
3 8 1 1 N
3 20 0 2 N
3 2 2 0 N
8 2 0 2 N
8 11 1 1 N
8 9 2 0 N
2 19 1 1 N
2 24 0 2 N
2 18 2 0 N
19 12 1 1 N
19 17 0 2 N
19 6 2 0 N
12 6 1 1 N
12 20 2 2 N
12 4 0 0 N
6 5 2 2 N
6 18 1 0 N
6 22 0 1 N
5 23 0 1 N
5 4 2 2 N
5 14 1 0 N
23 1 0 1 N
23 14 1 2 N
23 19 2 0 N
1 14 1 1 N
1 3 0 2 N
1 19 2 0 N
14 7 1 0 N
14 23 0 1 N
14 18 2 2 N
7 16 2 2 N
7 12 1 1 N
7 0 0 0 N
16 10 0 0 N
16 12 1 2 N
16 9 2 1 N
10 22 2 1 N
10 19 1 0 N
10 6 0 2 N
22 21 0 1 N
22 17 1 0 N
22 22 2 2 N
21 0 2 0 N
21 9 1 1 N
21 9 0 2 N
0 4 1 0 N
0 11 0 2 N
0 4 2 1 N
4 20 2 2 N
4 14 0 1 N
4 14 1 0 N
20 17 0 0 N
20 0 2 1 N
20 18 1 2 N
17 12 2 0 N
17 21 0 1 N
17 18 1 2 N
