12 7 0 0 S
12 17 1 2 S
12 3 2 1 S
7 4 2 1 N
7 23 0 2 N
7 24 1 0 N
4 0 2 0 N
4 24 0 1 N
4 18 1 2 N
0 13 1 1 N
0 7 2 2 N
0 19 0 0 N
13 8 0 0 N
13 8 2 1 N
13 5 1 2 N
8 15 1 0 N
8 3 2 2 N
8 10 0 1 N
15 10 2 2 N
15 19 0 0 N
15 11 1 1 N
10 14 2 0 N
10 21 1 1 N
10 11 0 2 N
14 20 0 0 N
14 21 2 1 N
14 14 1 2 N
20 23 2 0 N
20 17 1 2 N
20 18 0 1 N
23 17 2 0 N
23 20 0 1 N
23 2 1 2 N
17 9 0 2 N
17 1 1 0 N
17 3 2 1 N
9 3 1 1 N
9 13 2 2 N
9 16 0 0 N
3 24 1 2 N
3 14 2 0 N
3 11 0 1 N
24 11 1 2 N
24 10 2 1 N
24 10 0 0 N
11 18 0 0 N
11 10 2 1 N
11 21 1 2 N
18 21 1 2 N
18 11 2 1 N
18 21 0 0 N
21 19 2 1 N
21 10 1 0 N
21 14 0 2 N
19 1 2 1 N
19 3 0 0 N
19 16 1 2 N
1 2 1 0 N
1 15 0 2 N
1 2 2 1 N
2 16 1 1 N
2 17 2 0 N
2 21 0 2 N
16 5 0 2 N
16 2 1 0 N
16 18 2 1 N
5 6 0 1 N
5 2 2 0 N
5 16 1 2 N
6 22 1 1 N
6 14 2 0 N
6 16 0 2 N
22 24 0 2 N
22 16 2 1 N
22 16 1 0 N
