8 15 1 0 S
8 19 0 2 S
8 4 2 1 S
15 19 2 2 N
15 18 1 1 N
15 4 0 0 N
19 12 1 1 N
19 18 0 2 N
19 23 2 0 N
12 20 1 0 N
12 9 2 1 N
12 2 0 2 N
20 2 0 2 N
20 7 2 1 N
20 0 1 0 N
2 23 2 0 N
2 23 0 2 N
2 21 1 1 N
23 18 2 0 N
23 21 1 2 N
23 5 0 1 N
18 24 0 2 N
18 10 2 1 N
18 6 1 0 N
24 6 2 2 N
24 3 0 1 N
24 24 1 0 N
6 13 0 2 N
6 5 1 1 N
6 2 2 0 N
13 9 1 0 N
13 18 2 1 N
13 4 0 2 N
9 0 1 2 N
9 0 2 0 N
9 22 0 1 N
0 4 2 1 N
0 7 1 0 N
0 24 0 2 N
4 21 2 2 N
4 0 0 1 N
4 7 1 0 N
21 5 1 2 N
21 14 2 0 N
21 0 0 1 N
5 3 0 2 N
5 24 1 1 N
5 24 2 0 N
3 16 1 2 N
3 16 0 0 N
3 6 2 1 N
16 10 1 0 N
16 22 2 1 N
16 1 0 2 N
10 11 0 1 N
10 13 1 0 N
10 4 2 2 N
11 14 2 0 N
11 5 0 2 N
11 4 1 1 N
14 1 1 0 N
14 21 0 2 N
14 20 2 1 N
1 22 1 2 N
1 4 2 0 N
1 13 0 1 N
22 17 1 1 N
22 17 0 0 N
22 23 2 2 N
17 7 0 1 N
17 22 2 0 N
17 20 1 2 N
7 8 2 0 N
7 24 0 2 N
7 0 1 1 N
