20 3 0 2 S
20 24 1 1 S
20 17 2 0 S
3 24 1 0 N
3 3 0 2 N
3 3 2 1 N
24 15 0 2 N
24 16 2 1 N
24 18 1 0 N
15 5 0 1 N
15 4 2 2 N
15 21 1 0 N
5 10 0 2 N
5 2 1 0 N
5 14 2 1 N
10 9 0 1 N
10 4 2 0 N
10 6 1 2 N
9 17 2 2 N
9 2 1 1 N
9 1 0 0 N
17 6 2 1 N
17 7 0 0 N
17 1 1 2 N
6 2 1 2 N
6 9 0 0 N
6 2 2 1 N
2 8 0 2 N
2 6 1 1 N
2 12 2 0 N
8 13 1 1 N
8 2 2 2 N
8 24 0 0 N
13 7 2 2 N
13 4 1 1 N
13 3 0 0 N
7 14 0 1 N
7 18 2 0 N
7 6 1 2 N
14 11 2 0 N
14 5 1 1 N
14 0 0 2 N
11 23 1 1 N
11 6 0 0 N
11 13 2 2 N
23 22 2 0 N
23 4 1 1 N
23 6 0 2 N
22 16 1 0 N
22 12 0 2 N
22 3 2 1 N
16 4 0 2 N
16 20 1 0 N
16 1 2 1 N
4 12 0 2 N
4 3 2 1 N
4 6 1 0 N
12 0 2 1 N
12 1 0 0 N
12 3 1 2 N
0 19 1 0 N
0 10 0 2 N
0 13 2 1 N
19 1 1 2 N
19 13 0 0 N
19 18 2 1 N
1 21 0 0 N
1 6 2 2 N
1 3 1 1 N
21 18 1 0 N
21 15 0 1 N
21 18 2 2 N
18 12 2 2 N
18 13 0 1 N
18 11 1 0 N
