24 23 2 0 S
24 11 0 2 S
24 4 1 1 S
23 15 2 0 N
23 11 1 1 N
23 8 0 2 N
15 12 0 2 N
15 9 1 1 N
15 26 2 0 N
12 4 1 0 N
12 24 2 2 N
12 22 0 1 N
4 22 1 2 N
4 6 2 1 N
4 8 0 0 N
22 3 0 1 N
22 28 2 2 N
22 8 1 0 N
3 29 0 1 N
3 7 2 0 N
3 17 1 2 N
29 2 2 2 N
29 25 0 1 N
29 8 1 0 N
2 20 1 0 N
2 16 0 1 N
2 18 2 2 N
20 26 2 0 N
20 18 1 2 N
20 8 0 1 N
26 10 2 0 N
26 4 0 2 N
26 22 1 1 N
10 1 0 1 N
10 20 2 2 N
10 8 1 0 N
1 11 0 0 N
1 14 2 1 N
1 26 1 2 N
11 17 2 0 N
11 8 1 1 N
11 19 0 2 N
17 25 0 2 N
17 4 2 0 N
17 7 1 1 N
25 8 2 0 N
25 10 1 2 N
25 18 0 1 N
8 19 2 1 N
8 16 1 0 N
8 8 0 2 N
19 5 2 1 N
19 0 0 2 N
19 26 1 0 N
5 0 2 1 N
5 29 1 0 N
5 26 0 2 N
0 14 0 0 N
0 19 1 1 N
0 8 2 2 N
14 9 1 0 N
14 13 0 1 N
14 28 2 2 N
9 7 2 0 N
9 26 0 1 N
9 17 1 2 N
7 21 0 1 N
7 22 1 2 N
7 20 2 0 N
21 6 1 2 N
21 5 0 1 N
21 0 2 0 N
6 27 0 2 N
6 23 1 1 N
6 26 2 0 N
27 28 2 0 N
27 11 1 1 N
27 11 0 2 N
28 16 1 0 N
28 6 0 2 N
28 22 2 1 N
16 13 1 2 N
16 26 0 1 N
16 7 2 0 N
13 18 1 2 N
13 16 0 1 N
13 28 2 0 N
18 22 0 0 N
18 0 1 1 N
18 8 2 2 N
