25 27 2 0 S
25 12 1 1 S
25 12 0 2 S
27 6 0 0 N
27 13 1 2 N
27 24 2 1 N
6 23 2 1 N
6 23 0 0 N
6 5 1 2 N
23 11 0 0 N
23 25 1 2 N
23 1 2 1 N
11 4 0 2 N
11 24 1 0 N
11 22 2 1 N
4 2 2 2 N
4 9 0 1 N
4 7 1 0 N
2 1 0 1 N
2 16 1 2 N
2 9 2 0 N
1 16 0 1 N
1 12 2 0 N
1 7 1 2 N
16 26 1 2 N
16 25 0 1 N
16 23 2 0 N
26 8 1 0 N
26 12 2 1 N
26 21 0 2 N
8 29 1 0 N
8 28 0 2 N
8 15 2 1 N
29 12 0 2 N
29 1 1 1 N
29 2 2 0 N
12 17 0 2 N
12 17 1 1 N
12 8 2 0 N
17 21 2 2 N
17 27 1 0 N
17 24 0 1 N
21 7 2 2 N
21 2 1 0 N
21 24 0 1 N
7 9 2 2 N
7 5 0 1 N
7 8 1 0 N
9 0 2 2 N
9 15 1 0 N
9 14 0 1 N
0 18 0 0 N
0 12 2 1 N
0 25 1 2 N
18 20 0 2 N
18 17 1 1 N
18 3 2 0 N
20 22 1 1 N
20 6 2 2 N
20 0 0 0 N
22 3 2 0 N
22 25 0 2 N
22 26 1 1 N
3 19 0 0 N
3 0 1 1 N
3 21 2 2 N
19 5 1 2 N
19 15 0 1 N
19 0 2 0 N
5 24 1 2 N
5 8 0 1 N
5 3 2 0 N
24 15 2 1 N
24 17 1 0 N
24 9 0 2 N
15 28 2 2 N
15 6 1 1 N
15 28 0 0 N
28 10 2 0 N
28 7 1 1 N
28 14 0 2 N
10 13 2 2 N
10 2 0 1 N
10 9 1 0 N
13 14 0 0 N
13 3 1 2 N
13 26 2 1 N
14 9 0 1 N
14 8 1 0 N
14 14 2 2 N
