26 16 2 0 S
26 12 1 2 S
26 25 0 1 S
16 24 0 1 N
16 14 2 0 N
16 12 1 2 N
24 20 0 0 N
24 16 1 2 N
24 3 2 1 N
20 1 2 0 N
20 23 1 1 N
20 8 0 2 N
1 22 2 0 N
1 6 0 2 N
1 1 1 1 N
22 3 2 2 N
22 8 0 0 N
22 27 1 1 N
3 25 0 0 N
3 19 2 1 N
3 15 1 2 N
25 7 0 1 N
25 2 1 0 N
25 1 2 2 N
7 2 0 0 N
7 1 2 2 N
7 19 1 1 N
2 19 0 2 N
2 17 2 0 N
2 13 1 1 N
19 5 0 0 N
19 6 1 1 N
19 6 2 2 N
5 27 0 1 N
5 4 2 2 N
5 19 1 0 N
27 17 0 2 N
27 15 2 0 N
27 0 1 1 N
17 28 2 1 N
17 0 1 2 N
17 8 0 0 N
28 4 0 2 N
28 22 1 0 N
28 23 2 1 N
4 18 2 1 N
4 16 0 0 N
4 0 1 2 N
18 29 2 2 N
18 14 0 0 N
18 8 1 1 N
29 12 0 0 N
29 2 1 2 N
29 7 2 1 N
12 6 1 0 N
12 2 0 1 N
12 0 2 2 N
6 15 0 2 N
6 23 1 1 N
6 1 2 0 N
15 11 2 0 N
15 3 0 1 N
15 23 1 2 N
11 23 0 2 N
11 17 1 0 N
11 3 2 1 N
23 14 2 1 N
23 20 0 2 N
23 6 1 0 N
14 0 2 0 N
14 3 1 1 N
14 25 0 2 N
0 8 0 1 N
0 8 2 2 N
0 1 1 0 N
8 10 1 1 N
8 5 2 2 N
8 12 0 0 N
10 13 1 2 N
10 8 0 0 N
10 29 2 1 N
13 21 0 1 N
13 15 2 0 N
13 19 1 2 N
21 9 2 0 N
21 9 0 1 N
21 4 1 2 N
9 23 2 0 N
9 16 0 2 N
9 15 1 1 N
