7 27 2 0 S
7 27 1 1 S
7 27 0 2 S
27 21 0 0 N
27 25 1 1 N
27 3 2 2 N
21 16 0 0 N
21 2 2 2 N
21 24 1 1 N
16 5 2 1 N
16 0 0 0 N
16 25 1 2 N
5 9 0 2 N
5 26 1 1 N
5 18 2 0 N
9 14 0 2 N
9 21 1 1 N
9 23 2 0 N
14 2 0 0 N
14 25 2 2 N
14 15 1 1 N
2 28 1 0 N
2 14 0 1 N
2 0 2 2 N
28 22 0 0 N
28 22 1 1 N
28 25 2 2 N
22 8 1 1 N
22 27 0 0 N
22 13 2 2 N
8 19 1 1 N
8 1 0 2 N
8 3 2 0 N
19 17 2 0 N
19 6 1 1 N
19 16 0 2 N
17 4 1 1 N
17 11 0 2 N
17 0 2 0 N
4 20 1 2 N
4 0 0 1 N
4 13 2 0 N
20 11 1 1 N
20 21 0 2 N
20 14 2 0 N
11 18 2 2 N
11 3 1 1 N
11 14 0 0 N
18 25 2 1 N
18 26 1 2 N
18 13 0 0 N
25 3 0 1 N
25 14 1 0 N
25 25 2 2 N
3 12 1 1 N
3 7 0 2 N
3 15 2 0 N
12 26 1 2 N
12 29 2 0 N
12 2 0 1 N
26 29 1 0 N
26 18 0 1 N
26 19 2 2 N
29 23 2 0 N
29 22 0 2 N
29 28 1 1 N
23 0 1 0 N
23 28 2 2 N
23 11 0 1 N
0 1 0 1 N
0 19 1 2 N
0 11 2 0 N
1 13 0 1 N
1 5 1 2 N
1 20 2 0 N
13 24 0 2 N
13 20 2 0 N
13 0 1 1 N
24 10 0 2 N
24 26 1 1 N
24 3 2 0 N
10 6 2 1 N
10 8 1 2 N
10 28 0 0 N
6 15 0 1 N
6 19 2 2 N
6 25 1 0 N
15 19 1 0 N
15 14 0 1 N
15 25 2 2 N
