7 20 0 1 S
7 22 2 2 S
7 15 1 0 S
20 28 1 2 N
20 4 2 0 N
20 3 0 1 N
28 19 1 0 N
28 29 2 2 N
28 17 0 1 N
19 23 2 1 N
19 10 0 0 N
19 16 1 2 N
23 29 0 2 N
23 1 1 1 N
23 29 2 0 N
29 10 0 1 N
29 6 2 0 N
29 4 1 2 N
10 13 2 2 N
10 1 0 0 N
10 15 1 1 N
13 5 2 0 N
13 16 1 1 N
13 18 0 2 N
5 25 0 2 N
5 29 1 1 N
5 29 2 0 N
25 6 2 1 N
25 3 0 2 N
25 20 1 0 N
6 4 2 2 N
6 23 1 0 N
6 11 0 1 N
4 27 0 2 N
4 9 1 0 N
4 8 2 1 N
27 2 1 2 N
27 11 2 1 N
27 11 0 0 N
2 0 1 2 N
2 23 0 1 N
2 25 2 0 N
0 17 2 1 N
0 28 1 0 N
0 1 0 2 N
17 24 2 0 N
17 29 0 1 N
17 8 1 2 N
24 16 2 1 N
24 8 0 2 N
24 6 1 0 N
16 26 0 1 N
16 9 2 0 N
16 11 1 2 N
26 1 1 1 N
26 19 0 0 N
26 14 2 2 N
1 3 0 2 N
1 29 2 1 N
1 8 1 0 N
3 9 0 1 N
3 19 2 0 N
3 29 1 2 N
9 15 0 0 N
9 4 1 2 N
9 29 2 1 N
15 21 1 1 N
15 1 2 0 N
15 11 0 2 N
21 22 1 1 N
21 7 2 2 N
21 15 0 0 N
22 8 1 2 N
22 25 0 0 N
22 10 2 1 N
8 12 2 1 N
8 4 0 0 N
8 8 1 2 N
12 11 0 2 N
12 15 1 1 N
12 15 2 0 N
11 14 1 1 N
11 27 0 2 N
11 8 2 0 N
14 18 2 0 N
14 24 1 2 N
14 17 0 1 N
18 27 2 1 N
18 0 1 2 N
18 28 0 0 N
