26 1 0 1 S
26 7 2 0 S
26 1 1 2 S
1 5 1 1 N
1 20 2 2 N
1 4 0 0 N
5 13 1 2 N
5 28 0 0 N
5 19 2 1 N
13 16 1 0 N
13 25 0 1 N
13 4 2 2 N
16 9 1 1 N
16 7 2 0 N
16 1 0 2 N
9 20 1 0 N
9 11 0 2 N
9 7 2 1 N
20 15 1 1 N
20 28 0 0 N
20 26 2 2 N
15 28 0 0 N
15 2 2 2 N
15 16 1 1 N
28 10 0 1 N
28 20 2 0 N
28 16 1 2 N
10 3 2 2 N
10 3 0 0 N
10 16 1 1 N
3 23 2 0 N
3 2 0 2 N
3 28 1 1 N
23 8 0 0 N
23 5 2 2 N
23 26 1 1 N
8 0 1 1 N
8 16 0 0 N
8 24 2 2 N
0 6 1 2 N
0 7 2 0 N
0 29 0 1 N
6 7 1 2 N
6 13 0 0 N
6 8 2 1 N
7 24 0 0 N
7 26 1 2 N
7 11 2 1 N
24 18 2 2 N
24 29 1 1 N
24 1 0 0 N
18 19 2 2 N
18 7 1 1 N
18 11 0 0 N
19 21 1 2 N
19 18 2 1 N
19 23 0 0 N
21 12 2 1 N
21 1 0 0 N
21 11 1 2 N
12 25 0 1 N
12 8 2 2 N
12 22 1 0 N
25 27 0 1 N
25 10 1 2 N
25 21 2 0 N
27 14 0 1 N
27 28 1 2 N
27 2 2 0 N
14 11 0 0 N
14 23 1 2 N
14 19 2 1 N
11 29 2 2 N
11 4 0 0 N
11 11 1 1 N
29 17 1 0 N
29 16 0 1 N
29 4 2 2 N
17 22 2 1 N
17 2 1 2 N
17 26 0 0 N
22 2 2 2 N
22 8 1 1 N
22 10 0 0 N
2 4 1 2 N
2 19 2 0 N
2 16 0 1 N
4 7 1 1 N
4 20 0 2 N
4 21 2 0 N
