1 7 2 2 S
1 8 1 0 S
1 26 0 1 S
7 28 2 2 N
7 5 1 1 N
7 3 0 0 N
28 25 1 2 N
28 15 2 0 N
28 8 0 1 N
25 10 2 1 N
25 19 0 0 N
25 29 1 2 N
10 18 1 1 N
10 8 0 0 N
10 24 2 2 N
18 8 1 0 N
18 9 2 1 N
18 4 0 2 N
8 20 0 0 N
8 24 1 1 N
8 16 2 2 N
20 2 0 0 N
20 15 2 2 N
20 0 1 1 N
2 27 2 0 N
2 4 0 2 N
2 24 1 1 N
27 23 1 1 N
27 6 2 0 N
27 27 0 2 N
23 13 0 0 N
23 18 1 1 N
23 10 2 2 N
13 26 2 2 N
13 27 1 1 N
13 2 0 0 N
26 16 1 2 N
26 29 0 0 N
26 10 2 1 N
16 19 2 1 N
16 3 1 0 N
16 27 0 2 N
19 24 0 0 N
19 9 1 2 N
19 22 2 1 N
24 12 0 1 N
24 8 2 0 N
24 8 1 2 N
12 17 1 2 N
12 27 2 0 N
12 24 0 1 N
17 15 0 0 N
17 10 1 2 N
17 6 2 1 N
15 0 1 2 N
15 21 0 1 N
15 8 2 0 N
0 5 0 1 N
0 15 2 2 N
0 27 1 0 N
5 22 0 0 N
5 2 1 2 N
5 8 2 1 N
22 29 1 2 N
22 7 0 1 N
22 16 2 0 N
29 21 0 1 N
29 4 2 0 N
29 0 1 2 N
21 11 0 0 N
21 5 1 2 N
21 22 2 1 N
11 6 0 0 N
11 17 1 2 N
11 15 2 1 N
6 9 2 2 N
6 16 1 0 N
6 8 0 1 N
9 14 2 0 N
9 27 0 1 N
9 27 1 2 N
14 4 2 2 N
14 4 0 0 N
14 0 1 1 N
4 3 0 2 N
4 8 2 0 N
4 0 1 1 N
3 20 0 1 N
3 15 1 0 N
3 27 2 2 N
