23 0 0 1 S
23 27 2 0 S
23 21 1 2 S
0 20 0 1 N
0 23 1 2 N
0 22 2 0 N
20 17 0 0 N
20 27 1 1 N
20 14 2 2 N
17 9 2 1 N
17 1 1 2 N
17 21 0 0 N
9 22 1 2 N
9 23 2 0 N
9 13 0 1 N
22 2 0 2 N
22 26 2 0 N
22 27 1 1 N
2 6 0 1 N
2 28 2 2 N
2 6 1 0 N
6 13 0 1 N
6 10 2 0 N
6 21 1 2 N
13 18 0 0 N
13 21 1 1 N
13 26 2 2 N
18 10 0 2 N
18 17 1 1 N
18 15 2 0 N
10 7 1 1 N
10 22 2 2 N
10 27 0 0 N
7 25 2 2 N
7 15 1 0 N
7 12 0 1 N
25 1 2 2 N
25 3 1 1 N
25 27 0 0 N
1 15 1 1 N
1 5 2 2 N
1 2 0 0 N
15 26 1 1 N
15 8 2 0 N
15 28 0 2 N
26 24 1 0 N
26 14 0 2 N
26 22 2 1 N
24 29 0 0 N
24 25 2 1 N
24 10 1 2 N
29 3 0 0 N
29 20 2 2 N
29 0 1 1 N
3 14 0 1 N
3 11 2 2 N
3 23 1 0 N
14 8 1 2 N
14 22 2 1 N
14 27 0 0 N
8 28 1 0 N
8 21 0 1 N
8 14 2 2 N
28 4 2 1 N
28 11 1 2 N
28 22 0 0 N
4 21 0 0 N
4 23 2 1 N
4 8 1 2 N
21 5 2 0 N
21 3 0 1 N
21 27 1 2 N
5 12 2 0 N
5 4 1 1 N
5 23 0 2 N
12 19 2 2 N
12 6 1 0 N
12 22 0 1 N
19 16 1 2 N
19 3 0 0 N
19 28 2 1 N
16 11 0 2 N
16 28 2 1 N
16 6 1 0 N
11 27 2 2 N
11 18 0 1 N
11 19 1 0 N
27 5 0 2 N
27 27 1 1 N
27 27 2 0 N
