14 24 1 2 S
14 21 2 0 S
14 20 0 1 S
24 21 0 1 N
24 25 1 2 N
24 27 2 0 N
21 22 1 0 N
21 20 0 2 N
21 27 2 1 N
22 17 1 0 N
22 12 0 2 N
22 13 2 1 N
17 12 0 1 N
17 18 2 2 N
17 12 1 0 N
12 6 0 1 N
12 0 2 0 N
12 0 1 2 N
6 1 1 0 N
6 13 2 2 N
6 25 0 1 N
1 23 0 1 N
1 27 2 2 N
1 26 1 0 N
23 4 1 2 N
23 1 0 1 N
23 6 2 0 N
4 8 0 2 N
4 10 1 0 N
4 11 2 1 N
8 25 0 0 N
8 18 1 1 N
8 21 2 2 N
25 18 2 2 N
25 13 0 1 N
25 12 1 0 N
18 5 1 2 N
18 21 2 0 N
18 27 0 1 N
5 3 1 2 N
5 19 0 0 N
5 2 2 1 N
3 20 2 0 N
3 9 0 2 N
3 28 1 1 N
20 27 2 0 N
20 27 0 1 N
20 2 1 2 N
27 16 1 2 N
27 0 0 0 N
27 0 2 1 N
16 2 2 0 N
16 7 0 2 N
16 12 1 1 N
2 28 2 0 N
2 13 1 1 N
2 18 0 2 N
28 29 1 2 N
28 17 0 1 N
28 11 2 0 N
29 7 2 0 N
29 23 0 2 N
29 23 1 1 N
7 10 2 0 N
7 19 0 2 N
7 16 1 1 N
10 11 2 1 N
10 6 1 0 N
10 27 0 2 N
11 15 0 1 N
11 27 1 0 N
11 25 2 2 N
15 26 0 0 N
15 21 1 2 N
15 22 2 1 N
26 19 2 0 N
26 17 0 2 N
26 2 1 1 N
19 9 1 0 N
19 28 2 2 N
19 7 0 1 N
9 0 2 2 N
9 12 1 0 N
9 24 0 1 N
0 13 1 0 N
0 10 0 1 N
0 0 2 2 N
13 21 0 2 N
13 26 2 0 N
13 8 1 1 N
