21 27 1 2 S
21 29 2 0 S
21 10 0 1 S
27 29 2 0 N
27 7 0 2 N
27 9 1 1 N
29 8 2 2 N
29 2 0 0 N
29 29 1 1 N
8 12 2 0 N
8 16 1 2 N
8 22 0 1 N
12 17 2 1 N
12 19 1 2 N
12 2 0 0 N
17 1 1 1 N
17 1 2 0 N
17 28 0 2 N
1 7 0 0 N
1 18 1 2 N
1 19 2 1 N
7 18 0 0 N
7 6 1 2 N
7 6 2 1 N
18 13 2 1 N
18 19 0 2 N
18 19 1 0 N
13 25 0 2 N
13 6 1 0 N
13 24 2 1 N
25 24 2 2 N
25 10 0 0 N
25 27 1 1 N
24 20 2 1 N
24 13 0 2 N
24 9 1 0 N
20 15 0 0 N
20 11 1 2 N
20 22 2 1 N
15 28 2 0 N
15 10 1 2 N
15 11 0 1 N
28 14 0 2 N
28 12 1 1 N
28 11 2 0 N
14 10 1 1 N
14 8 0 2 N
14 2 2 0 N
10 0 0 2 N
10 12 1 0 N
10 9 2 1 N
0 6 0 2 N
0 24 2 1 N
0 1 1 0 N
6 5 0 1 N
6 11 1 0 N
6 28 2 2 N
5 11 1 0 N
5 24 2 1 N
5 19 0 2 N
11 3 2 0 N
11 19 1 2 N
11 29 0 1 N
3 4 0 1 N
3 20 2 2 N
3 19 1 0 N
4 26 2 2 N
4 3 0 0 N
4 28 1 1 N
26 22 1 2 N
26 1 0 1 N
26 16 2 0 N
22 19 1 2 N
22 12 2 1 N
22 29 0 0 N
19 16 2 1 N
19 29 0 0 N
19 11 1 2 N
16 2 2 2 N
16 20 0 1 N
16 8 1 0 N
2 23 0 0 N
2 18 1 2 N
2 29 2 1 N
23 9 1 2 N
23 12 0 0 N
23 18 2 1 N
9 1 1 1 N
9 8 0 2 N
9 5 2 0 N
