27 20 1 2 S
27 29 0 0 S
27 11 2 1 S
20 6 2 0 N
20 11 1 2 N
20 15 0 1 N
6 25 1 1 N
6 22 0 2 N
6 24 2 0 N
25 17 2 1 N
25 24 1 0 N
25 14 0 2 N
17 23 1 0 N
17 5 2 2 N
17 22 0 1 N
23 18 0 0 N
23 0 2 2 N
23 26 1 1 N
18 12 2 2 N
18 17 1 1 N
18 24 0 0 N
12 19 1 1 N
12 26 0 2 N
12 20 2 0 N
19 16 2 2 N
19 20 0 0 N
19 15 1 1 N
16 22 1 0 N
16 23 2 1 N
16 27 0 2 N
22 13 2 0 N
22 4 0 2 N
22 15 1 1 N
13 3 1 0 N
13 0 2 2 N
13 4 0 1 N
3 29 2 2 N
3 28 1 0 N
3 24 0 1 N
29 14 2 0 N
29 24 0 1 N
29 0 1 2 N
14 4 1 0 N
14 26 0 2 N
14 23 2 1 N
4 7 1 2 N
4 26 0 1 N
4 11 2 0 N
7 28 0 1 N
7 10 1 2 N
7 19 2 0 N
28 21 1 2 N
28 5 0 1 N
28 23 2 0 N
21 9 1 1 N
21 2 0 0 N
21 18 2 2 N
9 11 2 2 N
9 23 0 1 N
9 21 1 0 N
11 15 1 0 N
11 15 0 1 N
11 15 2 2 N
15 5 2 0 N
15 15 1 1 N
15 15 0 2 N
5 10 2 1 N
5 8 1 2 N
5 26 0 0 N
10 8 2 0 N
10 26 0 1 N
10 26 1 2 N
8 0 1 2 N
8 25 0 0 N
8 26 2 1 N
0 26 2 1 N
0 8 0 2 N
0 20 1 0 N
26 24 2 0 N
26 23 0 1 N
26 2 1 2 N
24 1 2 1 N
24 15 1 2 N
24 2 0 0 N
1 2 1 0 N
1 3 0 1 N
1 22 2 2 N
2 4 0 2 N
2 20 1 1 N
2 4 2 0 N
