20 10 1 0 S
20 17 0 2 S
20 0 2 1 S
10 22 2 2 N
10 4 1 1 N
10 23 0 0 N
22 3 2 0 N
22 24 0 1 N
22 6 1 2 N
3 5 0 0 N
3 29 2 2 N
3 0 1 1 N
5 0 0 0 N
5 26 1 1 N
5 22 2 2 N
0 23 0 1 N
0 28 1 0 N
0 28 2 2 N
23 18 0 2 N
23 28 1 0 N
23 24 2 1 N
18 2 2 0 N
18 2 1 1 N
18 22 0 2 N
2 6 1 2 N
2 17 0 1 N
2 22 2 0 N
6 26 0 1 N
6 28 1 0 N
6 24 2 2 N
26 28 1 2 N
26 15 2 0 N
26 7 0 1 N
28 21 0 1 N
28 29 2 2 N
28 28 1 0 N
21 1 2 1 N
21 1 1 2 N
21 28 0 0 N
1 7 0 2 N
1 4 2 1 N
1 0 1 0 N
7 13 1 1 N
7 11 0 2 N
7 12 2 0 N
13 27 2 0 N
13 10 0 2 N
13 16 1 1 N
27 4 2 1 N
27 14 1 2 N
27 23 0 0 N
4 25 2 1 N
4 29 0 2 N
4 12 1 0 N
25 17 1 1 N
25 11 2 0 N
25 12 0 2 N
17 12 2 1 N
17 25 0 2 N
17 29 1 0 N
12 9 0 1 N
12 9 1 0 N
12 24 2 2 N
9 11 0 0 N
9 6 1 2 N
9 12 2 1 N
11 8 0 0 N
11 13 2 1 N
11 29 1 2 N
8 19 2 2 N
8 28 1 0 N
8 0 0 1 N
19 14 1 2 N
19 20 0 0 N
19 11 2 1 N
14 16 0 0 N
14 4 2 2 N
14 12 1 1 N
16 15 0 0 N
16 14 1 2 N
16 21 2 1 N
15 29 0 0 N
15 14 2 2 N
15 14 1 1 N
29 24 1 0 N
29 4 0 2 N
29 0 2 1 N
24 28 2 0 N
24 28 0 2 N
24 28 1 1 N
