10 19 2 0 S
10 14 1 2 S
10 23 0 1 S
19 22 0 0 N
19 26 2 1 N
19 27 1 2 N
22 20 1 2 N
22 19 2 1 N
22 24 0 0 N
20 7 1 1 N
20 1 0 2 N
20 10 2 0 N
7 21 2 2 N
7 16 0 0 N
7 18 1 1 N
21 25 2 1 N
21 2 1 2 N
21 28 0 0 N
25 11 2 1 N
25 1 1 2 N
25 23 0 0 N
11 24 0 1 N
11 18 2 2 N
11 1 1 0 N
24 17 2 0 N
24 10 0 1 N
24 14 1 2 N
17 14 1 0 N
17 4 0 2 N
17 1 2 1 N
14 5 1 1 N
14 1 2 2 N
14 15 0 0 N
5 12 2 0 N
5 6 0 1 N
5 1 1 2 N
12 15 0 2 N
12 26 1 0 N
12 23 2 1 N
15 28 1 0 N
15 11 0 2 N
15 23 2 1 N
28 27 0 1 N
28 23 1 0 N
28 25 2 2 N
27 8 1 0 N
27 28 2 1 N
27 15 0 2 N
8 3 1 2 N
8 24 2 0 N
8 2 0 1 N
3 6 1 1 N
3 21 0 2 N
3 17 2 0 N
6 2 1 0 N
6 18 0 1 N
6 14 2 2 N
2 29 2 0 N
2 10 0 2 N
2 23 1 1 N
29 23 0 0 N
29 21 1 2 N
29 18 2 1 N
23 26 2 0 N
23 23 0 1 N
23 23 1 2 N
26 1 2 0 N
26 19 1 1 N
26 18 0 2 N
1 4 2 0 N
1 23 1 2 N
1 23 0 1 N
4 0 0 0 N
4 6 1 2 N
4 18 2 1 N
0 9 0 1 N
0 25 1 2 N
0 23 2 0 N
9 16 0 2 N
9 8 1 1 N
9 11 2 0 N
16 13 1 2 N
16 4 0 0 N
16 24 2 1 N
13 18 2 2 N
13 23 0 1 N
13 17 1 0 N
18 11 0 0 N
18 21 2 2 N
18 2 1 1 N
