17 15 2 0 S
17 20 1 2 S
17 22 0 1 S
15 12 1 1 N
15 3 2 2 N
15 24 0 0 N
12 23 1 0 N
12 21 2 1 N
12 20 0 2 N
23 10 0 1 N
23 12 1 2 N
23 15 2 0 N
10 3 0 0 N
10 19 1 1 N
10 12 2 2 N
3 1 2 0 N
3 21 1 1 N
3 24 0 2 N
1 21 0 2 N
1 12 2 0 N
1 2 1 1 N
21 22 1 1 N
21 5 0 2 N
21 2 2 0 N
22 14 2 2 N
22 3 0 0 N
22 21 1 1 N
14 19 1 1 N
14 2 0 0 N
14 19 2 2 N
19 28 2 1 N
19 21 0 0 N
19 2 1 2 N
28 24 0 0 N
28 13 1 2 N
28 29 2 1 N
24 0 2 0 N
24 12 1 2 N
24 20 0 1 N
0 25 2 1 N
0 16 0 2 N
0 22 1 0 N
25 8 1 2 N
25 1 2 1 N
25 2 0 0 N
8 2 2 2 N
8 21 0 0 N
8 18 1 1 N
2 27 2 1 N
2 10 0 0 N
2 12 1 2 N
27 6 2 0 N
27 14 0 1 N
27 22 1 2 N
6 29 1 1 N
6 22 2 2 N
6 21 0 0 N
29 9 0 1 N
29 16 1 2 N
29 15 2 0 N
9 4 2 2 N
9 16 0 0 N
9 22 1 1 N
4 5 0 2 N
4 17 2 1 N
4 16 1 0 N
5 11 2 1 N
5 28 1 0 N
5 16 0 2 N
11 7 0 1 N
11 25 1 2 N
11 20 2 0 N
7 13 0 0 N
7 16 1 1 N
7 22 2 2 N
13 26 2 0 N
13 17 0 1 N
13 16 1 2 N
26 18 1 2 N
26 25 0 0 N
26 13 2 1 N
18 16 1 2 N
18 13 0 0 N
18 12 2 1 N
16 20 0 2 N
16 13 2 0 N
16 22 1 1 N
20 12 0 2 N
20 2 2 0 N
20 20 1 1 N
