7 21 1 2 S
7 18 2 0 S
7 17 0 1 S
21 18 0 0 N
21 11 1 2 N
21 18 2 1 N
18 15 2 0 N
18 22 1 1 N
18 11 0 2 N
15 11 1 2 N
15 27 2 1 N
15 13 0 0 N
11 2 0 1 N
11 24 1 0 N
11 11 2 2 N
2 23 0 1 N
2 7 2 0 N
2 12 1 2 N
23 5 0 1 N
23 10 1 2 N
23 12 2 0 N
5 10 1 0 N
5 4 2 1 N
5 25 0 2 N
10 28 1 2 N
10 7 0 0 N
10 20 2 1 N
28 9 1 0 N
28 14 0 1 N
28 0 2 2 N
9 17 1 1 N
9 26 0 2 N
9 11 2 0 N
17 26 1 0 N
17 18 0 1 N
17 27 2 2 N
26 19 0 1 N
26 22 2 2 N
26 13 1 0 N
19 8 0 0 N
19 1 2 2 N
19 2 1 1 N
8 24 2 0 N
8 24 0 2 N
8 12 1 1 N
24 1 1 1 N
24 20 2 2 N
24 11 0 0 N
1 0 1 0 N
1 28 2 2 N
1 10 0 1 N
0 22 2 2 N
0 4 1 0 N
0 24 0 1 N
22 16 1 0 N
22 4 2 2 N
22 27 0 1 N
16 6 2 2 N
16 4 1 1 N
16 1 0 0 N
6 3 0 2 N
6 23 1 1 N
6 27 2 0 N
3 27 2 1 N
3 0 0 2 N
3 23 1 0 N
27 13 1 0 N
27 24 2 2 N
27 13 0 1 N
13 14 2 1 N
13 6 0 0 N
13 0 1 2 N
14 20 0 1 N
14 15 1 0 N
14 20 2 2 N
20 25 1 1 N
20 8 0 2 N
20 11 2 0 N
25 12 1 0 N
25 28 2 2 N
25 28 0 1 N
12 29 2 2 N
12 25 1 0 N
12 20 0 1 N
29 4 2 1 N
29 26 1 2 N
29 26 0 0 N
4 28 0 1 N
4 20 2 2 N
4 27 1 0 N
