14 3 2 0 S
14 7 0 2 S
14 20 1 1 S
3 15 0 1 N
3 4 1 0 N
3 26 2 2 N
15 1 1 0 N
15 29 2 2 N
15 13 0 1 N
1 10 1 1 N
1 0 2 2 N
1 13 0 0 N
10 19 1 1 N
10 5 2 0 N
10 29 0 2 N
19 23 2 0 N
19 17 1 2 N
19 29 0 1 N
23 28 0 0 N
23 22 1 1 N
23 2 2 2 N
28 18 0 0 N
28 5 2 2 N
28 20 1 1 N
18 4 1 1 N
18 7 0 0 N
18 26 2 2 N
4 8 1 2 N
4 7 2 1 N
4 20 0 0 N
8 17 0 1 N
8 0 1 2 N
8 2 2 0 N
17 12 0 1 N
17 14 1 2 N
17 14 2 0 N
12 5 0 0 N
12 11 2 1 N
12 19 1 2 N
5 0 2 1 N
5 20 1 0 N
5 18 0 2 N
0 27 1 0 N
0 3 2 1 N
0 28 0 2 N
27 22 2 2 N
27 29 0 1 N
27 10 1 0 N
22 16 2 2 N
22 7 0 1 N
22 0 1 0 N
16 24 2 0 N
16 17 0 1 N
16 11 1 2 N
24 29 0 0 N
24 28 1 1 N
24 29 2 2 N
29 25 0 0 N
29 22 2 2 N
29 14 1 1 N
25 7 2 0 N
25 6 1 2 N
25 14 0 1 N
7 26 0 0 N
7 29 2 2 N
7 3 1 1 N
26 11 2 2 N
26 20 1 1 N
26 20 0 0 N
11 20 0 2 N
11 14 2 1 N
11 17 1 0 N
20 21 0 1 N
20 14 1 2 N
20 20 2 0 N
21 6 1 2 N
21 6 2 0 N
21 18 0 1 N
6 9 1 0 N
6 7 0 2 N
6 28 2 1 N
9 2 0 2 N
9 10 1 0 N
9 24 2 1 N
2 13 0 0 N
2 17 2 2 N
2 22 1 1 N
13 18 1 2 N
13 20 0 0 N
13 26 2 1 N
