0 27 0 0 S
0 27 2 1 S
0 27 1 2 S
27 22 0 0 N
27 6 2 1 N
27 27 1 2 N
22 19 2 0 N
22 0 1 2 N
22 29 0 1 N
19 9 1 2 N
19 5 2 0 N
19 4 0 1 N
9 23 0 1 N
9 3 2 0 N
9 17 1 2 N
23 20 0 2 N
23 29 2 1 N
23 25 1 0 N
20 1 2 0 N
20 27 0 2 N
20 25 1 1 N
1 15 2 2 N
1 3 0 1 N
1 14 1 0 N
15 4 1 0 N
15 16 0 1 N
15 27 2 2 N
4 5 0 0 N
4 14 2 1 N
4 12 1 2 N
5 8 2 0 N
5 16 1 1 N
5 29 0 2 N
8 11 2 1 N
8 13 0 0 N
8 29 1 2 N
11 29 2 1 N
11 23 0 2 N
11 22 1 0 N
29 21 2 1 N
29 4 0 0 N
29 4 1 2 N
21 28 0 1 N
21 16 1 0 N
21 29 2 2 N
28 12 0 1 N
28 22 2 0 N
28 10 1 2 N
12 13 2 1 N
12 6 1 0 N
12 27 0 2 N
13 6 1 1 N
13 22 2 0 N
13 6 0 2 N
6 10 0 0 N
6 12 1 1 N
6 27 2 2 N
10 18 2 0 N
10 28 1 1 N
10 12 0 2 N
18 26 0 1 N
18 23 2 2 N
18 0 1 0 N
26 17 1 0 N
26 27 0 2 N
26 3 2 1 N
17 16 1 1 N
17 28 0 0 N
17 4 2 2 N
16 7 2 2 N
16 1 1 1 N
16 15 0 0 N
7 3 1 0 N
7 3 2 1 N
7 10 0 2 N
3 2 0 1 N
3 18 2 2 N
3 29 1 0 N
2 14 1 0 N
2 20 2 1 N
2 20 0 2 N
14 24 1 1 N
14 13 2 2 N
14 15 0 0 N
24 25 0 2 N
24 28 1 0 N
24 4 2 1 N
25 3 2 2 N
25 10 1 1 N
25 27 0 0 N
