2 0 0 2 S
2 9 1 1 S
2 16 2 0 S
0 22 2 0 N
0 25 1 1 N
0 23 0 2 N
22 16 2 2 N
22 27 0 1 N
22 1 1 0 N
16 12 1 2 N
16 7 0 1 N
16 17 2 0 N
12 8 1 1 N
12 19 2 0 N
12 25 0 2 N
8 23 1 0 N
8 27 2 1 N
8 3 0 2 N
23 6 2 2 N
23 15 1 0 N
23 13 0 1 N
6 4 2 0 N
6 7 0 1 N
6 21 1 2 N
4 7 1 1 N
4 7 2 0 N
4 16 0 2 N
7 10 2 2 N
7 17 1 1 N
7 17 0 0 N
10 20 2 2 N
10 3 1 1 N
10 17 0 0 N
20 1 2 2 N
20 29 1 1 N
20 23 0 0 N
1 13 1 0 N
1 16 0 2 N
1 20 2 1 N
13 25 2 2 N
13 23 1 1 N
13 17 0 0 N
25 15 0 0 N
25 11 1 2 N
25 4 2 1 N
15 18 2 1 N
15 24 0 0 N
15 17 1 2 N
18 14 0 1 N
18 17 2 0 N
18 3 1 2 N
14 17 1 1 N
14 13 2 0 N
14 7 0 2 N
17 9 2 2 N
17 15 0 0 N
17 17 1 1 N
9 21 1 1 N
9 16 2 2 N
9 5 0 0 N
21 5 1 0 N
21 27 0 2 N
21 3 2 1 N
5 29 2 1 N
5 13 0 2 N
5 15 1 0 N
29 28 2 2 N
29 26 1 0 N
29 25 0 1 N
28 26 0 1 N
28 7 2 0 N
28 2 1 2 N
26 27 0 2 N
26 5 2 1 N
26 27 1 0 N
27 19 2 1 N
27 17 1 2 N
27 17 0 0 N
19 24 0 1 N
19 17 2 2 N
19 8 1 0 N
24 3 1 0 N
24 7 2 1 N
24 8 0 2 N
3 11 2 2 N
3 11 0 1 N
3 16 1 0 N
11 0 1 0 N
11 16 2 2 N
11 7 0 1 N
