1 10 1 2 S
1 3 2 0 S
1 9 0 1 S
10 0 0 1 N
10 9 2 2 N
10 27 1 0 N
0 7 0 0 N
0 16 2 2 N
0 13 1 1 N
7 15 2 0 N
7 6 1 1 N
7 27 0 2 N
15 24 0 1 N
15 12 1 0 N
15 19 2 2 N
24 6 1 1 N
24 17 0 0 N
24 1 2 2 N
6 4 1 1 N
6 13 0 0 N
6 29 2 2 N
4 22 0 1 N
4 19 2 0 N
4 24 1 2 N
22 25 1 1 N
22 9 2 0 N
22 26 0 2 N
25 19 0 2 N
25 26 2 1 N
25 1 1 0 N
19 11 2 2 N
19 20 0 0 N
19 11 1 1 N
11 21 1 1 N
11 10 0 2 N
11 10 2 0 N
21 2 2 0 N
21 19 0 1 N
21 18 1 2 N
2 23 1 0 N
2 9 2 2 N
2 9 0 1 N
23 9 2 1 N
23 0 1 0 N
23 17 0 2 N
9 27 1 2 N
9 16 0 0 N
9 9 2 1 N
27 29 1 0 N
27 9 0 2 N
27 9 2 1 N
29 12 1 0 N
29 10 2 2 N
29 25 0 1 N
12 8 2 1 N
12 19 0 2 N
12 25 1 0 N
8 5 1 2 N
8 0 2 0 N
8 16 0 1 N
5 14 0 0 N
5 8 2 2 N
5 25 1 1 N
14 26 0 0 N
14 17 2 1 N
14 0 1 2 N
26 3 0 0 N
26 0 2 1 N
26 1 1 2 N
3 16 0 1 N
3 26 1 0 N
3 9 2 2 N
16 20 0 0 N
16 13 1 2 N
16 9 2 1 N
20 28 1 1 N
20 1 0 0 N
20 28 2 2 N
28 18 2 1 N
28 8 0 2 N
28 17 1 0 N
18 13 1 0 N
18 1 0 1 N
18 6 2 2 N
13 17 1 1 N
13 15 2 0 N
13 10 0 2 N
17 11 2 2 N
17 16 1 0 N
17 10 0 1 N
