5 23 0 2 S
5 18 2 0 S
5 16 1 1 S
23 4 2 2 N
23 4 0 1 N
23 2 1 0 N
4 9 0 2 N
4 13 2 1 N
4 9 1 0 N
9 10 1 2 N
9 23 0 1 N
9 27 2 0 N
10 25 0 1 N
10 9 2 2 N
10 12 1 0 N
25 17 2 2 N
25 27 1 1 N
25 0 0 0 N
17 2 0 0 N
17 29 2 1 N
17 4 1 2 N
2 28 1 2 N
2 18 2 1 N
2 3 0 0 N
28 16 1 1 N
28 16 2 2 N
28 7 0 0 N
16 12 0 2 N
16 21 2 0 N
16 18 1 1 N
12 1 1 2 N
12 1 2 1 N
12 6 0 0 N
1 19 2 1 N
1 3 0 2 N
1 6 1 0 N
19 20 2 1 N
19 25 1 0 N
19 27 0 2 N
20 3 1 0 N
20 14 2 1 N
20 5 0 2 N
3 14 0 0 N
3 23 1 2 N
3 18 2 1 N
14 26 1 2 N
14 18 0 0 N
14 15 2 1 N
26 21 1 1 N
26 8 0 0 N
26 18 2 2 N
21 6 0 1 N
21 12 2 2 N
21 1 1 0 N
6 29 0 1 N
6 6 2 0 N
6 6 1 2 N
29 8 0 1 N
29 17 2 2 N
29 23 1 0 N
8 27 2 2 N
8 4 1 0 N
8 26 0 1 N
27 18 1 1 N
27 10 2 0 N
27 10 0 2 N
18 13 2 1 N
18 9 1 2 N
18 12 0 0 N
13 22 0 1 N
13 21 1 0 N
13 14 2 2 N
22 11 1 2 N
22 3 0 0 N
22 9 2 1 N
11 0 0 0 N
11 28 2 1 N
11 24 1 2 N
0 15 2 2 N
0 12 1 0 N
0 27 0 1 N
15 24 0 0 N
15 0 1 2 N
15 12 2 1 N
24 7 2 0 N
24 5 0 1 N
24 10 1 2 N
7 28 2 2 N
7 21 1 0 N
7 21 0 1 N
