13 2 2 1 S
13 25 1 0 S
13 3 0 2 S
2 27 0 2 N
2 0 2 1 N
2 21 1 0 N
27 11 2 0 N
27 20 1 1 N
27 18 0 2 N
11 17 1 2 N
11 29 2 1 N
11 22 0 0 N
17 14 2 0 N
17 7 1 2 N
17 27 0 1 N
14 16 0 1 N
14 29 2 2 N
14 18 1 0 N
16 12 0 0 N
16 10 2 2 N
16 16 1 1 N
12 1 1 2 N
12 23 2 1 N
12 22 0 0 N
1 22 1 2 N
1 17 0 1 N
1 4 2 0 N
22 18 0 1 N
22 24 1 0 N
22 3 2 2 N
18 21 2 0 N
18 11 0 2 N
18 10 1 1 N
21 20 0 1 N
21 3 2 0 N
21 27 1 2 N
20 4 2 2 N
20 14 0 0 N
20 14 1 1 N
4 3 0 1 N
4 14 2 2 N
4 10 1 0 N
3 7 2 2 N
3 12 0 1 N
3 29 1 0 N
7 5 2 2 N
7 10 1 1 N
7 14 0 0 N
5 26 1 1 N
5 22 2 0 N
5 6 0 2 N
26 8 0 1 N
26 5 1 0 N
26 5 2 2 N
8 28 0 2 N
8 20 2 0 N
8 27 1 1 N
28 29 0 2 N
28 2 1 1 N
28 20 2 0 N
29 19 0 0 N
29 25 2 2 N
29 16 1 1 N
19 25 1 1 N
19 2 2 2 N
19 6 0 0 N
25 15 0 2 N
25 3 1 0 N
25 11 2 1 N
15 24 1 0 N
15 1 2 2 N
15 10 0 1 N
24 9 2 1 N
24 16 1 2 N
24 27 0 0 N
9 23 1 0 N
9 2 0 2 N
9 10 2 1 N
23 10 1 1 N
23 16 0 0 N
23 18 2 2 N
10 6 2 1 N
10 16 0 2 N
10 29 1 0 N
6 0 1 0 N
6 20 2 2 N
6 10 0 1 N
0 3 1 1 N
0 24 2 0 N
0 2 0 2 N
