16 21 1 2 S
16 29 2 1 S
16 22 0 0 S
21 25 1 0 N
21 24 0 1 N
21 16 2 2 N
25 7 1 0 N
25 9 0 1 N
25 13 2 2 N
7 27 2 0 N
7 2 0 1 N
7 19 1 2 N
27 29 1 1 N
27 22 2 0 N
27 9 0 2 N
29 6 1 0 N
29 18 2 1 N
29 11 0 2 N
6 28 2 0 N
6 9 0 2 N
6 12 1 1 N
28 15 1 2 N
28 2 2 0 N
28 16 0 1 N
15 11 0 0 N
15 18 1 2 N
15 18 2 1 N
11 2 1 0 N
11 29 0 2 N
11 22 2 1 N
2 22 1 1 N
2 1 0 0 N
2 16 2 2 N
22 13 0 2 N
22 22 1 0 N
22 22 2 1 N
13 10 0 0 N
13 14 1 1 N
13 22 2 2 N
10 14 0 1 N
10 14 2 0 N
10 3 1 2 N
14 0 2 0 N
14 18 1 2 N
14 11 0 1 N
0 8 2 2 N
0 15 1 1 N
0 29 0 0 N
8 23 1 1 N
8 3 2 2 N
8 27 0 0 N
23 20 1 1 N
23 18 2 0 N
23 16 0 2 N
20 9 2 1 N
20 29 1 2 N
20 16 0 0 N
9 1 2 1 N
9 19 0 0 N
9 12 1 2 N
1 24 1 0 N
1 2 0 1 N
1 21 2 2 N
24 18 0 0 N
24 15 2 2 N
24 13 1 1 N
18 3 2 2 N
18 0 1 1 N
18 1 0 0 N
3 5 1 0 N
3 23 2 1 N
3 7 0 2 N
5 12 2 2 N
5 2 0 1 N
5 28 1 0 N
12 17 0 0 N
12 16 1 2 N
12 11 2 1 N
17 26 1 1 N
17 21 2 2 N
17 29 0 0 N
26 19 0 0 N
26 2 1 1 N
26 1 2 2 N
19 4 2 0 N
19 15 0 1 N
19 16 1 2 N
4 25 1 2 N
4 29 2 1 N
4 21 0 0 N
