9 25 0 2 S
9 27 1 1 S
9 0 2 0 S
25 1 0 0 N
25 21 2 1 N
25 29 1 2 N
1 20 1 0 N
1 3 2 1 N
1 3 0 2 N
20 6 2 0 N
20 19 0 1 N
20 19 1 2 N
6 19 1 1 N
6 24 0 0 N
6 6 2 2 N
19 26 2 0 N
19 0 1 1 N
19 21 0 2 N
26 18 1 1 N
26 21 0 0 N
26 23 2 2 N
18 5 1 0 N
18 10 0 2 N
18 10 2 1 N
5 10 2 0 N
5 7 1 1 N
5 21 0 2 N
10 12 2 0 N
10 1 0 2 N
10 29 1 1 N
12 15 1 0 N
12 23 0 1 N
12 29 2 2 N
15 28 1 2 N
15 1 2 1 N
15 21 0 0 N
28 3 1 2 N
28 2 2 0 N
28 1 0 1 N
3 27 1 1 N
3 29 2 2 N
3 6 0 0 N
27 24 2 1 N
27 8 1 2 N
27 6 0 0 N
24 21 0 0 N
24 0 2 1 N
24 22 1 2 N
21 0 2 0 N
21 6 1 2 N
21 6 0 1 N
0 23 2 0 N
0 10 0 2 N
0 6 1 1 N
23 4 1 0 N
23 5 0 2 N
23 6 2 1 N
4 8 0 0 N
4 15 2 2 N
4 0 1 1 N
8 13 2 1 N
8 20 1 2 N
8 25 0 0 N
13 2 1 0 N
13 8 2 1 N
13 11 0 2 N
2 7 1 0 N
2 8 0 1 N
2 12 2 2 N
7 17 2 0 N
7 22 1 2 N
7 0 0 1 N
17 11 2 2 N
17 6 0 0 N
17 2 1 1 N
11 22 1 2 N
11 3 0 0 N
11 22 2 1 N
22 16 1 2 N
22 0 2 1 N
22 7 0 0 N
16 29 0 2 N
16 5 1 0 N
16 2 2 1 N
29 14 2 1 N
29 22 0 0 N
29 6 1 2 N
14 10 0 0 N
14 4 2 1 N
14 23 1 2 N
