25 15 1 1 S
25 24 0 2 S
25 14 2 0 S
15 7 2 2 N
15 2 1 1 N
15 21 0 0 N
7 18 1 2 N
7 2 2 1 N
7 19 0 0 N
18 22 0 1 N
18 22 1 0 N
18 2 2 2 N
22 28 1 0 N
22 5 0 2 N
22 17 2 1 N
28 21 1 0 N
28 23 2 1 N
28 15 0 2 N
21 29 0 1 N
21 15 1 0 N
21 21 2 2 N
29 16 2 0 N
29 10 1 1 N
29 17 0 2 N
16 6 2 0 N
16 20 0 2 N
16 2 1 1 N
6 17 2 0 N
6 2 0 2 N
6 23 1 1 N
17 11 2 0 N
17 18 1 2 N
17 2 0 1 N
11 10 0 2 N
11 16 1 0 N
11 21 2 1 N
10 27 0 1 N
10 28 1 0 N
10 23 2 2 N
27 8 0 2 N
27 13 1 1 N
27 15 2 0 N
8 4 2 2 N
8 6 0 0 N
8 29 1 1 N
4 13 2 0 N
4 24 0 2 N
4 23 1 1 N
13 1 0 2 N
13 10 1 1 N
13 21 2 0 N
1 0 0 1 N
1 11 2 0 N
1 22 1 2 N
0 20 1 1 N
0 16 2 0 N
0 16 0 2 N
20 14 0 2 N
20 24 2 1 N
20 27 1 0 N
14 24 2 1 N
14 21 1 2 N
14 26 0 0 N
24 9 1 0 N
24 2 0 2 N
24 27 2 1 N
9 19 1 0 N
9 16 2 2 N
9 28 0 1 N
19 2 2 0 N
19 15 0 2 N
19 2 1 1 N
2 23 1 0 N
2 17 0 2 N
2 21 2 1 N
23 5 0 1 N
23 18 2 2 N
23 12 1 0 N
5 26 1 1 N
5 8 2 2 N
5 11 0 0 N
26 3 0 1 N
26 21 2 2 N
26 20 1 0 N
3 12 2 2 N
3 7 0 1 N
3 9 1 0 N
12 16 0 2 N
12 20 2 0 N
12 24 1 1 N
