9 7 1 1 S
9 11 2 0 S
9 11 0 2 S
7 15 1 1 N
7 20 0 0 N
7 1 2 2 N
15 5 1 1 N
15 2 2 2 N
15 2 0 0 N
5 25 1 2 N
5 7 2 1 N
5 4 0 0 N
25 28 1 1 N
25 25 2 0 N
25 25 0 2 N
28 12 0 0 N
28 6 2 1 N
28 29 1 2 N
12 0 1 2 N
12 27 2 1 N
12 6 0 0 N
0 29 2 2 N
0 14 0 1 N
0 19 1 0 N
29 19 2 1 N
29 9 1 2 N
29 9 0 0 N
19 2 0 1 N
19 1 2 0 N
19 5 1 2 N
2 26 1 0 N
2 29 2 1 N
2 25 0 2 N
26 11 2 0 N
26 3 0 2 N
26 20 1 1 N
11 24 2 2 N
11 5 0 0 N
11 3 1 1 N
24 16 2 1 N
24 9 1 2 N
24 15 0 0 N
16 3 2 2 N
16 21 0 0 N
16 4 1 1 N
3 22 0 1 N
3 7 2 0 N
3 4 1 2 N
22 18 1 1 N
22 1 0 0 N
22 8 2 2 N
18 8 1 2 N
18 14 2 1 N
18 6 0 0 N
8 4 1 2 N
8 10 2 1 N
8 10 0 0 N
4 17 2 0 N
4 2 0 1 N
4 25 1 2 N
17 14 0 0 N
17 26 2 1 N
17 10 1 2 N
14 20 0 0 N
14 13 1 2 N
14 11 2 1 N
20 6 1 1 N
20 1 2 2 N
20 14 0 0 N
6 13 2 2 N
6 3 0 0 N
6 24 1 1 N
13 21 0 1 N
13 3 1 0 N
13 24 2 2 N
21 27 1 2 N
21 25 2 0 N
21 2 0 1 N
27 23 0 2 N
27 1 2 1 N
27 22 1 0 N
23 1 1 2 N
23 19 0 1 N
23 16 2 0 N
1 10 1 1 N
1 5 0 0 N
1 11 2 2 N
10 2 1 0 N
10 1 2 2 N
10 25 0 1 N
