28 15 0 1 S
28 18 2 0 S
28 5 1 2 S
15 27 2 1 N
15 1 1 2 N
15 21 0 0 N
27 6 1 1 N
27 29 2 0 N
27 5 0 2 N
6 11 1 1 N
6 27 0 0 N
6 29 2 2 N
11 4 0 0 N
11 29 2 1 N
11 25 1 2 N
4 17 0 2 N
4 19 1 1 N
4 25 2 0 N
17 0 1 0 N
17 26 2 1 N
17 2 0 2 N
0 18 0 2 N
0 15 1 0 N
0 27 2 1 N
18 23 1 2 N
18 3 2 1 N
18 23 0 0 N
23 9 0 0 N
23 26 1 2 N
23 0 2 1 N
9 20 1 1 N
9 22 2 2 N
9 17 0 0 N
20 22 2 0 N
20 25 1 2 N
20 3 0 1 N
22 8 2 1 N
22 23 0 0 N
22 2 1 2 N
8 24 0 0 N
8 22 2 2 N
8 17 1 1 N
24 25 0 1 N
24 1 1 2 N
24 16 2 0 N
25 7 2 0 N
25 29 0 1 N
25 17 1 2 N
7 3 1 2 N
7 18 2 0 N
7 2 0 1 N
3 12 0 2 N
3 19 1 0 N
3 29 2 1 N
12 10 1 1 N
12 0 2 0 N
12 16 0 2 N
10 2 1 1 N
10 2 2 0 N
10 29 0 2 N
2 21 2 2 N
2 17 0 1 N
2 16 1 0 N
21 16 1 0 N
21 22 0 1 N
21 29 2 2 N
16 14 1 2 N
16 25 2 1 N
16 16 0 0 N
14 29 0 1 N
14 17 1 0 N
14 29 2 2 N
29 1 0 0 N
29 17 2 1 N
29 17 1 2 N
1 5 0 1 N
1 2 2 2 N
1 9 1 0 N
5 19 1 0 N
5 21 2 1 N
5 16 0 2 N
19 13 2 2 N
19 12 1 1 N
19 9 0 0 N
13 26 1 0 N
13 29 0 1 N
13 9 2 2 N
26 15 0 1 N
26 12 2 2 N
26 22 1 0 N
