12 28 2 0 S
12 7 1 1 S
12 23 0 2 S
28 29 0 0 N
28 2 1 1 N
28 4 2 2 N
29 15 1 0 N
29 11 2 1 N
29 10 0 2 N
15 16 2 0 N
15 21 0 2 N
15 9 1 1 N
16 24 1 0 N
16 29 0 2 N
16 1 2 1 N
24 22 2 2 N
24 12 0 1 N
24 24 1 0 N
22 23 0 0 N
22 13 1 1 N
22 11 2 2 N
23 25 0 1 N
23 24 2 2 N
23 24 1 0 N
25 9 1 2 N
25 23 0 0 N
25 23 2 1 N
9 6 1 1 N
9 12 0 2 N
9 18 2 0 N
6 20 2 2 N
6 12 0 1 N
6 11 1 0 N
20 3 2 1 N
20 19 0 0 N
20 7 1 2 N
3 14 0 0 N
3 2 2 1 N
3 17 1 2 N
14 4 1 0 N
14 26 2 2 N
14 20 0 1 N
4 19 2 2 N
4 23 0 1 N
4 2 1 0 N
19 18 2 1 N
19 24 0 0 N
19 10 1 2 N
18 27 2 2 N
18 28 1 1 N
18 12 0 0 N
27 8 1 1 N
27 20 0 0 N
27 3 2 2 N
8 2 1 2 N
8 13 2 1 N
8 18 0 0 N
2 5 2 0 N
2 24 1 1 N
2 11 0 2 N
5 11 0 2 N
5 26 2 0 N
5 11 1 1 N
11 7 1 2 N
11 2 0 0 N
11 24 2 1 N
7 0 0 0 N
7 24 2 2 N
7 12 1 1 N
0 26 0 1 N
0 6 1 2 N
0 10 2 0 N
26 17 2 0 N
26 3 1 1 N
26 24 0 2 N
17 13 0 2 N
17 29 2 0 N
17 5 1 1 N
13 10 2 2 N
13 11 1 0 N
13 17 0 1 N
10 21 1 1 N
10 13 2 0 N
10 5 0 2 N
21 1 1 1 N
21 18 0 2 N
21 27 2 0 N
1 0 0 2 N
1 3 1 0 N
1 6 2 1 N
