29 16 2 1 S
29 11 1 0 S
29 8 0 2 S
16 28 2 2 N
16 2 0 1 N
16 2 1 0 N
28 14 1 2 N
28 5 0 0 N
28 0 2 1 N
14 25 2 1 N
14 20 0 0 N
14 7 1 2 N
25 6 2 1 N
25 17 0 2 N
25 24 1 0 N
6 0 2 0 N
6 22 0 1 N
6 19 1 2 N
0 9 1 1 N
0 15 2 2 N
0 8 0 0 N
9 21 2 2 N
9 5 0 0 N
9 25 1 1 N
21 3 0 0 N
21 8 1 1 N
21 19 2 2 N
3 13 2 0 N
3 27 0 1 N
3 24 1 2 N
13 17 2 2 N
13 27 1 1 N
13 26 0 0 N
17 26 0 1 N
17 5 2 0 N
17 2 1 2 N
26 7 0 0 N
26 22 1 1 N
26 12 2 2 N
7 24 2 0 N
7 9 1 1 N
7 28 0 2 N
24 20 2 2 N
24 19 1 1 N
24 2 0 0 N
20 15 0 1 N
20 5 2 0 N
20 0 1 2 N
15 10 1 2 N
15 8 0 1 N
15 24 2 0 N
10 1 2 0 N
10 6 0 1 N
10 20 1 2 N
1 19 1 0 N
1 24 2 1 N
1 19 0 2 N
19 8 1 2 N
19 3 2 0 N
19 8 0 1 N
8 27 2 0 N
8 3 0 2 N
8 2 1 1 N
27 4 1 0 N
27 17 2 2 N
27 5 0 1 N
4 11 0 2 N
4 3 1 0 N
4 0 2 1 N
11 2 0 2 N
11 8 1 1 N
11 3 2 0 N
2 18 1 0 N
2 3 0 1 N
2 2 2 2 N
18 12 0 1 N
18 29 1 0 N
18 3 2 2 N
12 23 1 2 N
12 24 0 0 N
12 3 2 1 N
23 5 2 0 N
23 19 1 2 N
23 28 0 1 N
5 22 1 1 N
5 6 0 0 N
5 8 2 2 N
22 8 1 1 N
22 10 0 0 N
22 15 2 2 N
