14 7 1 2 S
14 9 2 0 S
14 15 0 1 S
7 4 1 1 N
7 12 2 0 N
7 1 0 2 N
4 3 1 1 N
4 16 2 0 N
4 4 0 2 N
3 9 1 0 N
3 6 0 1 N
3 9 2 2 N
9 5 1 0 N
9 1 0 1 N
9 14 2 2 N
5 0 2 2 N
5 12 1 0 N
5 1 0 1 N
0 6 0 0 N
0 3 2 2 N
0 3 1 1 N
6 2 2 1 N
6 1 0 0 N
6 14 1 2 N
2 8 1 0 N
2 8 2 1 N
2 9 0 2 N
8 11 0 2 N
8 2 1 1 N
8 5 2 0 N
11 10 2 1 N
11 5 0 0 N
11 4 1 2 N
10 12 2 0 N
10 4 0 1 N
10 9 1 2 N
12 1 2 1 N
12 6 1 2 N
12 9 0 0 N
1 16 1 1 N
1 11 0 0 N
1 10 2 2 N
16 13 0 1 N
16 4 1 2 N
16 9 2 0 N
13 15 0 1 N
13 12 1 0 N
13 1 2 2 N
15 4 2 2 N
15 4 1 1 N
15 4 0 0 N
