0 10 2 2 S
0 12 0 0 S
0 11 1 1 S
10 14 1 1 N
10 15 0 2 N
10 9 2 0 N
14 2 2 2 N
14 1 0 0 N
14 5 1 1 N
2 4 1 2 N
2 9 2 1 N
2 5 0 0 N
4 16 0 0 N
4 3 2 1 N
4 5 1 2 N
16 11 2 0 N
16 4 0 2 N
16 16 1 1 N
11 1 1 2 N
11 15 0 1 N
11 1 2 0 N
1 7 0 1 N
1 16 2 0 N
1 16 1 2 N
7 9 1 1 N
7 3 0 2 N
7 4 2 0 N
9 13 1 1 N
9 3 2 2 N
9 1 0 0 N
13 5 1 1 N
13 4 0 0 N
13 8 2 2 N
5 6 2 0 N
5 16 1 1 N
5 16 0 2 N
6 15 2 0 N
6 13 0 2 N
6 15 1 1 N
15 8 2 1 N
15 7 0 2 N
15 5 1 0 N
8 3 2 1 N
8 1 1 0 N
8 9 0 2 N
3 12 0 2 N
3 16 2 1 N
3 16 1 0 N
12 14 1 1 N
12 13 0 2 N
12 8 2 0 N
