13 10 0 2 S
13 7 1 1 S
13 7 2 0 S
10 2 1 0 N
10 15 0 1 N
10 3 2 2 N
2 11 0 1 N
2 11 1 0 N
2 11 2 2 N
11 14 1 1 N
11 9 0 2 N
11 11 2 0 N
14 9 2 1 N
14 1 1 2 N
14 9 0 0 N
9 12 1 2 N
9 2 0 0 N
9 11 2 1 N
12 15 1 0 N
12 4 0 1 N
12 1 2 2 N
15 5 1 1 N
15 10 2 2 N
15 12 0 0 N
5 8 0 2 N
5 13 1 1 N
5 2 2 0 N
8 16 0 2 N
8 16 1 0 N
8 9 2 1 N
16 4 2 2 N
16 5 1 0 N
16 0 0 1 N
4 1 0 0 N
4 1 2 2 N
4 1 1 1 N
1 6 1 2 N
1 13 0 1 N
1 13 2 0 N
6 7 2 2 N
6 14 1 0 N
6 8 0 1 N
7 0 1 2 N
7 6 0 1 N
7 9 2 0 N
0 3 2 2 N
0 11 1 1 N
0 11 0 0 N
3 12 2 0 N
3 16 0 2 N
3 7 1 1 N
