16 0 1 1 S
16 1 0 0 S
16 11 2 2 S
0 15 2 1 N
0 11 1 2 N
0 13 0 0 N
15 12 2 1 N
15 8 0 0 N
15 7 1 2 N
12 2 1 0 N
12 0 0 1 N
12 8 2 2 N
2 8 0 1 N
2 5 1 2 N
2 5 2 0 N
8 1 1 1 N
8 5 2 2 N
8 5 0 0 N
1 6 1 2 N
1 5 2 0 N
1 8 0 1 N
6 9 1 1 N
6 1 0 2 N
6 1 2 0 N
9 4 0 2 N
9 8 1 1 N
9 10 2 0 N
4 14 0 2 N
4 14 2 1 N
4 1 1 0 N
14 13 0 0 N
14 8 2 1 N
14 2 1 2 N
13 10 2 2 N
13 4 0 1 N
13 5 1 0 N
10 11 0 1 N
10 14 1 2 N
10 5 2 0 N
11 7 1 2 N
11 14 0 1 N
11 5 2 0 N
7 3 2 2 N
7 14 0 0 N
7 12 1 1 N
3 5 2 0 N
3 13 0 1 N
3 16 1 2 N
5 6 0 1 N
5 12 1 2 N
5 5 2 0 N
