12 1 0 0 S
12 15 2 2 S
12 5 1 1 S
1 2 2 0 N
1 2 0 1 N
1 6 1 2 N
2 7 0 1 N
2 5 1 0 N
2 2 2 2 N
7 5 1 0 N
7 2 2 2 N
7 1 0 1 N
5 9 2 1 N
5 10 0 0 N
5 10 1 2 N
9 10 2 1 N
9 13 1 0 N
9 2 0 2 N
10 0 0 0 N
10 6 1 2 N
10 2 2 1 N
0 8 2 2 N
0 7 1 0 N
0 10 0 1 N
8 11 0 2 N
8 3 2 1 N
8 12 1 0 N
11 16 0 2 N
11 2 1 1 N
11 2 2 0 N
16 14 0 2 N
16 10 2 0 N
16 9 1 1 N
14 15 0 1 N
14 10 1 0 N
14 5 2 2 N
15 4 2 2 N
15 7 1 1 N
15 0 0 0 N
4 6 1 2 N
4 14 2 1 N
4 9 0 0 N
6 13 2 2 N
6 9 1 0 N
6 5 0 1 N
13 3 2 0 N
13 10 0 2 N
13 5 1 1 N
3 8 0 1 N
3 6 2 2 N
3 16 1 0 N
