15 2 1 1 S
15 10 0 0 S
15 9 2 2 S
2 10 2 1 N
2 14 1 0 N
2 4 0 2 N
10 5 1 1 N
10 15 0 0 N
10 10 2 2 N
5 1 0 1 N
5 12 1 2 N
5 8 2 0 N
1 16 0 0 N
1 13 1 1 N
1 8 2 2 N
16 3 2 2 N
16 15 1 0 N
16 11 0 1 N
3 14 0 0 N
3 1 2 1 N
3 10 1 2 N
14 11 1 0 N
14 1 0 1 N
14 13 2 2 N
11 13 2 1 N
11 13 1 2 N
11 15 0 0 N
13 4 0 0 N
13 5 1 1 N
13 12 2 2 N
4 0 1 1 N
4 9 0 2 N
4 10 2 0 N
0 7 0 2 N
0 7 1 0 N
0 10 2 1 N
7 9 0 2 N
7 12 1 0 N
7 16 2 1 N
9 12 2 2 N
9 5 0 0 N
9 4 1 1 N
12 6 1 2 N
12 8 2 1 N
12 10 0 0 N
6 8 0 2 N
6 10 1 1 N
6 12 2 0 N
8 15 1 0 N
8 12 0 2 N
8 10 2 1 N
