10 3 0 2 S
10 10 2 1 S
10 10 1 0 S
3 4 1 2 N
3 13 0 0 N
3 6 2 1 N
4 7 2 1 N
4 7 1 0 N
4 12 0 2 N
7 9 2 1 N
7 10 1 2 N
7 10 0 0 N
9 8 0 1 N
9 5 1 0 N
9 7 2 2 N
8 11 1 0 N
8 12 0 1 N
8 12 2 2 N
11 13 0 1 N
11 16 1 2 N
11 14 2 0 N
13 5 1 2 N
13 12 0 1 N
13 11 2 0 N
5 16 1 0 N
5 14 2 2 N
5 2 0 1 N
16 2 1 1 N
16 12 2 0 N
16 0 0 2 N
2 1 1 1 N
2 6 0 0 N
2 0 2 2 N
1 14 0 2 N
1 8 1 0 N
1 0 2 1 N
14 6 1 1 N
14 8 2 0 N
14 2 0 2 N
6 15 2 1 N
6 7 1 0 N
6 15 0 2 N
15 0 0 2 N
15 4 1 0 N
15 12 2 1 N
0 12 0 0 N
0 4 1 2 N
0 10 2 1 N
12 1 1 0 N
12 10 2 1 N
12 10 0 2 N
