8 0 1 0 S
8 6 0 2 S
8 7 2 1 S
0 5 1 0 N
0 7 0 1 N
0 15 2 2 N
5 9 0 2 N
5 4 2 1 N
5 4 1 0 N
9 11 0 0 N
9 15 1 2 N
9 9 2 1 N
11 3 1 0 N
11 12 0 2 N
11 7 2 1 N
3 13 1 0 N
3 14 0 2 N
3 5 2 1 N
13 15 0 2 N
13 7 1 0 N
13 16 2 1 N
15 1 1 1 N
15 9 2 2 N
15 9 0 0 N
1 7 0 1 N
1 3 1 0 N
1 12 2 2 N
7 10 2 0 N
7 15 0 2 N
7 4 1 1 N
10 2 2 2 N
10 2 0 0 N
10 16 1 1 N
2 12 0 1 N
2 15 2 2 N
2 13 1 0 N
12 14 1 0 N
12 7 0 2 N
12 15 2 1 N
14 16 2 1 N
14 11 1 2 N
14 13 0 0 N
16 6 0 0 N
16 4 2 2 N
16 5 1 1 N
6 4 0 0 N
6 8 2 1 N
6 11 1 2 N
4 7 2 0 N
4 10 0 1 N
4 9 1 2 N
