15 9 1 0 S
15 8 0 2 S
15 6 2 1 S
9 1 0 2 N
9 15 1 0 N
9 3 2 1 N
1 4 2 2 N
1 14 0 0 N
1 11 1 1 N
4 11 1 1 N
4 7 2 0 N
4 8 0 2 N
11 5 0 1 N
11 3 2 2 N
11 8 1 0 N
5 3 1 1 N
5 10 2 0 N
5 11 0 2 N
3 7 0 2 N
3 15 1 0 N
3 6 2 1 N
7 12 2 2 N
7 6 0 1 N
7 14 1 0 N
12 6 2 2 N
12 14 0 1 N
12 11 1 0 N
6 14 2 2 N
6 6 0 0 N
6 6 1 1 N
14 16 0 2 N
14 9 1 0 N
14 10 2 1 N
16 13 2 1 N
16 11 1 0 N
16 14 0 2 N
13 0 1 2 N
13 5 0 0 N
13 15 2 1 N
0 8 0 2 N
0 11 2 0 N
0 14 1 1 N
8 2 0 1 N
8 16 2 2 N
8 6 1 0 N
2 10 2 1 N
2 12 1 2 N
2 5 0 0 N
10 3 1 1 N
10 8 0 2 N
10 15 2 0 N
