10 2 1 2 S
10 7 0 1 S
10 12 2 0 S
2 5 2 1 N
2 7 1 2 N
2 6 0 0 N
5 1 1 1 N
5 8 2 0 N
5 11 0 2 N
1 8 1 1 N
1 12 2 2 N
1 3 0 0 N
8 14 1 1 N
8 1 0 0 N
8 9 2 2 N
14 3 1 2 N
14 0 2 0 N
14 2 0 1 N
3 4 1 1 N
3 3 0 2 N
3 3 2 0 N
4 6 0 2 N
4 15 1 0 N
4 6 2 1 N
6 0 1 0 N
6 14 2 1 N
6 3 0 2 N
0 12 1 0 N
0 9 2 2 N
0 9 0 1 N
12 11 2 2 N
12 9 0 1 N
12 3 1 0 N
11 13 0 0 N
11 3 1 2 N
11 6 2 1 N
13 9 2 1 N
13 10 1 0 N
13 16 0 2 N
9 15 1 2 N
9 1 2 1 N
9 7 0 0 N
15 16 2 1 N
15 9 0 2 N
15 4 1 0 N
16 7 2 1 N
16 11 1 0 N
16 2 0 2 N
7 16 1 1 N
7 9 0 2 N
7 11 2 0 N
