10 2 1 0 S
10 1 0 2 S
10 13 2 1 S
2 3 2 2 N
2 13 0 0 N
2 4 1 1 N
3 9 2 0 N
3 9 1 1 N
3 2 0 2 N
9 4 2 1 N
9 1 0 2 N
9 2 1 0 N
4 12 0 0 N
4 0 1 1 N
4 4 2 2 N
12 6 0 0 N
12 5 2 2 N
12 2 1 1 N
6 15 1 2 N
6 8 0 0 N
6 12 2 1 N
15 7 1 1 N
15 16 2 0 N
15 0 0 2 N
7 16 2 2 N
7 8 1 1 N
7 11 0 0 N
16 11 1 0 N
16 10 2 1 N
16 12 0 2 N
11 1 2 0 N
11 0 1 1 N
11 4 0 2 N
1 13 2 2 N
1 15 1 1 N
1 2 0 0 N
13 5 0 0 N
13 4 2 2 N
13 4 1 1 N
5 14 1 0 N
5 11 2 2 N
5 15 0 1 N
14 8 2 2 N
14 16 0 0 N
14 4 1 1 N
8 0 1 0 N
8 7 2 2 N
8 5 0 1 N
0 13 2 0 N
0 13 0 1 N
0 13 1 2 N
