12 16 0 0 S
12 11 2 2 S
12 5 1 1 S
16 5 2 2 N
16 9 0 0 N
16 9 1 1 N
5 0 2 0 N
5 16 0 1 N
5 9 1 2 N
0 8 0 0 N
0 6 1 1 N
0 16 2 2 N
8 9 1 0 N
8 1 0 1 N
8 4 2 2 N
9 1 0 2 N
9 4 1 0 N
9 11 2 1 N
1 14 2 0 N
1 13 1 1 N
1 11 0 2 N
14 11 1 1 N
14 8 2 2 N
14 13 0 0 N
11 2 0 1 N
11 2 1 2 N
11 2 2 0 N
2 10 2 2 N
2 3 0 1 N
2 3 1 0 N
10 6 2 2 N
10 14 1 0 N
10 9 0 1 N
6 7 0 0 N
6 1 1 1 N
6 9 2 2 N
7 3 1 2 N
7 1 2 1 N
7 2 0 0 N
3 4 2 0 N
3 3 0 2 N
3 3 1 1 N
4 15 2 1 N
4 0 0 2 N
4 3 1 0 N
15 13 2 1 N
15 7 0 2 N
15 1 1 0 N
13 3 0 1 N
13 4 2 0 N
13 11 1 2 N
