1 15 1 1 S
1 4 2 0 S
1 16 0 2 S
15 13 0 0 N
15 3 2 2 N
15 9 1 1 N
13 16 2 1 N
13 12 1 2 N
13 7 0 0 N
16 2 1 0 N
16 7 2 1 N
16 0 0 2 N
2 6 1 0 N
2 0 2 1 N
2 0 0 2 N
6 4 2 2 N
6 0 1 0 N
6 16 0 1 N
4 11 0 0 N
4 11 1 2 N
4 1 2 1 N
11 7 0 2 N
11 1 2 0 N
11 3 1 1 N
7 10 0 1 N
7 13 1 2 N
7 3 2 0 N
10 3 1 0 N
10 14 2 1 N
10 13 0 2 N
3 9 2 2 N
3 12 1 0 N
3 16 0 1 N
9 14 1 0 N
9 14 2 1 N
9 16 0 2 N
14 5 0 2 N
14 15 1 0 N
14 8 2 1 N
5 8 1 2 N
5 0 2 0 N
5 10 0 1 N
8 12 1 1 N
8 2 2 0 N
8 1 0 2 N
12 0 1 1 N
12 6 0 0 N
12 0 2 2 N
0 16 1 1 N
0 16 2 0 N
0 0 0 2 N
