0 5 2 0 S
0 14 0 2 S
0 8 1 1 S
5 10 1 1 N
5 15 2 0 N
5 7 0 2 N
10 4 2 2 N
10 2 1 0 N
10 12 0 1 N
4 7 2 1 N
4 14 1 2 N
4 14 0 0 N
7 6 2 2 N
7 8 0 0 N
7 16 1 1 N
6 2 0 0 N
6 11 1 2 N
6 11 2 1 N
2 1 2 0 N
2 5 1 1 N
2 11 0 2 N
1 3 2 2 N
1 10 0 1 N
1 8 1 0 N
3 8 1 2 N
3 7 2 1 N
3 11 0 0 N
8 9 2 0 N
8 0 1 2 N
8 2 0 1 N
9 15 1 1 N
9 13 0 2 N
9 8 2 0 N
15 14 2 1 N
15 11 0 0 N
15 0 1 2 N
14 13 0 1 N
14 2 1 0 N
14 6 2 2 N
13 16 2 1 N
13 11 0 2 N
13 12 1 0 N
16 12 2 0 N
16 8 1 2 N
16 2 0 1 N
12 11 2 0 N
12 11 0 1 N
12 2 1 2 N
11 2 0 0 N
11 2 2 2 N
11 11 1 1 N
