2 12 0 1 S
2 1 2 2 S
2 14 1 0 S
12 11 1 1 N
12 5 0 0 N
12 4 2 2 N
11 8 1 2 N
11 0 2 1 N
11 0 0 0 N
8 16 2 0 N
8 14 0 2 N
8 1 1 1 N
16 15 1 2 N
16 10 2 0 N
16 3 0 1 N
15 4 2 1 N
15 13 1 2 N
15 0 0 0 N
4 3 0 2 N
4 4 2 0 N
4 4 1 1 N
3 0 2 2 N
3 14 0 0 N
3 14 1 1 N
0 13 2 1 N
0 3 0 0 N
0 14 1 2 N
13 9 1 2 N
13 0 0 0 N
13 11 2 1 N
9 6 2 2 N
9 6 1 1 N
9 1 0 0 N
6 10 0 0 N
6 14 1 1 N
6 2 2 2 N
10 5 2 1 N
10 16 1 0 N
10 0 0 2 N
5 1 0 0 N
5 15 1 2 N
5 11 2 1 N
1 7 1 2 N
1 4 2 0 N
1 4 0 1 N
7 14 1 0 N
7 16 2 2 N
7 14 0 1 N
14 4 0 2 N
14 4 1 0 N
14 4 2 1 N
