15 12 1 2 S
15 10 0 1 S
15 6 2 0 S
12 16 0 1 N
12 9 1 0 N
12 15 2 2 N
16 8 0 2 N
16 14 2 0 N
16 6 1 1 N
8 3 0 2 N
8 3 2 0 N
8 5 1 1 N
3 9 2 1 N
3 6 0 0 N
3 15 1 2 N
9 6 0 0 N
9 5 1 2 N
9 1 2 1 N
6 11 2 1 N
6 4 0 2 N
6 10 1 0 N
11 4 2 1 N
11 0 1 0 N
11 0 0 2 N
4 14 2 0 N
4 10 0 2 N
4 4 1 1 N
14 5 2 1 N
14 15 0 0 N
14 6 1 2 N
5 13 0 2 N
5 13 1 0 N
5 0 2 1 N
13 2 1 2 N
13 4 0 1 N
13 0 2 0 N
2 7 1 2 N
2 5 2 1 N
2 14 0 0 N
7 0 0 2 N
7 0 1 1 N
7 10 2 0 N
0 1 1 2 N
0 10 0 0 N
0 15 2 1 N
1 10 1 2 N
1 4 2 1 N
1 10 0 0 N
10 0 0 1 N
10 3 2 0 N
10 4 1 2 N
