1 10 0 0 S
1 14 1 1 S
1 13 2 2 S
10 11 2 1 N
10 14 1 0 N
10 3 0 2 N
11 14 0 0 N
11 6 2 2 N
11 4 1 1 N
14 5 1 2 N
14 10 0 1 N
14 3 2 0 N
5 8 2 2 N
5 14 0 0 N
5 9 1 1 N
8 0 0 1 N
8 11 2 0 N
8 16 1 2 N
0 7 2 1 N
0 6 0 0 N
0 10 1 2 N
7 2 1 2 N
7 16 0 0 N
7 14 2 1 N
2 13 2 1 N
2 14 0 2 N
2 16 1 0 N
13 9 2 0 N
13 14 1 1 N
13 14 0 2 N
9 3 0 1 N
9 13 1 2 N
9 10 2 0 N
3 6 2 0 N
3 4 0 1 N
3 3 1 2 N
6 4 0 1 N
6 16 2 0 N
6 4 1 2 N
4 12 0 2 N
4 3 1 0 N
4 3 2 1 N
12 15 0 1 N
12 6 2 0 N
12 11 1 2 N
15 16 1 1 N
15 6 2 0 N
15 3 0 2 N
16 7 1 0 N
16 5 0 1 N
16 5 2 2 N
