2 13 0 0 S
2 14 2 1 S
2 0 1 2 S
13 15 1 1 N
13 5 0 2 N
13 7 2 0 N
15 4 0 1 N
15 13 2 2 N
15 7 1 0 N
4 1 0 2 N
4 14 2 1 N
4 6 1 0 N
1 3 0 1 N
1 14 2 2 N
1 8 1 0 N
3 6 2 2 N
3 4 0 0 N
3 5 1 1 N
6 0 2 1 N
6 2 1 2 N
6 2 0 0 N
0 12 1 1 N
0 13 2 2 N
0 7 0 0 N
12 10 0 0 N
12 6 2 1 N
12 7 1 2 N
10 5 2 2 N
10 4 1 1 N
10 2 0 0 N
5 8 0 0 N
5 12 1 1 N
5 2 2 2 N
8 7 2 2 N
8 7 1 1 N
8 2 0 0 N
7 16 0 1 N
7 13 2 2 N
7 7 1 0 N
16 11 0 2 N
16 9 1 0 N
16 2 2 1 N
11 9 2 0 N
11 13 1 2 N
11 5 0 1 N
9 14 2 2 N
9 7 1 0 N
9 6 0 1 N
14 7 0 2 N
14 5 2 1 N
14 3 1 0 N
