12 13 0 2 S
12 2 1 1 S
12 0 2 0 S
13 7 0 2 N
13 11 2 1 N
13 12 1 0 N
7 1 0 0 N
7 13 2 2 N
7 10 1 1 N
1 16 1 1 N
1 6 2 2 N
1 14 0 0 N
16 8 0 2 N
16 6 1 0 N
16 4 2 1 N
8 3 1 1 N
8 5 2 2 N
8 15 0 0 N
3 4 1 2 N
3 13 0 0 N
3 11 2 1 N
4 15 2 2 N
4 10 0 0 N
4 3 1 1 N
15 14 1 1 N
15 10 2 2 N
15 9 0 0 N
14 2 2 2 N
14 7 0 1 N
14 0 1 0 N
2 9 2 0 N
2 9 0 1 N
2 3 1 2 N
9 11 2 1 N
9 14 0 0 N
9 14 1 2 N
11 10 2 1 N
11 5 1 2 N
11 13 0 0 N
10 5 0 1 N
10 0 1 2 N
10 14 2 0 N
5 0 0 1 N
5 0 1 2 N
5 2 2 0 N
0 6 0 1 N
0 11 2 0 N
0 0 1 2 N
6 5 1 0 N
6 3 2 1 N
6 14 0 2 N
