0 16 1 0 S
0 15 0 2 S
0 3 2 1 S
16 8 1 1 N
16 11 0 0 N
16 9 2 2 N
8 9 0 0 N
8 11 1 2 N
8 7 2 1 N
9 1 0 0 N
9 15 1 2 N
9 1 2 1 N
1 3 1 1 N
1 5 2 0 N
1 3 0 2 N
3 7 0 1 N
3 15 2 2 N
3 3 1 0 N
7 10 1 0 N
7 15 2 2 N
7 4 0 1 N
10 14 1 0 N
10 12 0 2 N
10 5 2 1 N
14 15 0 1 N
14 2 1 2 N
14 2 2 0 N
15 6 0 2 N
15 3 2 0 N
15 3 1 1 N
6 5 1 0 N
6 12 2 1 N
6 9 0 2 N
5 11 2 0 N
5 8 1 2 N
5 15 0 1 N
11 12 1 2 N
11 13 2 0 N
11 15 0 1 N
12 2 2 1 N
12 3 1 0 N
12 5 0 2 N
2 4 1 1 N
2 10 0 0 N
2 5 2 2 N
4 13 2 2 N
4 1 0 0 N
4 3 1 1 N
13 15 0 1 N
13 15 1 0 N
13 2 2 2 N
