15 11 0 1 S
15 11 2 2 S
15 3 1 0 S
11 14 0 0 N
11 1 1 1 N
11 0 2 2 N
14 0 2 2 N
14 10 0 0 N
14 4 1 1 N
0 8 1 0 N
0 3 2 1 N
0 12 0 2 N
8 5 1 2 N
8 10 0 1 N
8 12 2 0 N
5 12 1 0 N
5 4 0 2 N
5 16 2 1 N
12 4 1 1 N
12 11 0 0 N
12 4 2 2 N
4 6 2 1 N
4 2 0 2 N
4 16 1 0 N
6 3 1 1 N
6 11 2 0 N
6 9 0 2 N
3 16 2 1 N
3 10 0 0 N
3 5 1 2 N
16 13 1 0 N
16 5 2 2 N
16 16 0 1 N
13 7 2 2 N
13 11 1 0 N
13 0 0 1 N
7 2 0 0 N
7 14 1 1 N
7 16 2 2 N
2 1 0 2 N
2 14 2 1 N
2 0 1 0 N
1 9 2 1 N
1 16 0 2 N
1 5 1 0 N
9 10 2 0 N
9 12 0 2 N
9 2 1 1 N
10 8 1 1 N
10 1 2 0 N
10 5 0 2 N
