2 11 0 1 S
2 16 1 2 S
2 9 2 0 S
11 5 1 1 N
11 8 0 2 N
11 9 2 0 N
5 1 0 2 N
5 16 1 1 N
5 6 2 0 N
1 4 2 0 N
1 3 1 2 N
1 14 0 1 N
4 14 2 2 N
4 7 0 1 N
4 0 1 0 N
14 16 1 0 N
14 1 2 1 N
14 11 0 2 N
16 15 1 2 N
16 1 2 0 N
16 11 0 1 N
15 7 0 0 N
15 7 1 1 N
15 2 2 2 N
7 8 0 0 N
7 10 1 2 N
7 14 2 1 N
8 9 0 1 N
8 10 1 0 N
8 10 2 2 N
9 10 0 0 N
9 6 2 2 N
9 6 1 1 N
10 13 0 0 N
10 6 2 2 N
10 9 1 1 N
13 3 2 0 N
13 0 1 1 N
13 16 0 2 N
3 0 0 0 N
3 9 1 2 N
3 14 2 1 N
0 6 1 2 N
0 7 2 0 N
0 7 0 1 N
6 12 1 2 N
6 9 2 0 N
6 6 0 1 N
12 10 0 2 N
12 16 1 0 N
12 16 2 1 N
