5 3 1 1 S
5 0 0 0 S
5 12 2 2 S
3 8 1 1 N
3 0 2 2 N
3 2 0 0 N
8 16 1 2 N
8 11 2 0 N
8 12 0 1 N
16 14 2 2 N
16 1 1 0 N
16 11 0 1 N
14 1 1 2 N
14 3 2 1 N
14 10 0 0 N
1 12 2 0 N
1 9 1 1 N
1 12 0 2 N
12 4 0 1 N
12 14 2 2 N
12 3 1 0 N
4 2 2 0 N
4 13 0 2 N
4 6 1 1 N
2 13 2 2 N
2 4 0 1 N
2 13 1 0 N
13 15 2 0 N
13 13 0 1 N
13 13 1 2 N
15 0 0 2 N
15 16 2 0 N
15 3 1 1 N
0 9 0 1 N
0 15 2 0 N
0 2 1 2 N
9 10 1 0 N
9 2 0 1 N
9 2 2 2 N
10 6 1 2 N
10 6 0 1 N
10 12 2 0 N
6 11 0 0 N
6 2 1 1 N
6 2 2 2 N
11 7 1 1 N
11 9 0 0 N
11 4 2 2 N
7 6 2 0 N
7 2 0 2 N
7 15 1 1 N
