14 13 0 0 S
14 12 1 1 S
14 15 2 2 S
13 16 0 0 N
13 7 2 2 N
13 11 1 1 N
16 8 2 0 N
16 9 1 2 N
16 8 0 1 N
8 11 0 2 N
8 5 1 1 N
8 4 2 0 N
11 15 2 0 N
11 5 1 2 N
11 4 0 1 N
15 12 1 2 N
15 12 0 1 N
15 10 2 0 N
12 9 2 0 N
12 11 0 1 N
12 3 1 2 N
9 0 1 1 N
9 4 2 0 N
9 3 0 2 N
0 5 0 0 N
0 4 2 1 N
0 12 1 2 N
5 10 1 1 N
5 12 0 2 N
5 4 2 0 N
10 6 2 2 N
10 12 1 1 N
10 4 0 0 N
6 4 1 2 N
6 12 2 1 N
6 15 0 0 N
4 2 0 2 N
4 4 2 1 N
4 4 1 0 N
2 1 0 2 N
2 13 1 1 N
2 5 2 0 N
1 3 0 2 N
1 15 1 0 N
1 8 2 1 N
3 7 1 0 N
3 16 0 2 N
3 15 2 1 N
7 5 0 0 N
7 4 2 1 N
7 3 1 2 N
