15 10 2 0 S
10 21 2 2 N
21 14 1 1 N
14 35 1 1 N
35 27 1 1 N
27 16 2 2 N
16 11 0 2 N
11 43 2 1 N
43 8 1 2 N
8 39 2 2 N
39 41 2 1 N
41 40 2 2 N
40 12 2 1 N
12 26 1 1 N
26 30 2 2 N
30 32 1 1 N
32 5 1 0 N
5 3 1 2 N
3 45 0 2 N
45 36 1 2 N
36 2 0 2 N
2 6 1 0 N
6 9 2 2 N
9 47 1 0 N
47 17 0 0 N
17 38 0 2 N
38 18 1 1 N
18 33 1 1 N
33 44 0 0 N
44 42 0 0 N
42 7 2 1 N
7 24 2 1 N
24 1 2 1 N
1 29 0 1 N
29 25 2 1 N
25 0 0 1 N
0 34 2 0 N
34 22 2 1 N
22 4 1 2 N
4 37 0 2 N
37 13 1 2 N
13 46 0 1 N
46 28 1 1 N
28 31 0 1 N
31 23 1 2 N
23 20 0 2 N
20 19 2 0 N
