16 15 2 2 S
16 32 1 1 S
16 19 0 0 S
15 29 1 2 N
15 33 2 0 N
15 19 0 1 N
29 46 2 0 N
29 28 1 2 N
29 35 0 1 N
46 6 0 2 N
46 7 1 0 N
46 4 2 1 N
6 27 0 2 N
6 10 1 0 N
6 2 2 1 N
27 32 0 0 N
27 16 2 1 N
27 45 1 2 N
32 12 2 1 N
32 19 1 0 N
32 45 0 2 N
12 4 2 0 N
12 26 1 1 N
12 12 0 2 N
4 20 1 1 N
4 5 0 2 N
4 6 2 0 N
20 31 2 2 N
20 19 1 1 N
20 11 0 0 N
31 17 2 1 N
31 3 1 2 N
31 22 0 0 N
17 34 0 2 N
17 27 2 1 N
17 42 1 0 N
34 21 0 2 N
34 20 1 0 N
34 22 2 1 N
21 24 2 2 N
21 32 1 1 N
21 2 0 0 N
24 30 2 1 N
24 22 0 2 N
24 28 1 0 N
30 19 0 0 N
30 45 2 2 N
30 35 1 1 N
19 9 1 0 N
19 9 2 2 N
19 12 0 1 N
9 33 0 0 N
9 19 1 2 N
9 26 2 1 N
33 0 0 2 N
33 34 1 1 N
33 6 2 0 N
0 3 0 1 N
0 44 1 2 N
0 25 2 0 N
3 35 0 0 N
3 11 1 2 N
3 45 2 1 N
35 47 0 1 N
35 28 1 0 N
35 12 2 2 N
47 14 0 1 N
47 19 1 0 N
47 27 2 2 N
14 28 2 1 N
14 11 0 2 N
14 15 1 0 N
28 44 2 2 N
28 4 1 0 N
28 6 0 1 N
44 26 2 1 N
44 17 0 2 N
44 10 1 0 N
26 13 0 1 N
26 4 2 0 N
26 15 1 2 N
13 2 1 1 N
13 44 2 2 N
13 47 0 0 N
2 23 2 0 N
2 3 0 1 N
2 12 1 2 N
23 39 2 2 N
23 28 0 0 N
23 19 1 1 N
39 8 1 2 N
39 13 2 0 N
39 11 0 1 N
8 43 2 2 N
8 4 1 1 N
8 35 0 0 N
43 36 0 1 N
43 31 2 0 N
43 46 1 2 N
36 22 2 1 N
36 46 0 0 N
36 1 1 2 N
22 41 2 1 N
22 11 1 2 N
22 45 0 0 N
41 7 2 0 N
41 3 0 1 N
41 26 1 2 N
7 18 1 1 N
7 27 0 0 N
7 43 2 2 N
18 5 0 1 N
18 39 2 2 N
18 43 1 0 N
5 10 2 0 N
5 45 0 2 N
5 12 1 1 N
10 38 1 0 N
10 4 0 1 N
10 15 2 2 N
38 1 2 2 N
38 23 1 1 N
38 31 0 0 N
1 37 2 2 N
1 14 0 1 N
1 6 1 0 N
37 40 2 0 N
37 1 1 2 N
37 44 0 1 N
40 25 1 2 N
40 10 2 1 N
40 18 0 0 N
25 42 0 1 N
25 7 1 2 N
25 20 2 0 N
42 11 0 1 N
42 27 1 2 N
42 6 2 0 N
11 45 0 2 N
11 45 1 0 N
11 42 2 1 N
45 13 1 1 N
45 35 2 0 N
45 35 0 2 N
