7 1 0 2 S
1 37 1 2 N
37 5 0 0 N
5 45 1 2 N
45 25 0 0 N
25 46 2 1 N
46 26 1 2 N
26 18 1 0 N
18 23 0 0 N
23 36 2 2 N
36 47 2 1 N
47 12 1 2 N
12 14 1 0 N
14 43 2 0 N
43 27 2 2 N
27 10 2 0 N
10 0 1 2 N
0 24 2 0 N
24 9 0 0 N
9 32 0 0 N
32 4 0 0 N
4 29 1 2 N
29 20 0 1 N
20 34 0 0 N
34 42 2 2 N
42 39 1 0 N
39 8 2 1 N
8 19 1 2 N
19 30 0 2 N
30 38 2 1 N
38 13 1 2 N
13 17 0 2 N
17 33 1 0 N
33 3 0 2 N
3 41 2 0 N
41 44 0 2 N
44 15 0 1 N
15 31 2 1 N
31 16 1 2 N
16 22 0 1 N
22 6 0 0 N
6 35 0 0 N
35 21 1 2 N
21 2 2 2 N
2 28 1 1 N
28 11 2 1 N
11 40 2 1 N
