1 13 1 0 S
13 15 2 1 N
15 29 2 0 N
29 28 0 0 N
28 46 2 0 N
46 27 2 2 N
27 47 0 0 N
47 21 0 0 N
21 4 2 1 N
4 17 0 1 N
17 34 2 2 N
34 11 1 2 N
11 36 0 2 N
36 23 1 1 N
23 22 2 2 N
22 20 1 0 N
20 38 0 1 N
38 10 0 1 N
10 12 2 2 N
12 18 2 0 N
18 0 0 0 N
0 39 0 2 N
39 6 2 0 N
6 7 2 1 N
7 40 2 2 N
40 43 1 2 N
43 31 0 1 N
31 14 0 0 N
14 42 0 2 N
42 25 2 0 N
25 3 2 2 N
3 41 0 1 N
41 32 0 1 N
32 24 1 2 N
24 8 2 2 N
8 33 1 0 N
33 9 2 0 N
9 5 0 2 N
5 45 1 0 N
45 19 2 0 N
19 26 0 2 N
26 16 1 0 N
16 30 2 1 N
30 2 2 0 N
2 44 0 2 N
44 37 0 0 N
37 35 2 2 N
