31 38 1 2 S
38 18 2 2 N
18 24 2 2 N
24 40 2 0 N
40 11 2 2 N
11 34 1 0 N
34 46 1 1 N
46 32 0 0 N
32 3 1 0 N
3 13 1 1 N
13 12 2 2 N
12 28 1 2 N
28 35 0 1 N
35 36 0 2 N
36 16 2 2 N
16 17 1 0 N
17 27 1 2 N
27 8 2 2 N
8 0 0 1 N
0 21 2 1 N
21 44 0 0 N
44 41 0 2 N
41 2 0 2 N
2 1 1 0 N
1 14 0 0 N
14 7 1 2 N
7 22 1 0 N
22 15 0 2 N
15 5 2 0 N
5 23 2 1 N
23 45 1 2 N
45 9 1 0 N
9 43 0 2 N
43 25 1 1 N
25 30 2 0 N
30 39 0 0 N
39 4 1 2 N
4 19 2 2 N
19 29 0 1 N
29 20 2 0 N
20 6 1 2 N
6 33 0 2 N
33 47 2 0 N
47 26 0 1 N
26 42 0 2 N
42 37 2 0 N
37 10 0 1 N
