42 40 2 2 S
40 23 2 0 N
23 31 0 1 N
31 34 1 2 N
34 13 2 0 N
13 5 1 2 N
5 22 1 0 N
22 33 2 1 N
33 12 1 0 N
12 30 1 0 N
30 41 0 2 N
41 35 2 0 N
35 14 1 2 N
14 45 1 2 N
45 25 2 0 N
25 20 0 0 N
20 24 1 2 N
24 10 1 1 N
10 27 1 1 N
27 4 0 2 N
4 17 2 2 N
17 1 0 1 N
1 44 0 0 N
44 16 2 0 N
16 15 1 2 N
15 43 2 0 N
43 47 1 1 N
47 38 1 2 N
38 39 0 1 N
39 3 0 2 N
3 32 1 1 N
32 18 1 1 N
18 6 2 2 N
6 0 1 1 N
0 9 1 2 N
9 29 2 0 N
29 7 2 1 N
7 2 0 1 N
2 28 1 1 N
28 26 2 0 N
26 8 1 0 N
8 36 0 0 N
36 11 0 0 N
11 37 1 0 N
37 46 0 2 N
46 21 0 2 N
21 19 0 0 N
