31 15 1 2 S
31 20 2 0 S
31 28 0 1 S
15 7 1 0 N
15 3 0 2 N
15 38 2 1 N
7 44 0 2 N
7 8 1 1 N
7 21 2 0 N
44 45 2 0 N
44 38 0 1 N
44 25 1 2 N
45 36 2 0 N
45 38 1 1 N
45 14 0 2 N
36 21 0 0 N
36 25 2 2 N
36 2 1 1 N
21 34 2 1 N
21 41 1 2 N
21 14 0 0 N
34 8 0 1 N
34 17 2 2 N
34 30 1 0 N
8 3 0 2 N
8 19 2 0 N
8 19 1 1 N
3 35 2 2 N
3 21 1 1 N
3 19 0 0 N
35 29 2 2 N
35 41 1 0 N
35 19 0 1 N
29 2 1 1 N
29 11 0 0 N
29 15 2 2 N
2 18 0 1 N
2 29 2 2 N
2 19 1 0 N
18 27 2 2 N
18 15 1 1 N
18 29 0 0 N
27 17 2 1 N
27 20 0 0 N
27 22 1 2 N
17 11 1 0 N
17 16 0 1 N
17 30 2 2 N
11 47 2 0 N
11 4 1 1 N
11 19 0 2 N
47 39 2 0 N
47 23 0 1 N
47 30 1 2 N
39 24 0 1 N
39 27 2 2 N
39 3 1 0 N
24 6 1 2 N
24 22 0 1 N
24 4 2 0 N
6 26 2 1 N
6 2 1 0 N
6 35 0 2 N
26 42 2 0 N
26 0 0 1 N
26 11 1 2 N
42 16 0 0 N
42 20 2 1 N
42 10 1 2 N
16 38 0 1 N
16 20 2 0 N
16 31 1 2 N
38 25 0 0 N
38 0 2 1 N
38 23 1 2 N
25 5 2 2 N
25 38 1 0 N
25 19 0 1 N
5 30 1 2 N
5 38 2 0 N
5 38 0 1 N
30 33 1 0 N
30 15 2 1 N
30 23 0 2 N
33 4 0 0 N
33 24 1 2 N
33 19 2 1 N
4 46 1 2 N
4 18 2 1 N
4 2 0 0 N
46 0 0 0 N
46 10 2 2 N
46 34 1 1 N
0 43 2 2 N
0 40 0 0 N
0 4 1 1 N
43 32 1 2 N
43 15 0 1 N
43 25 2 0 N
32 23 0 2 N
32 44 2 0 N
32 3 1 1 N
23 10 2 2 N
23 30 0 1 N
23 8 1 0 N
10 14 1 1 N
10 44 0 0 N
10 11 2 2 N
14 13 1 0 N
14 42 0 2 N
14 31 2 1 N
13 37 0 1 N
13 23 1 2 N
13 35 2 0 N
37 20 1 2 N
37 26 2 0 N
37 2 0 1 N
20 41 2 1 N
20 43 1 0 N
20 29 0 2 N
41 28 0 0 N
41 31 2 2 N
41 27 1 1 N
28 9 1 0 N
28 38 0 2 N
28 22 2 1 N
9 40 1 1 N
9 20 2 2 N
9 4 0 0 N
40 12 2 0 N
40 10 1 2 N
40 19 0 1 N
12 22 1 0 N
12 6 2 2 N
12 22 0 1 N
22 1 1 2 N
22 10 0 0 N
22 23 2 1 N
1 19 1 0 N
1 3 2 1 N
1 21 0 2 N
19 8 0 1 N
19 8 2 0 N
19 19 1 2 N
