45 44 1 0 S
44 35 0 0 N
35 0 2 0 N
0 1 1 2 N
1 22 2 2 N
22 14 2 0 N
14 46 1 1 N
46 39 1 2 N
39 32 0 2 N
32 43 0 0 N
43 25 1 1 N
25 13 1 0 N
13 12 1 2 N
12 10 2 2 N
10 8 0 0 N
8 24 2 1 N
24 11 0 1 N
11 20 1 2 N
20 15 1 2 N
15 4 2 2 N
4 33 0 2 N
33 42 1 2 N
42 28 1 2 N
28 9 2 1 N
9 31 1 0 N
31 5 0 0 N
5 37 2 0 N
37 41 0 2 N
41 47 0 0 N
47 27 0 0 N
27 30 2 1 N
30 19 2 0 N
19 2 0 0 N
2 36 0 2 N
36 21 1 0 N
21 40 1 2 N
40 18 0 1 N
18 16 1 0 N
16 38 2 1 N
38 17 1 2 N
17 7 2 2 N
7 26 0 1 N
26 29 1 2 N
29 34 0 2 N
34 23 1 2 N
23 3 1 1 N
3 6 0 1 N
