16 8 1 0 S
8 15 0 0 N
15 38 0 1 N
38 20 1 2 N
20 37 0 2 N
37 13 0 0 N
13 28 0 2 N
28 36 2 0 N
36 11 0 0 N
11 7 2 2 N
7 46 0 0 N
46 5 1 2 N
5 32 2 1 N
32 31 1 2 N
31 47 0 1 N
47 17 0 1 N
17 1 2 2 N
1 27 0 1 N
27 4 0 1 N
4 44 2 1 N
44 22 2 0 N
22 9 0 2 N
9 23 2 1 N
23 14 0 1 N
14 40 1 0 N
40 0 0 1 N
0 45 0 1 N
45 43 2 0 N
43 35 0 1 N
35 42 2 0 N
42 10 0 0 N
10 21 0 2 N
21 18 1 2 N
18 24 0 1 N
24 3 1 0 N
3 26 2 0 N
26 34 0 0 N
34 39 2 2 N
39 41 1 0 N
41 25 1 1 N
25 29 1 0 N
29 12 0 0 N
12 6 2 1 N
6 2 2 0 N
2 30 1 0 N
30 33 0 2 N
33 19 0 0 N
