28 33 2 2 S
33 36 2 1 N
36 15 2 1 N
15 3 1 0 N
3 30 0 0 N
30 13 2 0 N
13 44 2 1 N
44 40 1 1 N
40 41 0 2 N
41 42 0 2 N
42 2 2 0 N
2 9 0 2 N
9 47 0 0 N
47 46 0 2 N
46 37 2 2 N
37 38 1 2 N
38 14 2 2 N
14 17 2 0 N
17 39 2 0 N
39 24 1 0 N
24 4 0 0 N
4 22 1 1 N
22 34 0 0 N
34 23 1 1 N
23 45 0 1 N
45 29 0 0 N
29 0 2 1 N
0 1 1 0 N
1 25 1 2 N
25 32 2 0 N
32 27 1 2 N
27 31 1 2 N
31 11 1 1 N
11 26 2 1 N
26 10 1 1 N
10 16 2 1 N
16 20 1 1 N
20 35 2 2 N
35 21 0 1 N
21 43 0 0 N
43 7 2 1 N
7 12 0 2 N
12 5 1 0 N
5 8 0 2 N
8 6 2 2 N
6 18 2 2 N
18 19 2 2 N
