22 44 2 1 S
22 6 0 2 S
22 10 1 0 S
44 6 2 2 N
44 9 0 0 N
44 28 1 1 N
6 18 1 0 N
6 16 2 1 N
6 34 0 2 N
18 9 2 2 N
18 0 0 1 N
18 34 1 0 N
9 35 1 2 N
9 46 2 0 N
9 47 0 1 N
35 24 0 1 N
35 45 2 2 N
35 13 1 0 N
24 5 1 1 N
24 29 2 2 N
24 34 0 0 N
5 20 1 2 N
5 24 0 0 N
5 29 2 1 N
20 41 2 0 N
20 35 0 1 N
20 22 1 2 N
41 46 0 0 N
41 10 2 1 N
41 45 1 2 N
46 27 0 0 N
46 33 1 2 N
46 32 2 1 N
27 30 2 2 N
27 46 0 1 N
27 25 1 0 N
30 47 2 2 N
30 44 1 1 N
30 16 0 0 N
47 7 0 1 N
47 8 2 0 N
47 19 1 2 N
7 40 0 0 N
7 41 1 2 N
7 3 2 1 N
40 16 0 1 N
40 26 1 0 N
40 15 2 2 N
16 13 2 2 N
16 23 0 0 N
16 5 1 1 N
13 11 1 2 N
13 27 0 1 N
13 47 2 0 N
11 38 2 1 N
11 27 0 2 N
11 46 1 0 N
38 43 0 0 N
38 22 2 2 N
38 31 1 1 N
43 17 2 0 N
43 18 0 2 N
43 28 1 1 N
17 0 1 2 N
17 46 0 0 N
17 46 2 1 N
0 33 0 1 N
0 35 2 0 N
0 15 1 2 N
33 23 2 1 N
33 38 1 2 N
33 5 0 0 N
23 15 1 2 N
23 29 2 0 N
23 34 0 1 N
15 21 2 0 N
15 16 1 1 N
15 23 0 2 N
21 31 2 2 N
21 29 1 1 N
21 32 0 0 N
31 37 2 0 N
31 15 1 1 N
31 23 0 2 N
37 12 1 2 N
37 26 0 0 N
37 15 2 1 N
12 25 1 2 N
12 28 2 0 N
12 47 0 1 N
25 4 2 2 N
25 6 0 1 N
25 19 1 0 N
4 29 2 0 N
4 45 0 2 N
4 1 1 1 N
29 32 1 0 N
29 24 2 2 N
29 34 0 1 N
32 42 0 1 N
32 1 2 2 N
32 23 1 0 N
42 14 0 0 N
42 41 1 2 N
42 26 2 1 N
14 28 0 1 N
14 45 2 0 N
14 39 1 2 N
28 39 0 0 N
28 13 1 1 N
28 15 2 2 N
39 19 1 0 N
39 1 2 2 N
39 34 0 1 N
19 2 1 2 N
19 39 2 1 N
19 39 0 0 N
2 1 0 0 N
2 17 2 1 N
2 29 1 2 N
1 3 2 2 N
1 44 1 1 N
1 34 0 0 N
3 45 2 1 N
3 44 1 0 N
3 46 0 2 N
45 34 0 0 N
45 5 2 1 N
45 46 1 2 N
34 8 2 1 N
34 45 0 2 N
34 34 1 0 N
8 26 0 0 N
8 5 2 2 N
8 24 1 1 N
26 36 0 1 N
26 39 2 2 N
26 32 1 0 N
36 10 2 1 N
36 1 0 0 N
36 8 1 2 N
10 24 1 2 N
10 29 2 1 N
10 39 0 0 N
