18 43 0 0 S
18 29 1 1 S
18 28 2 2 S
43 41 2 0 N
43 28 1 1 N
43 1 0 2 N
41 13 2 2 N
41 26 0 0 N
41 20 1 1 N
13 29 2 1 N
13 21 0 2 N
13 25 1 0 N
29 31 1 0 N
29 19 2 1 N
29 13 0 2 N
31 32 0 2 N
31 24 2 1 N
31 34 1 0 N
32 34 1 1 N
32 11 2 2 N
32 3 0 0 N
34 1 0 1 N
34 45 2 0 N
34 13 1 2 N
1 30 1 1 N
1 27 2 2 N
1 23 0 0 N
30 21 2 2 N
30 35 0 0 N
30 24 1 1 N
21 24 0 2 N
21 25 1 0 N
21 28 2 1 N
24 5 1 0 N
24 10 0 1 N
24 47 2 2 N
5 45 2 1 N
5 45 0 2 N
5 42 1 0 N
45 12 0 2 N
45 13 2 0 N
45 43 1 1 N
12 11 2 2 N
12 33 1 1 N
12 28 0 0 N
11 16 2 1 N
11 14 1 2 N
11 1 0 0 N
16 39 0 1 N
16 39 2 0 N
16 45 1 2 N
39 3 1 2 N
39 37 2 1 N
39 1 0 0 N
3 8 0 2 N
3 15 2 0 N
3 16 1 1 N
8 36 0 1 N
8 29 1 2 N
8 42 2 0 N
36 44 2 1 N
36 16 1 0 N
36 4 0 2 N
44 15 2 0 N
44 9 1 1 N
44 37 0 2 N
15 20 2 2 N
15 4 1 1 N
15 45 0 0 N
20 37 1 1 N
20 42 2 2 N
20 45 0 0 N
37 9 2 1 N
37 19 0 0 N
37 3 1 2 N
9 10 0 2 N
9 27 1 1 N
9 11 2 0 N
10 14 2 2 N
10 0 1 1 N
10 25 0 0 N
14 27 2 0 N
14 7 1 2 N
14 21 0 1 N
27 23 1 1 N
27 33 2 2 N
27 28 0 0 N
23 46 2 0 N
23 1 1 2 N
23 23 0 1 N
46 42 0 2 N
46 29 2 1 N
46 18 1 0 N
42 4 0 1 N
42 10 2 0 N
42 16 1 2 N
4 47 0 0 N
4 7 1 2 N
4 15 2 1 N
47 26 2 0 N
47 14 0 2 N
47 29 1 1 N
26 35 2 1 N
26 40 0 2 N
26 32 1 0 N
35 2 0 2 N
35 28 1 1 N
35 47 2 0 N
2 38 2 1 N
2 14 0 2 N
2 15 1 0 N
38 19 1 2 N
38 25 0 0 N
38 13 2 1 N
19 17 1 2 N
19 45 0 0 N
19 43 2 1 N
17 40 2 1 N
17 40 1 2 N
17 33 0 0 N
40 6 1 2 N
40 27 0 1 N
40 16 2 0 N
6 7 2 0 N
6 39 1 1 N
6 18 0 2 N
7 22 2 0 N
7 24 1 2 N
7 10 0 1 N
22 0 2 0 N
22 15 0 1 N
22 4 1 2 N
0 25 1 0 N
0 22 0 1 N
0 14 2 2 N
25 28 1 1 N
25 38 2 2 N
25 16 0 0 N
28 33 0 0 N
28 19 1 1 N
28 23 2 2 N
33 21 2 2 N
33 1 0 0 N
33 43 1 1 N
