35 3 2 1 S
3 28 2 2 N
28 47 0 1 N
47 43 2 2 N
43 21 0 0 N
21 0 1 1 N
0 10 1 2 N
10 17 2 0 N
17 19 1 0 N
19 37 1 1 N
37 13 2 0 N
13 38 0 1 N
38 14 0 2 N
14 18 1 0 N
18 44 0 0 N
44 6 2 0 N
6 22 0 0 N
22 36 2 2 N
36 29 0 1 N
29 46 2 1 N
46 39 0 1 N
39 27 2 1 N
27 40 0 0 N
40 16 1 2 N
16 5 0 1 N
5 31 0 1 N
31 42 1 0 N
42 15 1 0 N
15 32 0 2 N
32 24 0 2 N
24 12 0 1 N
12 4 1 2 N
4 7 0 0 N
7 30 1 2 N
30 9 2 1 N
9 33 0 2 N
33 26 0 2 N
26 34 2 0 N
34 20 2 0 N
20 8 2 1 N
8 41 2 1 N
41 45 0 1 N
45 11 0 2 N
11 1 0 2 N
1 2 0 2 N
2 25 0 1 N
25 23 1 1 N
