1 15 0 1 S
1 47 1 2 S
1 14 2 0 S
15 17 0 1 N
15 29 1 2 N
15 44 2 0 N
17 24 1 2 N
17 35 2 1 N
17 32 0 0 N
24 26 1 2 N
24 26 2 1 N
24 10 0 0 N
26 25 0 0 N
26 3 2 2 N
26 15 1 1 N
25 38 2 1 N
25 37 0 2 N
25 30 1 0 N
38 2 2 1 N
38 25 1 2 N
38 35 0 0 N
2 14 1 1 N
2 40 2 2 N
2 27 0 0 N
14 36 2 0 N
14 16 0 2 N
14 45 1 1 N
36 46 1 0 N
36 40 2 1 N
36 22 0 2 N
46 4 0 0 N
46 43 2 2 N
46 31 1 1 N
4 11 0 1 N
4 26 2 2 N
4 43 1 0 N
11 19 2 1 N
11 34 1 2 N
11 40 0 0 N
19 37 1 1 N
19 0 2 2 N
19 39 0 0 N
37 12 0 1 N
37 22 2 2 N
37 45 1 0 N
12 0 1 2 N
12 1 2 1 N
12 6 0 0 N
0 30 2 0 N
0 25 1 1 N
0 2 0 2 N
30 40 2 0 N
30 10 0 1 N
30 2 1 2 N
40 9 1 1 N
40 6 0 0 N
40 37 2 2 N
9 39 0 1 N
9 37 2 0 N
9 34 1 2 N
39 21 1 0 N
39 13 0 1 N
39 31 2 2 N
21 20 0 2 N
21 37 1 0 N
21 45 2 1 N
20 43 2 1 N
20 7 0 0 N
20 10 1 2 N
43 23 1 1 N
43 14 0 2 N
43 39 2 0 N
23 5 0 2 N
23 9 1 0 N
23 30 2 1 N
5 18 0 1 N
5 44 2 0 N
5 34 1 2 N
18 44 1 0 N
18 12 0 1 N
18 30 2 2 N
44 10 1 1 N
44 11 2 2 N
44 45 0 0 N
10 8 1 2 N
10 22 2 1 N
10 22 0 0 N
8 3 1 1 N
8 27 2 2 N
8 3 0 0 N
3 47 2 1 N
3 12 0 2 N
3 37 1 0 N
47 13 1 2 N
47 1 0 0 N
47 44 2 1 N
13 16 2 2 N
13 20 0 1 N
13 29 1 0 N
16 22 1 0 N
16 22 0 1 N
16 44 2 2 N
22 32 0 2 N
22 32 1 0 N
22 27 2 1 N
32 6 2 2 N
32 29 0 0 N
32 6 1 1 N
6 27 2 0 N
6 22 1 2 N
6 22 0 1 N
27 28 0 2 N
27 22 2 0 N
27 27 1 1 N
28 34 1 1 N
28 27 0 0 N
28 14 2 2 N
34 31 0 1 N
34 21 1 0 N
34 22 2 2 N
31 41 2 0 N
31 22 1 2 N
31 45 0 1 N
41 45 2 1 N
41 24 0 0 N
41 33 1 2 N
45 29 1 1 N
45 14 0 0 N
45 22 2 2 N
29 7 1 1 N
29 15 2 0 N
29 22 0 2 N
7 42 2 1 N
7 3 1 2 N
7 10 0 0 N
42 35 2 0 N
42 14 0 1 N
42 14 1 2 N
35 33 2 2 N
35 27 1 1 N
35 42 0 0 N
33 8 0 1 N
33 41 1 0 N
33 44 2 2 N
