15 45 0 2 S
15 20 2 0 S
15 42 1 1 S
45 35 2 2 N
45 6 1 0 N
45 18 0 1 N
35 47 0 1 N
35 45 2 2 N
35 4 1 0 N
47 1 0 0 N
47 47 2 2 N
47 47 1 1 N
1 42 0 1 N
1 30 2 0 N
1 4 1 2 N
42 18 1 2 N
42 5 2 1 N
42 4 0 0 N
18 27 1 0 N
18 11 0 1 N
18 3 2 2 N
27 19 2 1 N
27 36 1 2 N
27 45 0 0 N
19 3 2 0 N
19 37 1 1 N
19 10 0 2 N
3 44 1 0 N
3 11 2 2 N
3 11 0 1 N
44 36 0 0 N
44 29 1 2 N
44 18 2 1 N
36 5 2 0 N
36 40 1 2 N
36 18 0 1 N
5 6 2 0 N
5 4 0 2 N
5 30 1 1 N
6 8 0 2 N
6 4 2 1 N
6 3 1 0 N
8 39 0 2 N
8 3 2 1 N
8 21 1 0 N
39 22 0 1 N
39 9 2 0 N
39 40 1 2 N
22 31 2 2 N
22 47 0 0 N
22 44 1 1 N
31 34 2 1 N
31 12 0 2 N
31 30 1 0 N
34 30 2 0 N
34 12 0 1 N
34 4 1 2 N
30 43 2 1 N
30 4 1 0 N
30 4 0 2 N
43 10 2 0 N
43 29 1 2 N
43 0 0 1 N
10 38 1 1 N
10 30 0 0 N
10 42 2 2 N
38 29 0 1 N
38 41 1 2 N
38 10 2 0 N
29 20 2 0 N
29 28 0 1 N
29 1 1 2 N
20 23 2 1 N
20 10 0 2 N
20 1 1 0 N
23 17 1 2 N
23 33 2 0 N
23 0 0 1 N
17 2 0 0 N
17 41 1 2 N
17 20 2 1 N
2 37 2 2 N
2 9 0 0 N
2 6 1 1 N
37 7 2 0 N
37 26 1 1 N
37 27 0 2 N
7 46 1 1 N
7 1 2 2 N
7 14 0 0 N
46 12 0 1 N
46 3 1 2 N
46 45 2 0 N
12 32 2 1 N
12 4 0 0 N
12 42 1 2 N
32 4 1 0 N
32 7 0 2 N
32 7 2 1 N
4 16 0 0 N
4 47 1 1 N
4 47 2 2 N
16 28 0 1 N
16 39 2 2 N
16 34 1 0 N
28 14 2 1 N
28 38 1 2 N
28 8 0 0 N
14 41 0 0 N
14 39 2 1 N
14 8 1 2 N
41 13 0 2 N
41 1 1 1 N
41 3 2 0 N
13 26 2 2 N
13 34 1 1 N
13 11 0 0 N
26 21 0 0 N
26 17 1 1 N
26 21 2 2 N
21 24 1 1 N
21 7 2 0 N
21 9 0 2 N
24 9 1 2 N
24 44 0 1 N
24 18 2 0 N
9 25 0 0 N
9 1 2 1 N
9 11 1 2 N
25 33 0 2 N
25 22 2 1 N
25 21 1 0 N
33 0 0 0 N
33 1 1 1 N
33 11 2 2 N
0 11 2 2 N
0 39 0 0 N
0 18 1 1 N
11 40 2 2 N
11 3 1 0 N
11 47 0 1 N
40 39 1 2 N
40 6 2 0 N
40 9 0 1 N
