1 38 0 2 S
38 17 1 1 N
17 27 2 2 N
27 30 0 1 N
30 16 0 2 N
16 4 0 1 N
4 6 1 2 N
6 40 1 1 N
40 28 0 1 N
28 10 0 1 N
10 39 2 2 N
39 45 0 1 N
45 36 0 2 N
36 2 0 1 N
2 15 1 0 N
15 42 0 1 N
42 35 0 0 N
35 8 1 1 N
8 24 2 0 N
24 23 2 2 N
23 14 2 1 N
14 37 1 1 N
37 20 0 1 N
20 32 1 0 N
32 3 0 2 N
3 26 1 1 N
26 31 1 1 N
31 21 2 2 N
21 29 1 1 N
29 19 0 0 N
19 9 1 1 N
9 7 2 0 N
7 22 1 1 N
22 5 2 0 N
5 44 2 2 N
44 13 2 1 N
13 0 0 0 N
0 46 0 1 N
46 33 1 0 N
33 12 1 0 N
12 43 2 0 N
43 34 1 2 N
34 18 0 2 N
18 47 0 0 N
47 25 1 2 N
25 41 2 0 N
41 11 1 1 N
