25 0 0 2 S
25 43 2 0 S
25 47 1 1 S
0 33 2 0 N
0 28 1 2 N
0 42 0 1 N
33 15 2 2 N
33 21 0 1 N
33 35 1 0 N
15 21 0 1 N
15 42 1 2 N
15 31 2 0 N
21 38 2 2 N
21 32 0 1 N
21 10 1 0 N
38 6 1 1 N
38 6 2 2 N
38 41 0 0 N
6 27 0 1 N
6 14 2 0 N
6 10 1 2 N
27 18 0 2 N
27 29 2 1 N
27 31 1 0 N
18 28 1 1 N
18 22 2 2 N
18 0 0 0 N
28 7 1 1 N
28 35 2 2 N
28 15 0 0 N
7 37 1 2 N
7 23 0 0 N
7 10 2 1 N
37 8 0 1 N
37 6 1 2 N
37 28 2 0 N
8 12 0 1 N
8 43 1 0 N
8 34 2 2 N
12 16 2 1 N
12 28 0 0 N
12 45 1 2 N
16 10 1 2 N
16 13 2 0 N
16 28 0 1 N
10 42 1 0 N
10 35 2 1 N
10 35 0 2 N
42 31 0 0 N
42 24 2 2 N
42 3 1 1 N
31 47 1 1 N
31 0 2 0 N
31 35 0 2 N
47 24 2 2 N
47 10 1 1 N
47 17 0 0 N
24 19 0 2 N
24 6 1 0 N
24 31 2 1 N
19 5 2 1 N
19 21 0 2 N
19 17 1 0 N
5 39 2 2 N
5 30 1 0 N
5 29 0 1 N
39 11 2 2 N
39 25 1 0 N
39 34 0 1 N
11 32 2 2 N
11 42 1 1 N
11 10 0 0 N
32 43 1 0 N
32 38 2 1 N
32 23 0 2 N
43 45 2 1 N
43 41 0 2 N
43 9 1 0 N
45 46 1 1 N
45 34 2 0 N
45 0 0 2 N
46 4 1 0 N
46 9 2 2 N
46 23 0 1 N
4 9 1 2 N
4 29 2 1 N
4 16 0 0 N
9 23 2 0 N
9 37 1 1 N
9 7 0 2 N
23 41 2 1 N
23 16 0 0 N
23 38 1 2 N
41 44 0 2 N
41 18 2 1 N
41 7 1 0 N
44 34 2 0 N
44 6 0 1 N
44 10 1 2 N
34 13 1 0 N
34 46 0 1 N
34 15 2 2 N
13 30 1 0 N
13 27 2 2 N
13 31 0 1 N
30 14 1 0 N
30 11 2 1 N
30 33 0 2 N
14 35 2 1 N
14 32 1 2 N
14 23 0 0 N
35 2 1 0 N
35 10 2 2 N
35 35 0 1 N
2 22 0 2 N
2 28 1 1 N
2 38 2 0 N
22 40 2 0 N
22 11 1 1 N
22 10 0 2 N
40 26 2 0 N
40 3 1 2 N
40 20 0 1 N
26 20 1 2 N
26 47 0 0 N
26 41 2 1 N
20 17 1 0 N
20 42 0 2 N
20 28 2 1 N
17 29 2 2 N
17 5 1 0 N
17 20 0 1 N
29 36 1 0 N
29 13 2 2 N
29 15 0 1 N
36 3 2 0 N
36 20 1 1 N
36 9 0 2 N
3 1 2 2 N
3 43 0 1 N
3 15 1 0 N
1 26 2 1 N
1 31 0 0 N
1 15 1 2 N
