12 14 0 1 S
12 23 2 0 S
12 44 1 2 S
14 40 0 2 N
14 22 1 1 N
14 11 2 0 N
40 27 2 0 N
40 10 1 1 N
40 40 0 2 N
27 10 1 0 N
27 29 0 2 N
27 10 2 1 N
10 46 0 1 N
10 29 1 2 N
10 40 2 0 N
46 24 2 2 N
46 45 0 0 N
46 27 1 1 N
24 37 2 0 N
24 17 1 2 N
24 22 0 1 N
37 32 0 0 N
37 41 2 1 N
37 1 1 2 N
32 7 1 0 N
32 14 0 1 N
32 10 2 2 N
7 23 0 1 N
7 40 1 2 N
7 28 2 0 N
23 44 2 2 N
23 20 0 0 N
23 27 1 1 N
44 8 2 2 N
44 8 0 1 N
44 2 1 0 N
8 33 2 2 N
8 35 0 0 N
8 22 1 1 N
33 25 0 1 N
33 14 2 2 N
33 8 1 0 N
25 6 0 1 N
25 0 1 2 N
25 44 2 0 N
6 2 2 2 N
6 40 1 1 N
6 28 0 0 N
2 1 1 0 N
2 39 2 2 N
2 8 0 1 N
1 45 0 0 N
1 10 1 1 N
1 17 2 2 N
45 4 1 2 N
45 29 0 1 N
45 21 2 0 N
4 15 0 1 N
4 3 1 0 N
4 19 2 2 N
15 29 1 1 N
15 9 0 0 N
15 10 2 2 N
29 22 1 0 N
29 34 0 2 N
29 40 2 1 N
22 16 2 2 N
22 11 0 0 N
22 7 1 1 N
16 3 2 0 N
16 20 0 2 N
16 17 1 1 N
3 9 0 0 N
3 40 1 2 N
3 42 2 1 N
9 34 2 2 N
9 10 0 1 N
9 21 1 0 N
34 38 2 1 N
34 1 0 0 N
34 17 1 2 N
38 26 2 0 N
38 23 1 2 N
38 5 0 1 N
26 18 0 2 N
26 39 1 0 N
26 19 2 1 N
18 21 1 2 N
18 33 2 1 N
18 24 0 0 N
21 30 0 0 N
21 11 2 2 N
21 29 1 1 N
30 41 0 2 N
30 29 1 0 N
30 43 2 1 N
41 28 1 0 N
41 4 0 2 N
41 32 2 1 N
28 19 1 0 N
28 5 2 1 N
28 29 0 2 N
19 20 2 2 N
19 3 0 1 N
19 7 1 0 N
20 47 0 1 N
20 17 2 2 N
20 40 1 0 N
47 39 0 0 N
47 9 1 2 N
47 5 2 1 N
39 43 0 1 N
39 23 2 0 N
39 11 1 2 N
43 13 1 2 N
43 47 2 1 N
43 27 0 0 N
13 36 2 0 N
13 25 1 2 N
13 27 0 1 N
36 31 0 0 N
36 22 1 1 N
36 13 2 2 N
31 0 2 2 N
31 17 0 1 N
31 21 1 0 N
0 42 0 0 N
0 6 1 1 N
0 28 2 2 N
42 17 2 1 N
42 41 1 0 N
42 27 0 2 N
17 5 0 2 N
17 10 2 1 N
17 27 1 0 N
5 35 2 1 N
5 15 1 0 N
5 20 0 2 N
35 11 0 1 N
35 38 1 2 N
35 7 2 0 N
11 10 2 2 N
11 10 0 1 N
11 40 1 0 N
