2 47 2 1 S
2 27 0 2 S
2 29 1 0 S
47 17 1 0 N
47 8 2 2 N
47 0 0 1 N
17 26 1 2 N
17 7 2 0 N
17 43 0 1 N
26 12 2 2 N
26 19 0 0 N
26 6 1 1 N
12 27 2 0 N
12 35 1 1 N
12 43 0 2 N
27 46 2 0 N
27 5 1 1 N
27 8 0 2 N
46 24 1 1 N
46 45 2 0 N
46 3 0 2 N
24 37 0 0 N
24 3 2 2 N
24 31 1 1 N
37 42 0 1 N
37 34 1 2 N
37 42 2 0 N
42 10 2 1 N
42 31 0 0 N
42 40 1 2 N
10 1 1 0 N
10 3 2 2 N
10 14 0 1 N
1 39 1 1 N
1 36 2 2 N
1 16 0 0 N
39 28 2 2 N
39 33 1 0 N
39 5 0 1 N
28 29 0 2 N
28 16 1 1 N
28 26 2 0 N
29 7 1 1 N
29 45 0 0 N
29 3 2 2 N
7 25 1 0 N
7 12 2 1 N
7 41 0 2 N
25 13 1 2 N
25 28 0 0 N
25 43 2 1 N
13 16 0 2 N
13 42 2 1 N
13 10 1 0 N
16 3 1 1 N
16 36 2 0 N
16 45 0 2 N
3 44 1 0 N
3 9 2 2 N
3 24 0 1 N
44 40 0 0 N
44 34 2 1 N
44 3 1 2 N
40 14 2 2 N
40 32 0 0 N
40 14 1 1 N
14 20 1 2 N
14 38 2 1 N
14 45 0 0 N
20 31 1 2 N
20 31 2 1 N
20 5 0 0 N
31 45 0 2 N
31 40 2 0 N
31 45 1 1 N
45 38 2 2 N
45 43 1 0 N
45 45 0 1 N
38 23 1 2 N
38 34 2 1 N
38 15 0 0 N
23 9 2 2 N
23 34 0 1 N
23 34 1 0 N
9 21 2 2 N
9 35 0 0 N
9 44 1 1 N
21 0 1 0 N
21 43 0 2 N
21 12 2 1 N
0 6 1 1 N
0 28 0 0 N
0 10 2 2 N
6 11 2 2 N
6 45 1 1 N
6 32 0 0 N
11 34 1 0 N
11 14 0 2 N
11 9 2 1 N
34 4 2 0 N
34 24 0 1 N
34 40 1 2 N
4 32 0 1 N
4 40 1 0 N
4 3 2 2 N
32 33 2 1 N
32 31 0 2 N
32 14 1 0 N
33 30 1 0 N
33 30 0 1 N
33 36 2 2 N
30 36 1 2 N
30 9 2 1 N
30 3 0 0 N
36 35 2 2 N
36 14 1 0 N
36 3 0 1 N
35 19 2 2 N
35 6 1 0 N
35 23 0 1 N
19 41 1 1 N
19 3 0 2 N
19 8 2 0 N
41 15 2 1 N
41 10 0 0 N
41 42 1 2 N
15 18 0 1 N
15 31 2 2 N
15 24 1 0 N
18 5 0 1 N
18 46 2 0 N
18 17 1 2 N
5 22 2 1 N
5 21 0 0 N
5 6 1 2 N
22 8 2 1 N
22 5 1 2 N
22 41 0 0 N
8 43 0 2 N
8 42 1 0 N
8 40 2 1 N
43 23 1 0 N
43 24 0 1 N
43 14 2 2 N
