45 28 2 2 S
28 30 2 1 N
30 20 0 1 N
20 17 2 2 N
17 15 2 1 N
15 8 2 0 N
8 38 1 1 N
38 22 2 1 N
22 33 2 0 N
33 1 1 1 N
1 12 1 0 N
12 21 2 0 N
21 25 1 2 N
25 14 0 1 N
14 11 2 1 N
11 5 2 1 N
5 3 2 1 N
3 0 0 0 N
0 44 0 0 N
44 41 1 0 N
41 46 1 1 N
46 35 0 1 N
35 7 2 0 N
7 16 2 1 N
16 40 1 2 N
40 19 2 2 N
19 4 1 1 N
4 27 0 2 N
27 32 0 0 N
32 42 2 2 N
42 31 2 2 N
31 10 2 0 N
10 26 0 0 N
26 6 0 0 N
6 9 0 2 N
9 37 0 0 N
37 29 2 0 N
29 13 2 2 N
13 24 2 1 N
24 2 2 2 N
2 47 2 0 N
47 34 1 1 N
34 43 2 2 N
43 36 2 0 N
36 18 2 1 N
18 23 0 2 N
23 39 2 1 N
