6 0 1 1 S
0 36 0 2 N
36 20 1 2 N
20 40 2 2 N
40 43 2 2 N
43 34 2 2 N
34 3 2 1 N
3 32 2 0 N
32 47 2 2 N
47 27 0 0 N
27 21 2 1 N
21 10 0 2 N
10 22 1 1 N
22 25 2 2 N
25 5 1 0 N
5 30 0 0 N
30 33 2 1 N
33 9 0 1 N
9 45 0 2 N
45 16 2 2 N
16 39 1 2 N
39 17 0 0 N
17 24 1 0 N
24 13 0 1 N
13 38 2 1 N
38 29 1 0 N
29 41 1 0 N
41 31 0 2 N
31 18 1 1 N
18 4 2 2 N
4 8 0 1 N
8 23 1 0 N
23 2 1 0 N
2 12 0 0 N
12 42 0 2 N
42 28 0 1 N
28 11 2 2 N
11 15 0 2 N
15 7 2 1 N
7 26 0 2 N
26 14 1 0 N
14 1 1 1 N
1 46 2 1 N
46 44 1 1 N
44 37 0 0 N
37 19 0 2 N
19 35 2 1 N
