43 12 2 1 S
12 35 1 0 N
35 19 2 1 N
19 46 0 0 N
46 33 1 2 N
33 47 0 2 N
47 4 2 1 N
4 5 0 2 N
5 39 1 0 N
39 28 1 1 N
28 6 2 0 N
6 30 2 0 N
30 16 0 0 N
16 27 2 1 N
27 25 0 0 N
25 7 0 0 N
7 40 0 1 N
40 26 0 1 N
26 17 2 0 N
17 9 0 0 N
9 11 1 1 N
11 21 0 0 N
21 22 0 0 N
22 18 0 2 N
18 38 2 2 N
38 24 1 1 N
24 10 2 2 N
10 44 0 2 N
44 0 2 0 N
0 42 1 2 N
42 31 2 2 N
31 34 2 1 N
34 37 2 0 N
37 45 0 2 N
45 1 2 2 N
1 20 1 2 N
20 8 2 0 N
8 15 2 2 N
15 3 2 1 N
3 2 2 1 N
2 36 2 0 N
36 41 0 1 N
41 29 2 2 N
29 32 1 0 N
32 13 2 1 N
13 14 2 1 N
14 23 2 0 N
