28 46 0 0 S
46 3 1 1 N
3 16 2 0 N
16 23 0 2 N
23 13 1 1 N
13 11 1 1 N
11 47 0 0 N
47 9 2 2 N
9 2 2 2 N
2 45 0 0 N
45 21 2 2 N
21 25 0 2 N
25 24 2 1 N
24 31 1 1 N
31 34 0 2 N
34 33 0 0 N
33 22 2 0 N
22 30 2 2 N
30 10 2 0 N
10 32 0 1 N
32 42 1 2 N
42 6 2 1 N
6 44 0 0 N
44 0 0 2 N
0 12 0 2 N
12 38 1 2 N
38 14 0 1 N
14 17 2 2 N
17 39 0 1 N
39 35 0 1 N
35 19 1 2 N
19 18 0 2 N
18 4 1 2 N
4 29 2 1 N
29 41 0 2 N
41 1 1 1 N
1 7 2 0 N
7 26 2 1 N
26 40 1 1 N
40 20 2 2 N
20 15 1 1 N
15 8 1 2 N
8 43 2 1 N
43 37 2 0 N
37 5 2 0 N
5 27 0 0 N
27 36 1 1 N
