42 16 2 0 S
42 14 1 1 S
42 40 0 2 S
16 1 2 1 N
16 15 1 2 N
16 35 0 0 N
1 33 1 2 N
1 45 2 0 N
1 12 0 1 N
33 40 0 0 N
33 34 1 2 N
33 47 2 1 N
40 43 1 2 N
40 27 2 1 N
40 28 0 0 N
43 13 1 1 N
43 40 0 0 N
43 24 2 2 N
13 26 2 0 N
13 41 1 1 N
13 47 0 2 N
26 41 1 0 N
26 45 2 2 N
26 45 0 1 N
41 7 0 0 N
41 28 2 1 N
41 32 1 2 N
7 4 2 0 N
7 38 0 2 N
7 12 1 1 N
4 24 2 0 N
4 1 1 1 N
4 40 0 2 N
24 30 2 1 N
24 40 0 2 N
24 45 1 0 N
30 0 0 1 N
30 1 2 2 N
30 8 1 0 N
0 45 0 1 N
0 23 1 0 N
0 32 2 2 N
45 31 0 2 N
45 15 1 0 N
45 10 2 1 N
31 44 0 2 N
31 6 1 1 N
31 8 2 0 N
44 27 2 2 N
44 28 1 0 N
44 8 0 1 N
27 22 0 0 N
27 10 2 1 N
27 32 1 2 N
22 46 0 1 N
22 28 2 0 N
22 14 1 2 N
46 3 2 0 N
46 33 1 2 N
46 41 0 1 N
3 8 0 0 N
3 13 1 2 N
3 10 2 1 N
8 18 1 1 N
8 45 0 2 N
8 1 2 0 N
18 47 2 1 N
18 4 0 0 N
18 27 1 2 N
47 5 1 2 N
47 7 0 0 N
47 15 2 1 N
5 11 0 2 N
5 1 1 1 N
5 4 2 0 N
11 17 0 0 N
11 45 2 1 N
11 12 1 2 N
17 6 0 1 N
17 8 2 2 N
17 47 1 0 N
6 21 1 2 N
6 7 0 0 N
6 8 2 1 N
21 20 1 0 N
21 17 0 2 N
21 16 2 1 N
20 32 2 1 N
20 1 1 0 N
20 14 0 2 N
32 34 1 2 N
32 28 2 1 N
32 32 0 0 N
34 38 0 0 N
34 37 1 2 N
34 8 2 1 N
38 37 2 1 N
38 21 0 2 N
38 32 1 0 N
37 9 1 0 N
37 12 0 2 N
37 42 2 1 N
9 14 1 1 N
9 30 2 2 N
9 41 0 0 N
14 36 0 2 N
14 31 1 0 N
14 12 2 1 N
36 15 2 0 N
36 38 1 1 N
36 29 0 2 N
15 29 0 2 N
15 8 2 0 N
15 41 1 1 N
29 23 0 0 N
29 0 2 1 N
29 32 1 2 N
23 2 2 0 N
23 15 1 1 N
23 45 0 2 N
2 25 0 1 N
2 12 1 2 N
2 24 2 0 N
25 39 1 1 N
25 26 0 2 N
25 12 2 0 N
39 12 1 0 N
39 18 2 2 N
39 41 0 1 N
12 10 2 2 N
12 32 1 1 N
12 35 0 0 N
10 28 1 2 N
10 41 2 1 N
10 35 0 0 N
28 35 1 0 N
28 32 2 2 N
28 32 0 1 N
35 19 2 0 N
35 39 0 2 N
35 28 1 1 N
19 42 1 1 N
19 47 0 2 N
19 32 2 0 N
