16 47 2 0 S
47 13 0 0 N
13 34 2 0 N
34 9 2 0 N
9 23 2 1 N
23 14 2 1 N
14 3 0 1 N
3 22 1 2 N
22 17 2 1 N
17 18 1 2 N
18 10 2 2 N
10 1 2 1 N
1 30 0 0 N
30 31 1 2 N
31 6 2 0 N
6 24 1 0 N
24 4 2 1 N
4 46 0 0 N
46 40 1 1 N
40 2 2 0 N
2 29 1 0 N
29 28 2 1 N
28 27 0 0 N
27 25 2 0 N
25 12 0 0 N
12 26 0 1 N
26 44 1 0 N
44 41 1 1 N
41 37 0 2 N
37 32 1 0 N
32 11 0 0 N
11 36 1 2 N
36 38 0 2 N
38 19 1 2 N
19 39 1 1 N
39 43 0 1 N
43 45 2 1 N
45 20 0 0 N
20 5 0 0 N
5 35 2 1 N
35 21 1 1 N
21 7 0 0 N
7 42 0 2 N
42 15 1 2 N
15 8 0 1 N
8 0 1 0 N
0 33 0 2 N
