47 18 2 1 S
47 30 0 2 S
47 0 1 0 S
18 14 1 1 N
18 46 0 2 N
18 12 2 0 N
14 34 2 0 N
14 39 0 2 N
14 9 1 1 N
34 29 2 2 N
34 1 1 1 N
34 35 0 0 N
29 9 2 0 N
29 10 0 2 N
29 26 1 1 N
9 33 0 1 N
9 25 2 0 N
9 5 1 2 N
33 4 2 2 N
33 47 1 1 N
33 46 0 0 N
4 5 0 0 N
4 30 2 2 N
4 33 1 1 N
5 25 2 1 N
5 46 0 2 N
5 7 1 0 N
25 16 2 0 N
25 29 1 1 N
25 30 0 2 N
16 3 1 0 N
16 9 0 1 N
16 30 2 2 N
3 36 0 2 N
3 15 2 0 N
3 24 1 1 N
36 39 1 2 N
36 0 0 1 N
36 47 2 0 N
39 21 0 0 N
39 24 2 1 N
39 10 1 2 N
21 8 0 2 N
21 2 1 1 N
21 0 2 0 N
8 1 1 2 N
8 25 0 0 N
8 32 2 1 N
1 15 2 0 N
1 29 1 1 N
1 47 0 2 N
15 45 2 0 N
15 31 1 1 N
15 4 0 2 N
45 17 2 2 N
45 31 0 1 N
45 35 1 0 N
17 40 0 2 N
17 36 2 0 N
17 5 1 1 N
40 42 1 2 N
40 34 0 1 N
40 8 2 0 N
42 7 0 1 N
42 9 2 0 N
42 39 1 2 N
7 38 2 2 N
7 32 0 0 N
7 31 1 1 N
38 19 0 1 N
38 29 1 0 N
38 39 2 2 N
19 27 0 2 N
19 12 1 1 N
19 0 2 0 N
27 23 2 0 N
27 6 0 1 N
27 14 1 2 N
23 0 2 2 N
23 26 0 1 N
23 19 1 0 N
0 12 0 0 N
0 10 2 2 N
0 31 1 1 N
12 10 1 2 N
12 37 0 1 N
12 28 2 0 N
10 26 2 1 N
10 3 1 2 N
10 46 0 0 N
26 22 0 0 N
26 5 1 2 N
26 35 2 1 N
22 41 0 2 N
22 8 2 0 N
22 7 1 1 N
41 43 0 2 N
41 7 2 0 N
41 30 1 1 N
43 2 2 0 N
43 2 0 2 N
43 31 1 1 N
2 44 0 2 N
2 33 2 1 N
2 6 1 0 N
44 13 0 0 N
44 5 2 1 N
44 11 1 2 N
13 35 1 2 N
13 27 2 0 N
13 1 0 1 N
35 32 2 0 N
35 32 1 1 N
35 0 0 2 N
32 31 1 0 N
32 35 2 1 N
32 46 0 2 N
31 20 2 1 N
31 24 0 2 N
31 46 1 0 N
20 37 2 2 N
20 46 0 0 N
20 32 1 1 N
37 11 2 0 N
37 46 0 1 N
37 29 1 2 N
11 30 1 1 N
11 5 0 0 N
11 47 2 2 N
30 24 2 2 N
30 32 0 0 N
30 5 1 1 N
24 28 0 0 N
24 35 2 2 N
24 26 1 1 N
28 6 2 2 N
28 29 1 1 N
28 8 0 0 N
6 46 1 0 N
6 28 2 2 N
6 31 0 1 N
46 2 1 0 N
46 6 2 2 N
46 46 0 1 N
