23 16 1 0 S
16 26 2 2 N
26 40 0 1 N
40 20 0 2 N
20 4 0 0 N
4 2 0 1 N
2 47 1 0 N
47 17 2 1 N
17 32 2 2 N
32 1 1 2 N
1 24 0 2 N
24 14 1 2 N
14 43 2 1 N
43 15 1 0 N
15 44 1 1 N
44 36 0 0 N
36 19 0 0 N
19 11 1 2 N
11 34 2 2 N
34 7 2 2 N
7 30 0 0 N
30 0 1 1 N
0 45 0 2 N
45 39 2 1 N
39 27 1 2 N
27 8 2 2 N
8 29 0 0 N
29 37 2 1 N
37 31 1 2 N
31 35 0 2 N
35 9 0 1 N
9 33 1 0 N
33 42 2 1 N
42 6 2 0 N
6 18 2 2 N
18 25 1 0 N
25 13 0 1 N
13 28 1 1 N
28 38 0 2 N
38 41 0 0 N
41 46 2 0 N
46 10 1 1 N
10 5 0 0 N
5 22 1 1 N
22 12 0 1 N
12 21 0 2 N
21 3 0 0 N
