11 12 2 2 S
11 40 0 1 S
11 23 1 0 S
12 43 1 1 N
12 39 2 2 N
12 42 0 0 N
43 4 2 2 N
43 23 0 0 N
43 45 1 1 N
4 27 2 1 N
4 1 0 2 N
4 11 1 0 N
27 31 0 0 N
27 23 2 1 N
27 3 1 2 N
31 5 1 0 N
31 0 0 2 N
31 39 2 1 N
5 6 2 0 N
5 10 0 2 N
5 23 1 1 N
6 38 1 2 N
6 41 2 1 N
6 46 0 0 N
38 28 0 0 N
38 39 2 1 N
38 23 1 2 N
28 7 2 2 N
28 47 0 0 N
28 39 1 1 N
7 2 0 1 N
7 32 2 2 N
7 31 1 0 N
2 1 1 1 N
2 14 2 0 N
2 46 0 2 N
1 9 1 2 N
1 4 0 0 N
1 38 2 1 N
9 14 0 1 N
9 6 1 0 N
9 24 2 2 N
14 15 2 2 N
14 45 1 0 N
14 41 0 1 N
15 45 1 1 N
15 31 0 0 N
15 39 2 2 N
45 37 0 2 N
45 10 2 0 N
45 7 1 1 N
37 33 1 1 N
37 41 2 0 N
37 5 0 2 N
33 46 0 0 N
33 29 2 2 N
33 15 1 1 N
46 47 1 1 N
46 6 2 0 N
46 39 0 2 N
47 10 1 2 N
47 0 0 1 N
47 23 2 0 N
10 25 1 2 N
10 6 2 1 N
10 14 0 0 N
25 19 0 1 N
25 43 2 2 N
25 23 1 0 N
19 29 0 2 N
19 31 2 1 N
19 41 1 0 N
29 3 1 1 N
29 46 2 0 N
29 47 0 2 N
3 26 2 0 N
3 41 0 2 N
3 46 1 1 N
26 21 1 1 N
26 42 0 0 N
26 41 2 2 N
21 35 0 0 N
21 39 2 2 N
21 33 1 1 N
35 17 0 0 N
35 14 1 2 N
35 5 2 1 N
17 20 2 0 N
17 23 0 1 N
17 39 1 2 N
20 44 1 2 N
20 30 2 1 N
20 41 0 0 N
44 36 2 2 N
44 29 1 0 N
44 10 0 1 N
36 32 1 1 N
36 13 2 0 N
36 29 0 2 N
32 22 2 2 N
32 39 1 0 N
32 39 0 1 N
22 42 0 0 N
22 15 1 1 N
22 32 2 2 N
42 18 0 0 N
42 34 2 2 N
42 29 1 1 N
18 23 1 1 N
18 44 2 0 N
18 28 0 2 N
23 13 0 2 N
23 13 2 1 N
23 14 1 0 N
13 34 2 0 N
13 41 1 1 N
13 13 0 2 N
34 30 2 0 N
34 11 0 1 N
34 14 1 2 N
30 16 2 1 N
30 33 1 0 N
30 27 0 2 N
16 39 2 2 N
16 26 0 0 N
16 15 1 1 N
39 24 1 0 N
39 14 0 2 N
39 13 2 1 N
24 0 2 2 N
24 16 0 0 N
24 22 1 1 N
0 8 2 1 N
0 46 0 2 N
0 31 1 0 N
8 41 0 1 N
8 17 2 0 N
8 41 1 2 N
41 40 1 1 N
41 13 0 2 N
41 39 2 0 N
40 46 1 2 N
40 17 0 1 N
40 14 2 0 N
