16 8 1 1 S
8 4 1 0 N
4 36 0 2 N
36 38 1 1 N
38 43 2 1 N
43 41 2 1 N
41 22 1 2 N
22 45 1 0 N
45 20 0 2 N
20 40 2 1 N
40 6 1 0 N
6 24 1 0 N
24 31 1 2 N
31 2 2 1 N
2 28 2 1 N
28 9 1 2 N
9 33 1 1 N
33 37 1 2 N
37 26 0 1 N
26 21 0 0 N
21 14 0 1 N
14 1 0 2 N
1 15 0 2 N
15 42 2 2 N
42 17 1 0 N
17 18 0 1 N
18 39 2 2 N
39 11 0 1 N
11 5 2 0 N
5 7 2 2 N
7 34 0 0 N
34 27 1 0 N
27 10 1 0 N
10 23 0 0 N
23 35 1 0 N
35 13 1 1 N
13 3 0 1 N
3 19 1 0 N
19 0 2 0 N
0 25 2 0 N
25 32 0 0 N
32 29 2 1 N
29 12 2 2 N
12 46 1 0 N
46 44 0 0 N
44 47 1 0 N
47 30 2 0 N
