32 14 0 2 S
14 35 0 0 N
35 20 2 0 N
20 8 1 2 N
8 37 2 0 N
37 39 1 0 N
39 19 0 1 N
19 36 1 0 N
36 29 2 2 N
29 27 1 1 N
27 4 2 0 N
4 34 0 0 N
34 41 0 2 N
41 11 2 1 N
11 24 2 0 N
24 7 1 2 N
7 3 0 0 N
3 44 2 1 N
44 6 2 1 N
6 33 2 2 N
33 43 2 0 N
43 2 2 1 N
2 40 1 2 N
40 18 1 1 N
18 47 0 0 N
47 10 0 2 N
10 26 0 2 N
26 9 1 2 N
9 46 0 0 N
46 0 0 2 N
0 45 1 2 N
45 31 0 0 N
31 23 2 0 N
23 12 0 1 N
12 1 0 0 N
1 42 2 2 N
42 17 0 2 N
17 16 2 2 N
16 25 0 2 N
25 30 2 2 N
30 13 2 2 N
13 5 2 1 N
5 22 1 2 N
22 28 2 1 N
28 38 0 2 N
38 21 0 2 N
21 15 0 2 N
