15 2 0 0 S
15 8 1 1 S
15 17 2 2 S
2 44 0 2 N
2 5 2 1 N
2 5 1 0 N
44 29 1 2 N
44 29 0 1 N
44 4 2 0 N
29 21 1 0 N
29 7 0 2 N
29 1 2 1 N
21 43 1 1 N
21 8 2 2 N
21 9 0 0 N
43 28 2 2 N
43 27 1 1 N
43 11 0 0 N
28 19 2 2 N
28 2 1 0 N
28 46 0 1 N
19 3 2 0 N
19 47 0 2 N
19 26 1 1 N
3 24 2 1 N
3 15 1 0 N
3 18 0 2 N
24 23 0 2 N
24 11 1 0 N
24 26 2 1 N
23 47 0 0 N
23 41 2 1 N
23 0 1 2 N
47 30 0 2 N
47 19 2 0 N
47 5 1 1 N
30 31 1 2 N
30 47 2 0 N
30 1 0 1 N
31 32 0 0 N
31 1 1 2 N
31 44 2 1 N
32 42 0 0 N
32 34 2 2 N
32 33 1 1 N
42 25 0 2 N
42 1 2 1 N
42 29 1 0 N
25 34 2 0 N
25 46 1 2 N
25 19 0 1 N
34 14 2 1 N
34 33 0 2 N
34 33 1 0 N
14 37 2 2 N
14 46 0 1 N
14 11 1 0 N
37 8 2 2 N
37 26 1 1 N
37 33 0 0 N
8 4 1 1 N
8 34 0 0 N
8 0 2 2 N
4 22 1 1 N
4 17 0 0 N
4 18 2 2 N
22 10 2 0 N
22 6 0 2 N
22 14 1 1 N
10 40 0 0 N
10 23 2 1 N
10 26 1 2 N
40 16 2 1 N
40 0 0 0 N
40 19 1 2 N
16 9 1 0 N
16 44 0 2 N
16 44 2 1 N
9 45 0 2 N
9 33 2 1 N
9 12 1 0 N
45 20 0 1 N
45 23 2 2 N
45 37 1 0 N
20 11 0 0 N
20 14 1 1 N
20 45 2 2 N
11 38 1 0 N
11 33 0 2 N
11 41 2 1 N
38 6 1 2 N
38 26 0 0 N
38 43 2 1 N
6 1 2 1 N
6 2 0 2 N
6 37 1 0 N
1 39 1 0 N
1 5 2 1 N
1 17 0 2 N
39 46 2 2 N
39 7 1 1 N
39 5 0 0 N
46 7 0 0 N
46 17 1 1 N
46 18 2 2 N
7 18 0 1 N
7 4 1 2 N
7 0 2 0 N
18 35 2 2 N
18 33 0 1 N
18 17 1 0 N
35 5 0 2 N
35 25 2 0 N
35 40 1 1 N
5 27 0 1 N
5 26 2 2 N
5 5 1 0 N
27 36 0 2 N
27 42 2 1 N
27 19 1 0 N
36 17 0 2 N
36 19 2 0 N
36 7 1 1 N
17 13 2 0 N
17 41 1 1 N
17 5 0 2 N
13 33 2 1 N
13 19 1 0 N
13 6 0 2 N
33 0 1 1 N
33 30 2 0 N
33 5 0 2 N
0 41 2 2 N
0 6 0 1 N
0 1 1 0 N
41 12 2 0 N
41 7 0 1 N
41 23 1 2 N
12 26 1 0 N
12 33 2 1 N
12 34 0 2 N
26 25 0 0 N
26 29 1 2 N
26 1 2 1 N
