3 26 2 1 S
26 32 2 0 N
32 42 2 1 N
42 24 0 2 N
24 6 1 0 N
6 15 2 1 N
15 33 1 2 N
33 30 0 2 N
30 27 1 0 N
27 41 1 2 N
41 45 2 2 N
45 20 1 2 N
20 17 0 1 N
17 31 1 1 N
31 28 1 1 N
28 47 1 2 N
47 16 1 2 N
16 12 2 1 N
12 2 0 0 N
2 19 1 1 N
19 11 0 2 N
11 44 1 0 N
44 34 1 0 N
34 46 0 2 N
46 40 2 1 N
40 23 1 0 N
23 1 1 0 N
1 5 0 2 N
5 38 1 0 N
38 22 1 0 N
22 35 2 1 N
35 39 2 0 N
39 36 1 2 N
36 18 2 0 N
18 4 1 1 N
4 9 0 2 N
9 14 0 1 N
14 8 0 0 N
8 37 0 1 N
37 0 1 2 N
0 43 0 0 N
43 29 1 2 N
29 10 1 1 N
10 13 2 0 N
13 25 2 1 N
25 7 2 0 N
7 21 2 0 N
