37 23 2 1 S
23 47 2 2 N
47 6 0 2 N
6 0 0 1 N
0 42 0 0 N
42 21 0 0 N
21 10 1 2 N
10 13 2 0 N
13 20 1 1 N
20 27 2 1 N
27 3 0 1 N
3 7 0 0 N
7 29 0 1 N
29 39 0 0 N
39 11 1 2 N
11 36 2 0 N
36 4 1 1 N
4 44 1 0 N
44 24 0 1 N
24 31 1 1 N
31 15 1 1 N
15 46 0 1 N
46 19 2 0 N
19 32 1 1 N
32 33 2 0 N
33 9 1 1 N
9 45 1 2 N
45 8 0 2 N
8 14 0 1 N
14 22 1 0 N
22 25 0 2 N
25 17 2 0 N
17 26 1 2 N
26 2 0 1 N
2 18 0 2 N
18 5 1 0 N
5 30 0 1 N
30 16 0 2 N
16 38 2 1 N
38 35 2 1 N
35 12 2 0 N
12 28 0 2 N
28 43 0 0 N
43 1 1 2 N
1 34 0 2 N
34 41 0 2 N
41 40 2 2 N
