44 10 1 0 S
44 7 0 2 S
44 26 2 1 S
10 21 1 0 N
10 12 2 2 N
10 38 0 1 N
21 6 0 0 N
21 10 1 1 N
21 31 2 2 N
6 35 1 1 N
6 16 2 0 N
6 23 0 2 N
35 23 2 0 N
35 35 0 2 N
35 35 1 1 N
23 14 1 0 N
23 41 0 1 N
23 34 2 2 N
14 0 0 0 N
14 7 1 1 N
14 3 2 2 N
0 2 1 1 N
0 9 0 2 N
0 10 2 0 N
2 42 1 0 N
2 21 2 2 N
2 43 0 1 N
42 4 2 2 N
42 8 0 0 N
42 25 1 1 N
4 41 0 2 N
4 38 2 1 N
4 35 1 0 N
41 8 0 1 N
41 17 2 2 N
41 19 1 0 N
8 1 0 2 N
8 9 2 1 N
8 31 1 0 N
1 20 1 1 N
1 22 2 2 N
1 14 0 0 N
20 33 0 0 N
20 34 2 2 N
20 26 1 1 N
33 9 2 1 N
33 2 1 2 N
33 10 0 0 N
9 15 0 1 N
9 34 1 0 N
9 43 2 2 N
15 29 1 0 N
15 27 2 1 N
15 5 0 2 N
29 43 2 2 N
29 0 1 1 N
29 44 0 0 N
43 47 2 0 N
43 35 1 1 N
43 44 0 2 N
47 12 0 2 N
47 17 2 0 N
47 9 1 1 N
12 38 2 1 N
12 25 1 0 N
12 38 0 2 N
38 11 0 0 N
38 5 2 2 N
38 35 1 1 N
11 37 1 2 N
11 12 0 0 N
11 37 2 1 N
37 32 2 0 N
37 42 0 2 N
37 35 1 1 N
32 16 0 2 N
32 36 1 1 N
32 43 2 0 N
16 27 1 1 N
16 45 2 0 N
16 46 0 2 N
27 28 0 1 N
27 11 2 0 N
27 43 1 2 N
28 22 2 1 N
28 12 0 0 N
28 36 1 2 N
22 40 1 2 N
22 42 2 0 N
22 13 0 1 N
40 39 0 1 N
40 37 1 0 N
40 13 2 2 N
39 17 2 0 N
39 31 1 1 N
39 31 0 2 N
17 34 1 1 N
17 16 2 2 N
17 44 0 0 N
34 3 1 1 N
34 0 0 0 N
34 11 2 2 N
3 18 2 0 N
3 39 0 2 N
3 37 1 1 N
18 25 2 2 N
18 33 1 1 N
18 2 0 0 N
25 45 0 1 N
25 46 1 0 N
25 3 2 2 N
45 46 0 1 N
45 4 1 2 N
45 37 2 0 N
46 31 2 2 N
46 35 0 1 N
46 43 1 0 N
31 13 1 1 N
31 9 2 2 N
31 34 0 0 N
13 19 2 2 N
13 4 0 1 N
13 18 1 0 N
19 7 0 0 N
19 41 2 2 N
19 7 1 1 N
7 36 0 0 N
7 39 1 2 N
7 26 2 1 N
36 30 1 2 N
36 41 2 1 N
36 2 0 0 N
30 24 2 0 N
30 3 0 1 N
30 36 1 2 N
24 26 0 2 N
24 5 1 0 N
24 9 2 1 N
26 5 0 1 N
26 31 2 2 N
26 35 1 0 N
5 20 0 1 N
5 26 2 2 N
5 35 1 0 N
