10 5 0 0 S
5 26 2 0 N
26 18 1 2 N
18 44 1 2 N
44 36 1 0 N
36 35 1 1 N
35 11 0 1 N
11 47 0 1 N
47 23 0 2 N
23 42 0 2 N
42 9 2 2 N
9 20 0 2 N
20 8 2 0 N
8 37 0 0 N
37 12 1 0 N
12 0 0 1 N
0 21 0 0 N
21 1 2 2 N
1 45 2 0 N
45 4 2 1 N
4 41 1 2 N
41 27 0 2 N
27 30 0 1 N
30 38 2 1 N
38 25 1 1 N
25 32 2 2 N
32 2 2 2 N
2 43 2 2 N
43 31 2 1 N
31 39 0 1 N
39 33 1 2 N
33 24 0 1 N
24 29 0 0 N
29 7 1 1 N
7 34 0 1 N
34 22 1 0 N
22 19 1 0 N
19 40 0 0 N
40 13 0 1 N
13 16 0 0 N
16 15 0 1 N
15 3 0 1 N
3 17 1 2 N
17 46 1 2 N
46 14 1 0 N
14 28 1 1 N
28 6 0 2 N
