47 32 1 1 S
47 5 2 2 S
47 25 0 0 S
32 45 0 1 N
32 37 1 0 N
32 34 2 2 N
45 11 0 1 N
45 0 2 2 N
45 34 1 0 N
11 14 1 2 N
11 7 2 0 N
11 41 0 1 N
14 36 1 0 N
14 24 0 1 N
14 37 2 2 N
36 18 0 2 N
36 12 2 0 N
36 34 1 1 N
18 31 1 2 N
18 32 2 0 N
18 44 0 1 N
31 40 2 0 N
31 37 1 2 N
31 29 0 1 N
40 29 2 0 N
40 31 1 2 N
40 30 0 1 N
29 1 2 1 N
29 26 0 2 N
29 10 1 0 N
1 12 2 1 N
1 15 1 0 N
1 21 0 2 N
12 28 1 0 N
12 34 2 2 N
12 29 0 1 N
28 10 2 1 N
28 7 1 2 N
28 16 0 0 N
10 0 1 0 N
10 36 0 2 N
10 44 2 1 N
0 15 2 1 N
0 35 0 2 N
0 35 1 0 N
15 19 2 2 N
15 4 1 1 N
15 9 0 0 N
19 23 0 2 N
19 5 2 1 N
19 21 1 0 N
23 26 0 2 N
23 8 2 1 N
23 46 1 0 N
26 38 0 1 N
26 29 2 2 N
26 30 1 0 N
38 43 2 0 N
38 31 0 1 N
38 35 1 2 N
43 16 0 2 N
43 1 1 0 N
43 29 2 1 N
16 46 0 1 N
16 31 1 2 N
16 34 2 0 N
46 9 2 2 N
46 18 0 0 N
46 15 1 1 N
9 8 1 1 N
9 37 2 2 N
9 37 0 0 N
8 13 1 1 N
8 22 0 2 N
8 34 2 0 N
13 4 0 0 N
13 16 2 2 N
13 20 1 1 N
4 39 1 1 N
4 27 0 2 N
4 47 2 0 N
39 6 0 2 N
39 1 2 0 N
39 38 1 1 N
6 44 1 2 N
6 38 0 0 N
6 44 2 1 N
44 3 2 2 N
44 12 0 1 N
44 37 1 0 N
3 20 1 0 N
3 6 0 1 N
3 6 2 2 N
20 34 0 2 N
20 38 1 1 N
20 21 2 0 N
34 5 0 0 N
34 1 1 2 N
34 10 2 1 N
5 22 1 0 N
5 0 0 1 N
5 10 2 2 N
22 30 2 0 N
22 16 1 2 N
22 12 0 1 N
30 17 1 2 N
30 12 2 0 N
30 10 0 1 N
17 35 0 2 N
17 33 2 1 N
17 28 1 0 N
35 41 1 0 N
35 31 2 2 N
35 12 0 1 N
41 2 0 1 N
41 40 1 0 N
41 7 2 2 N
2 24 1 2 N
2 20 0 1 N
2 21 2 0 N
24 25 0 1 N
24 12 1 2 N
24 45 2 0 N
25 33 0 1 N
25 42 2 0 N
25 16 1 2 N
33 27 0 1 N
33 14 1 0 N
33 28 2 2 N
27 37 2 2 N
27 3 0 0 N
27 3 1 1 N
37 21 2 0 N
37 10 0 2 N
37 37 1 1 N
21 7 1 2 N
21 44 0 0 N
21 18 2 1 N
7 42 1 0 N
7 20 0 2 N
7 22 2 1 N
42 33 0 2 N
42 29 2 1 N
42 32 1 0 N
