38 12 2 1 S
12 19 1 2 N
19 28 1 0 N
28 37 2 2 N
37 45 1 2 N
45 25 2 1 N
25 8 1 2 N
8 32 2 0 N
32 39 0 2 N
39 7 2 2 N
7 23 1 1 N
23 24 2 1 N
24 10 0 2 N
10 33 0 0 N
33 15 1 1 N
15 44 0 2 N
44 42 1 2 N
42 1 2 0 N
1 36 0 1 N
36 6 0 2 N
6 35 1 2 N
35 2 0 1 N
2 41 0 2 N
41 16 2 0 N
16 31 2 2 N
31 26 2 1 N
26 22 2 1 N
22 40 2 2 N
40 47 0 0 N
47 3 2 0 N
3 4 1 0 N
4 29 1 0 N
29 11 1 1 N
11 43 2 0 N
43 34 0 0 N
34 27 1 2 N
27 30 2 0 N
30 21 1 0 N
21 5 1 0 N
5 9 0 0 N
9 18 0 1 N
18 46 2 1 N
46 13 1 0 N
13 20 1 2 N
20 14 2 0 N
14 17 1 1 N
17 0 1 1 N
