35 47 1 0 S
47 37 1 0 N
37 25 2 1 N
25 29 0 1 N
29 42 2 0 N
42 32 0 2 N
32 28 2 1 N
28 19 2 1 N
19 18 2 1 N
18 34 1 1 N
34 36 1 1 N
36 40 1 0 N
40 44 1 1 N
44 30 2 0 N
30 33 1 0 N
33 15 0 2 N
15 8 0 1 N
8 45 2 2 N
45 14 1 1 N
14 38 2 1 N
38 22 2 1 N
22 7 1 0 N
7 0 1 1 N
0 21 0 1 N
21 16 1 1 N
16 31 2 0 N
31 3 2 1 N
3 20 2 0 N
20 41 0 0 N
41 26 0 1 N
26 17 0 1 N
17 1 2 1 N
1 24 2 0 N
24 10 0 1 N
10 46 1 1 N
46 13 2 2 N
13 12 0 0 N
12 9 2 1 N
9 4 0 2 N
4 27 0 2 N
27 23 0 2 N
23 43 0 2 N
43 2 0 2 N
2 5 0 1 N
5 39 2 2 N
39 11 0 1 N
11 6 0 1 N
