21 5 2 0 S
5 33 0 2 N
33 46 1 0 N
46 35 2 0 N
35 47 2 0 N
47 40 1 1 N
40 29 0 2 N
29 7 1 1 N
7 34 1 1 N
34 9 0 0 N
9 11 0 1 N
11 27 1 0 N
27 16 2 1 N
16 6 1 1 N
6 38 1 0 N
38 39 0 2 N
39 44 1 0 N
44 32 2 2 N
32 20 2 1 N
20 15 2 1 N
15 37 2 2 N
37 19 2 1 N
19 3 1 2 N
3 36 2 2 N
36 30 2 1 N
30 14 2 2 N
14 23 2 0 N
23 31 0 1 N
31 0 0 2 N
0 12 0 0 N
12 4 0 0 N
4 10 2 2 N
10 18 2 2 N
18 42 0 2 N
42 28 1 1 N
28 22 2 0 N
22 26 2 2 N
26 1 0 2 N
1 25 2 1 N
25 8 0 0 N
8 13 2 2 N
13 17 2 2 N
17 2 1 2 N
2 41 0 1 N
41 24 2 2 N
24 45 0 2 N
45 43 2 2 N
