21 19 1 1 S
21 39 0 2 S
21 42 2 0 S
19 4 1 0 N
19 34 0 2 N
19 8 2 1 N
4 14 1 2 N
4 41 2 0 N
4 7 0 1 N
14 41 2 1 N
14 5 1 0 N
14 33 0 2 N
41 29 0 0 N
41 45 1 1 N
41 9 2 2 N
29 30 1 0 N
29 20 0 2 N
29 31 2 1 N
30 39 0 1 N
30 12 1 2 N
30 26 2 0 N
39 46 0 0 N
39 10 2 1 N
39 32 1 2 N
46 37 2 0 N
46 11 1 1 N
46 38 0 2 N
37 15 0 2 N
37 25 2 0 N
37 26 1 1 N
15 17 1 1 N
15 1 2 2 N
15 40 0 0 N
17 11 1 0 N
17 34 2 1 N
17 20 0 2 N
11 13 1 2 N
11 25 0 0 N
11 28 2 1 N
13 28 1 2 N
13 30 0 0 N
13 42 2 1 N
28 22 0 0 N
28 42 2 1 N
28 7 1 2 N
22 35 1 2 N
22 3 2 1 N
22 13 0 0 N
35 2 1 0 N
35 44 0 2 N
35 24 2 1 N
2 18 1 1 N
2 34 0 0 N
2 42 2 2 N
18 34 1 0 N
18 17 2 1 N
18 38 0 2 N
34 8 1 1 N
34 17 0 0 N
34 4 2 2 N
8 9 1 1 N
8 46 0 2 N
8 45 2 0 N
9 24 1 1 N
9 41 0 2 N
9 9 2 0 N
24 45 0 1 N
24 9 2 0 N
24 17 1 2 N
45 42 0 0 N
45 43 2 2 N
45 9 1 1 N
42 38 1 2 N
42 44 2 0 N
42 5 0 1 N
38 44 0 1 N
38 40 1 0 N
38 7 2 2 N
44 31 2 2 N
44 43 0 1 N
44 1 1 0 N
31 5 0 2 N
31 17 1 0 N
31 17 2 1 N
5 7 2 1 N
5 19 0 2 N
5 24 1 0 N
7 33 1 0 N
7 41 2 1 N
7 9 0 2 N
33 6 2 2 N
33 30 1 1 N
33 28 0 0 N
6 32 1 1 N
6 9 0 0 N
6 38 2 2 N
32 10 1 0 N
32 36 2 1 N
32 7 0 2 N
10 23 2 1 N
10 4 0 2 N
10 7 1 0 N
23 3 1 2 N
23 43 2 1 N
23 31 0 0 N
3 43 0 0 N
3 44 1 2 N
3 39 2 1 N
43 36 2 0 N
43 7 0 1 N
43 31 1 2 N
36 27 2 2 N
36 25 1 1 N
36 42 0 0 N
27 0 2 1 N
27 10 0 0 N
27 17 1 2 N
0 26 1 0 N
0 29 0 2 N
0 9 2 1 N
26 16 1 2 N
26 41 0 1 N
26 9 2 0 N
16 25 1 1 N
16 33 0 0 N
16 1 2 2 N
25 47 0 0 N
25 41 1 2 N
25 41 2 1 N
47 12 0 2 N
47 37 1 0 N
47 13 2 1 N
12 1 0 1 N
12 0 2 0 N
12 39 1 2 N
1 40 1 0 N
1 5 2 2 N
1 32 0 1 N
40 20 2 0 N
40 28 1 2 N
40 31 0 1 N
20 39 1 1 N
20 5 2 0 N
20 41 0 2 N
