45 2 1 1 S
45 34 0 2 S
45 23 2 0 S
2 23 0 0 N
2 4 1 1 N
2 4 2 2 N
23 32 0 2 N
23 24 1 1 N
23 23 2 0 N
32 14 2 2 N
32 34 1 0 N
32 19 0 1 N
14 30 1 2 N
14 29 0 1 N
14 4 2 0 N
30 38 2 0 N
30 3 1 1 N
30 11 0 2 N
38 13 1 2 N
38 6 2 1 N
38 46 0 0 N
13 11 1 2 N
13 0 2 0 N
13 22 0 1 N
11 36 2 0 N
11 3 1 1 N
11 34 0 2 N
36 4 0 2 N
36 43 1 1 N
36 22 2 0 N
4 18 0 1 N
4 28 2 0 N
4 22 1 2 N
18 29 0 1 N
18 26 2 2 N
18 34 1 0 N
29 28 2 1 N
29 11 1 0 N
29 23 0 2 N
28 35 2 2 N
28 34 0 0 N
28 22 1 1 N
35 39 0 0 N
35 2 1 1 N
35 29 2 2 N
39 15 1 0 N
39 42 2 2 N
39 3 0 1 N
15 9 0 0 N
15 41 1 2 N
15 4 2 1 N
9 40 2 1 N
9 35 1 2 N
9 45 0 0 N
40 6 1 0 N
40 37 2 1 N
40 28 0 2 N
6 8 2 1 N
6 37 1 2 N
6 47 0 0 N
8 33 0 0 N
8 4 2 2 N
8 11 1 1 N
33 22 2 2 N
33 45 1 1 N
33 18 0 0 N
22 31 1 1 N
22 4 0 0 N
22 23 2 2 N
31 17 0 1 N
31 24 2 2 N
31 19 1 0 N
17 21 0 1 N
17 15 2 2 N
17 45 1 0 N
21 27 1 0 N
21 23 2 1 N
21 20 0 2 N
27 26 2 1 N
27 45 0 0 N
27 41 1 2 N
26 24 2 0 N
26 3 0 1 N
26 8 1 2 N
24 20 2 2 N
24 3 0 0 N
24 15 1 1 N
20 46 2 1 N
20 5 0 2 N
20 6 1 0 N
46 43 0 2 N
46 19 2 1 N
46 8 1 0 N
43 44 2 0 N
43 23 1 2 N
43 34 0 1 N
44 0 1 0 N
44 8 0 1 N
44 28 2 2 N
0 41 1 2 N
0 25 0 0 N
0 2 2 1 N
41 25 0 2 N
41 38 2 0 N
41 15 1 1 N
25 3 0 2 N
25 41 1 0 N
25 45 2 1 N
3 34 1 2 N
3 27 0 0 N
3 29 2 1 N
34 5 2 2 N
34 4 0 1 N
34 23 1 0 N
5 19 1 2 N
5 18 2 1 N
5 47 0 0 N
19 47 0 2 N
19 40 2 0 N
19 45 1 1 N
47 7 2 2 N
47 30 0 1 N
47 14 1 0 N
7 16 0 0 N
7 1 1 1 N
7 23 2 2 N
16 37 1 2 N
16 30 2 1 N
16 40 0 0 N
37 10 0 0 N
37 28 1 2 N
37 11 2 1 N
10 1 0 1 N
10 25 2 0 N
10 23 1 2 N
1 12 1 1 N
1 8 0 0 N
1 23 2 2 N
12 42 0 1 N
12 33 2 0 N
12 14 1 2 N
42 23 2 1 N
42 3 0 2 N
42 24 1 0 N
