2 20 0 2 S
20 22 0 0 N
22 35 0 0 N
35 24 2 1 N
24 15 0 0 N
15 1 0 2 N
1 47 0 1 N
47 12 2 0 N
12 32 0 0 N
32 26 2 2 N
26 33 1 2 N
33 41 1 2 N
41 4 2 2 N
4 44 0 0 N
44 31 0 2 N
31 21 2 1 N
21 7 0 1 N
7 30 1 1 N
30 39 0 1 N
39 29 0 2 N
29 0 2 1 N
0 13 0 1 N
13 36 1 0 N
36 3 1 1 N
3 6 0 2 N
6 46 1 1 N
46 45 2 0 N
45 23 2 1 N
23 28 2 0 N
28 25 2 0 N
25 8 2 0 N
8 40 2 2 N
40 34 2 0 N
34 5 1 2 N
5 17 2 2 N
17 9 1 0 N
9 11 1 1 N
11 42 2 0 N
42 38 2 0 N
38 16 1 0 N
16 43 0 0 N
43 27 2 0 N
27 14 2 2 N
14 37 0 1 N
37 19 2 0 N
19 10 1 1 N
10 18 1 0 N
