30 28 1 1 S
30 31 2 0 S
30 15 0 2 S
28 23 0 1 N
28 20 2 2 N
28 28 1 0 N
23 8 0 1 N
23 30 2 0 N
23 26 1 2 N
8 6 1 0 N
8 20 2 2 N
8 9 0 1 N
6 47 2 0 N
6 16 0 2 N
6 42 1 1 N
47 32 1 2 N
47 16 0 1 N
47 46 2 0 N
32 11 0 0 N
32 28 2 1 N
32 28 1 2 N
11 14 1 1 N
11 17 2 2 N
11 14 0 0 N
14 17 1 2 N
14 2 0 0 N
14 20 2 1 N
17 45 1 1 N
17 11 0 0 N
17 20 2 2 N
45 21 2 0 N
45 16 0 1 N
45 47 1 2 N
21 34 1 2 N
21 3 0 1 N
21 14 2 0 N
34 9 0 0 N
34 22 2 1 N
34 10 1 2 N
9 43 2 1 N
9 14 1 2 N
9 44 0 0 N
43 42 0 2 N
43 39 2 0 N
43 42 1 1 N
42 0 0 1 N
42 35 1 2 N
42 34 2 0 N
0 22 0 2 N
0 39 1 1 N
0 46 2 0 N
22 41 2 2 N
22 17 0 1 N
22 5 1 0 N
41 35 0 2 N
41 2 1 0 N
41 44 2 1 N
35 33 0 2 N
35 34 2 1 N
35 10 1 0 N
33 44 2 2 N
33 1 0 1 N
33 4 1 0 N
44 26 2 1 N
44 28 0 0 N
44 28 1 2 N
26 10 2 2 N
26 21 0 1 N
26 37 1 0 N
10 20 0 2 N
10 28 1 0 N
10 9 2 1 N
20 5 1 0 N
20 27 0 2 N
20 27 2 1 N
5 16 1 0 N
5 35 2 2 N
5 41 0 1 N
16 15 1 2 N
16 27 0 1 N
16 3 2 0 N
15 37 2 2 N
15 2 1 0 N
15 45 0 1 N
37 24 2 1 N
37 3 1 2 N
37 11 0 0 N
24 31 2 1 N
24 19 0 2 N
24 28 1 0 N
31 40 2 2 N
31 28 0 1 N
31 28 1 0 N
40 13 2 2 N
40 10 1 0 N
40 35 0 1 N
13 12 0 2 N
13 12 1 1 N
13 44 2 0 N
12 3 0 2 N
12 7 1 1 N
12 46 2 0 N
3 19 1 0 N
3 15 0 2 N
3 20 2 1 N
19 25 1 0 N
19 46 2 2 N
19 20 0 1 N
25 39 1 2 N
25 4 2 1 N
25 19 0 0 N
39 7 1 0 N
39 3 2 2 N
39 28 0 1 N
7 36 0 1 N
7 27 2 2 N
7 4 1 0 N
36 4 0 1 N
36 42 1 2 N
36 31 2 0 N
4 18 2 1 N
4 16 0 0 N
4 20 1 2 N
18 29 0 2 N
18 1 2 1 N
18 27 1 0 N
29 1 0 2 N
29 39 1 0 N
29 9 2 1 N
1 38 0 2 N
1 47 1 0 N
1 4 2 1 N
38 27 2 0 N
38 2 0 1 N
38 5 1 2 N
27 2 1 1 N
27 9 2 2 N
27 44 0 0 N
2 46 0 0 N
2 31 1 2 N
2 32 2 1 N
46 18 1 2 N
46 40 0 1 N
46 18 2 0 N
