21 12 2 2 S
21 8 1 1 S
21 23 0 0 S
12 11 0 1 N
12 0 1 2 N
12 0 2 0 N
11 14 2 1 N
11 6 1 2 N
11 20 0 0 N
14 20 2 1 N
14 1 0 0 N
14 22 1 2 N
20 29 1 1 N
20 15 2 2 N
20 0 0 0 N
29 10 2 0 N
29 18 1 1 N
29 26 0 2 N
10 26 0 0 N
10 15 2 2 N
10 28 1 1 N
26 13 0 2 N
26 8 1 1 N
26 28 2 0 N
13 4 0 1 N
13 21 1 2 N
13 15 2 0 N
4 27 1 0 N
4 16 0 1 N
4 0 2 2 N
27 22 0 1 N
27 4 2 0 N
27 22 1 2 N
22 25 0 1 N
22 19 1 0 N
22 26 2 2 N
25 15 0 0 N
25 11 2 1 N
25 16 1 2 N
15 30 0 2 N
15 11 2 0 N
15 21 1 1 N
30 17 1 0 N
30 11 0 1 N
30 28 2 2 N
17 9 0 1 N
17 2 1 2 N
17 15 2 0 N
9 5 1 0 N
9 4 0 2 N
9 0 2 1 N
5 16 2 1 N
5 21 1 2 N
5 30 0 0 N
16 23 0 2 N
16 3 1 1 N
16 20 2 0 N
23 24 2 0 N
23 19 1 2 N
23 20 0 1 N
24 6 2 2 N
24 19 0 0 N
24 2 1 1 N
6 3 0 2 N
6 31 1 0 N
6 11 2 1 N
3 19 0 2 N
3 30 2 0 N
3 12 1 1 N
19 28 0 2 N
19 16 1 1 N
19 21 2 0 N
28 0 2 1 N
28 31 1 2 N
28 23 0 0 N
0 31 2 1 N
0 7 0 0 N
0 31 1 2 N
31 7 1 1 N
31 0 2 2 N
31 31 0 0 N
7 18 0 0 N
7 28 1 2 N
7 16 2 1 N
18 1 1 0 N
18 11 0 2 N
18 8 2 1 N
1 2 1 0 N
1 25 0 1 N
1 18 2 2 N
2 8 0 0 N
2 26 2 2 N
2 9 1 1 N
8 0 2 0 N
8 26 0 1 N
8 12 1 2 N
