17 11 1 1 S
17 2 0 2 S
17 27 2 0 S
11 1 0 0 N
11 1 2 2 N
11 13 1 1 N
1 22 2 1 N
1 7 1 0 N
1 21 0 2 N
22 25 2 2 N
22 19 1 1 N
22 27 0 0 N
25 6 1 0 N
25 0 0 2 N
25 17 2 1 N
6 4 2 2 N
6 22 1 1 N
6 30 0 0 N
4 24 0 2 N
4 13 1 0 N
4 18 2 1 N
24 0 2 0 N
24 19 0 1 N
24 17 1 2 N
0 13 0 1 N
0 22 1 0 N
0 19 2 2 N
13 2 0 1 N
13 12 1 2 N
13 3 2 0 N
2 23 1 1 N
2 1 2 0 N
2 3 0 2 N
23 8 2 0 N
23 24 1 1 N
23 2 0 2 N
8 14 1 0 N
8 11 0 2 N
8 22 2 1 N
14 18 1 1 N
14 12 2 0 N
14 5 0 2 N
18 26 2 2 N
18 14 1 0 N
18 0 0 1 N
26 15 0 2 N
26 7 2 1 N
26 27 1 0 N
15 27 2 2 N
15 19 1 1 N
15 0 0 0 N
27 28 1 1 N
27 15 0 0 N
27 27 2 2 N
28 9 0 2 N
28 19 2 0 N
28 18 1 1 N
9 31 0 0 N
9 2 2 2 N
9 14 1 1 N
31 19 0 2 N
31 5 1 0 N
31 9 2 1 N
19 5 2 0 N
19 3 1 2 N
19 27 0 1 N
5 21 2 1 N
5 28 1 2 N
5 7 0 0 N
21 3 2 2 N
21 18 0 1 N
21 24 1 0 N
3 20 0 2 N
3 27 2 1 N
3 17 1 0 N
20 16 1 1 N
20 15 0 0 N
20 11 2 2 N
16 12 1 2 N
16 30 0 0 N
16 22 2 1 N
12 7 1 0 N
12 31 0 2 N
12 19 2 1 N
7 10 2 1 N
7 6 1 0 N
7 26 0 2 N
10 29 1 1 N
10 16 0 2 N
10 14 2 0 N
29 30 1 0 N
29 4 0 1 N
29 2 2 2 N
30 10 0 2 N
30 2 1 1 N
30 5 2 0 N
