1 20 1 2 S
1 28 0 1 S
1 31 2 0 S
20 13 2 2 N
20 31 0 0 N
20 1 1 1 N
13 14 1 1 N
13 28 0 2 N
13 25 2 0 N
14 3 1 1 N
14 11 0 0 N
14 20 2 2 N
3 23 0 1 N
3 31 1 2 N
3 22 2 0 N
23 28 0 1 N
23 16 2 2 N
23 18 1 0 N
28 5 2 0 N
28 18 0 1 N
28 11 1 2 N
5 16 0 0 N
5 12 1 2 N
5 11 2 1 N
16 30 0 1 N
16 21 1 2 N
16 31 2 0 N
30 18 2 0 N
30 1 0 2 N
30 19 1 1 N
18 25 2 0 N
18 27 0 2 N
18 16 1 1 N
25 10 0 2 N
25 17 1 1 N
25 0 2 0 N
10 12 1 0 N
10 23 0 1 N
10 28 2 2 N
12 0 0 2 N
12 17 2 0 N
12 27 1 1 N
0 17 1 1 N
0 4 2 2 N
0 6 0 0 N
17 21 1 0 N
17 24 0 1 N
17 11 2 2 N
21 27 2 1 N
21 4 0 2 N
21 11 1 0 N
27 29 0 2 N
27 16 1 0 N
27 27 2 1 N
29 7 1 1 N
29 31 2 2 N
29 31 0 0 N
7 8 1 2 N
7 3 0 1 N
7 27 2 0 N
8 24 2 1 N
8 29 0 2 N
8 10 1 0 N
24 6 0 0 N
24 5 2 2 N
24 5 1 1 N
6 2 2 0 N
6 22 0 1 N
6 12 1 2 N
2 15 1 0 N
2 6 0 2 N
2 9 2 1 N
15 31 2 1 N
15 26 0 2 N
15 27 1 0 N
31 4 2 1 N
31 5 1 2 N
31 12 0 0 N
4 19 1 2 N
4 1 2 0 N
4 10 0 1 N
19 26 1 2 N
19 5 2 1 N
19 1 0 0 N
26 22 2 2 N
26 13 1 0 N
26 17 0 1 N
22 9 2 1 N
22 16 1 0 N
22 5 0 2 N
9 11 1 0 N
9 22 2 1 N
9 22 0 2 N
11 23 0 1 N
11 5 2 0 N
11 27 1 2 N
