2 7 1 1 S
2 19 2 2 S
2 7 0 0 S
7 22 2 1 N
7 22 1 0 N
7 22 0 2 N
22 1 1 0 N
22 10 0 2 N
22 22 2 1 N
1 11 0 2 N
1 18 2 0 N
1 7 1 1 N
11 5 2 2 N
11 7 0 1 N
11 30 1 0 N
5 20 2 2 N
5 14 0 0 N
5 10 1 1 N
20 18 0 1 N
20 25 1 0 N
20 25 2 2 N
18 21 1 0 N
18 0 2 2 N
18 11 0 1 N
21 9 1 2 N
21 8 2 1 N
21 28 0 0 N
9 17 2 0 N
9 17 1 1 N
9 5 0 2 N
17 31 2 0 N
17 6 1 2 N
17 27 0 1 N
31 4 1 1 N
31 10 0 0 N
31 30 2 2 N
4 0 2 1 N
4 14 1 0 N
4 31 0 2 N
0 13 0 0 N
0 18 1 2 N
0 22 2 1 N
13 14 2 2 N
13 29 1 1 N
13 1 0 0 N
14 26 0 0 N
14 28 2 2 N
14 5 1 1 N
26 23 0 0 N
26 4 2 1 N
26 6 1 2 N
23 16 1 0 N
23 2 0 2 N
23 14 2 1 N
16 28 2 1 N
16 3 0 2 N
16 10 1 0 N
28 29 2 1 N
28 18 0 2 N
28 31 1 0 N
29 15 0 1 N
29 31 1 0 N
29 30 2 2 N
15 30 2 1 N
15 12 1 0 N
15 29 0 2 N
30 25 0 2 N
30 24 1 0 N
30 5 2 1 N
25 10 2 0 N
25 7 1 2 N
25 7 0 1 N
10 6 1 0 N
10 22 0 2 N
10 22 2 1 N
6 24 1 2 N
6 8 0 1 N
6 5 2 0 N
24 3 2 2 N
24 22 0 0 N
24 22 1 1 N
3 27 0 0 N
3 0 2 1 N
3 25 1 2 N
27 8 1 1 N
27 28 2 2 N
27 5 0 0 N
8 12 0 2 N
8 5 1 1 N
8 7 2 0 N
12 19 1 0 N
12 8 2 1 N
12 31 0 2 N
19 9 0 0 N
19 31 1 2 N
19 31 2 1 N
