18 0 0 0 S
18 19 2 1 S
18 11 1 2 S
0 28 0 0 N
0 26 1 1 N
0 23 2 2 N
28 9 0 1 N
28 22 2 2 N
28 0 1 0 N
9 21 1 0 N
9 30 2 1 N
9 17 0 2 N
21 13 1 0 N
21 5 2 2 N
21 23 0 1 N
13 7 1 0 N
13 28 0 2 N
13 11 2 1 N
7 6 2 0 N
7 26 0 2 N
7 9 1 1 N
6 4 2 2 N
6 31 0 0 N
6 0 1 1 N
4 2 0 1 N
4 31 2 2 N
4 16 1 0 N
2 12 2 2 N
2 20 0 1 N
2 29 1 0 N
12 1 2 1 N
12 0 0 2 N
12 30 1 0 N
1 22 2 1 N
1 22 0 0 N
1 13 1 2 N
22 5 2 2 N
22 13 0 0 N
22 17 1 1 N
5 31 2 0 N
5 18 1 1 N
5 30 0 2 N
31 15 2 1 N
31 25 1 0 N
31 30 0 2 N
15 16 2 2 N
15 24 0 0 N
15 17 1 1 N
16 30 2 1 N
16 17 0 0 N
16 25 1 2 N
30 3 1 0 N
30 18 0 1 N
30 23 2 2 N
3 17 1 0 N
3 25 0 1 N
3 23 2 2 N
17 23 2 0 N
17 23 0 2 N
17 30 1 1 N
23 24 0 0 N
23 23 2 2 N
23 23 1 1 N
24 19 2 0 N
24 17 1 1 N
24 22 0 2 N
19 27 0 2 N
19 31 2 1 N
19 30 1 0 N
27 25 1 2 N
27 19 0 0 N
27 11 2 1 N
25 10 1 2 N
25 18 0 0 N
25 27 2 1 N
10 20 0 0 N
10 6 1 1 N
10 19 2 2 N
20 29 0 2 N
20 23 1 0 N
20 31 2 1 N
29 26 1 0 N
29 23 2 2 N
29 30 0 1 N
26 11 1 2 N
26 20 0 1 N
26 12 2 0 N
11 14 0 1 N
11 30 2 2 N
11 30 1 0 N
14 8 2 1 N
14 16 0 0 N
14 27 1 2 N
8 9 0 1 N
8 7 2 0 N
8 9 1 2 N
