29 23 2 2 S
29 15 0 1 S
29 25 1 0 S
23 0 1 0 N
23 31 2 2 N
23 8 0 1 N
0 13 0 2 N
0 5 1 1 N
0 6 2 0 N
13 17 0 2 N
13 5 2 0 N
13 25 1 1 N
17 12 1 2 N
17 20 0 0 N
17 1 2 1 N
12 27 1 1 N
12 29 2 0 N
12 6 0 2 N
27 20 0 1 N
27 21 2 2 N
27 9 1 0 N
20 26 1 0 N
20 31 2 1 N
20 18 0 2 N
26 16 1 2 N
26 1 2 0 N
26 13 0 1 N
16 5 1 0 N
16 19 0 1 N
16 21 2 2 N
5 18 2 2 N
5 0 1 1 N
5 22 0 0 N
18 28 1 1 N
18 28 0 2 N
18 31 2 0 N
28 15 2 2 N
28 1 1 0 N
28 6 0 1 N
15 8 0 0 N
15 8 1 1 N
15 23 2 2 N
8 19 0 0 N
8 21 1 2 N
8 31 2 1 N
19 30 1 1 N
19 9 2 0 N
19 23 0 2 N
30 14 2 1 N
30 12 1 0 N
30 25 0 2 N
14 6 1 1 N
14 18 0 2 N
14 15 2 0 N
6 3 0 0 N
6 12 2 1 N
6 4 1 2 N
3 22 1 1 N
3 25 0 0 N
3 21 2 2 N
22 4 0 0 N
22 8 1 1 N
22 4 2 2 N
4 9 2 0 N
4 8 0 2 N
4 25 1 1 N
9 1 2 1 N
9 12 0 2 N
9 0 1 0 N
1 11 2 1 N
1 13 0 2 N
1 20 1 0 N
11 24 1 1 N
11 1 0 2 N
11 19 2 0 N
24 2 2 2 N
24 20 1 1 N
24 3 0 0 N
2 25 0 0 N
2 13 2 1 N
2 17 1 2 N
25 31 0 1 N
25 4 2 0 N
25 25 1 2 N
31 10 2 1 N
31 6 0 0 N
31 4 1 2 N
10 7 0 1 N
10 23 2 0 N
10 1 1 2 N
7 21 2 0 N
7 27 0 1 N
7 21 1 2 N
21 6 2 0 N
21 13 1 2 N
21 18 0 1 N
