1 17 0 0 S
1 11 1 2 S
1 19 2 1 S
17 15 1 1 N
17 21 0 2 N
17 26 2 0 N
15 2 1 1 N
15 25 0 0 N
15 6 2 2 N
2 25 0 1 N
2 18 1 2 N
2 5 2 0 N
25 0 1 0 N
25 12 0 1 N
25 18 2 2 N
0 11 0 2 N
0 22 1 0 N
0 26 2 1 N
11 29 2 2 N
11 13 0 0 N
11 26 1 1 N
29 13 1 2 N
29 3 2 1 N
29 26 0 0 N
13 23 0 1 N
13 8 2 0 N
13 26 1 2 N
23 16 0 0 N
23 17 2 2 N
23 27 1 1 N
16 21 2 2 N
16 22 0 1 N
16 18 1 0 N
21 19 1 0 N
21 12 2 1 N
21 1 0 2 N
19 8 0 0 N
19 1 2 2 N
19 19 1 1 N
8 20 2 0 N
8 3 0 2 N
8 22 1 1 N
20 4 1 2 N
20 5 2 1 N
20 6 0 0 N
4 24 2 0 N
4 1 1 1 N
4 12 0 2 N
24 6 1 0 N
24 5 2 1 N
24 12 0 2 N
6 5 1 1 N
6 26 0 0 N
6 19 2 2 N
5 18 2 2 N
5 22 1 1 N
5 1 0 0 N
18 30 2 1 N
18 26 1 2 N
18 5 0 0 N
30 7 2 2 N
30 20 0 0 N
30 5 1 1 N
7 14 1 2 N
7 9 2 1 N
7 5 0 0 N
14 31 2 1 N
14 17 0 0 N
14 18 1 2 N
31 3 1 0 N
31 6 2 1 N
31 21 0 2 N
3 28 2 2 N
3 17 1 0 N
3 22 0 1 N
28 27 2 1 N
28 30 1 0 N
28 18 0 2 N
27 22 0 1 N
27 4 2 2 N
27 8 1 0 N
22 10 0 2 N
22 12 2 0 N
22 30 1 1 N
10 26 0 1 N
10 1 1 0 N
10 22 2 2 N
26 9 2 0 N
26 6 1 2 N
26 19 0 1 N
9 12 1 2 N
9 4 2 1 N
9 12 0 0 N
12 16 2 0 N
12 30 1 2 N
12 19 0 1 N
