23 25 1 2 S
23 29 0 0 S
23 22 2 1 S
25 2 1 2 N
25 24 2 1 N
25 15 0 0 N
2 9 0 1 N
2 6 1 0 N
2 20 2 2 N
9 15 0 2 N
9 15 2 0 N
9 0 1 1 N
15 5 1 2 N
15 0 2 1 N
15 9 0 0 N
5 24 0 2 N
5 6 2 0 N
5 9 1 1 N
24 19 1 1 N
24 11 2 2 N
24 0 0 0 N
19 22 2 2 N
19 28 1 1 N
19 16 0 0 N
22 13 2 2 N
22 11 1 0 N
22 5 0 1 N
13 28 2 2 N
13 7 1 1 N
13 7 0 0 N
28 16 2 0 N
28 4 1 1 N
28 29 0 2 N
16 30 0 2 N
16 20 1 1 N
16 26 2 0 N
30 21 1 0 N
30 24 0 2 N
30 9 2 1 N
21 10 2 0 N
21 31 1 1 N
21 3 0 2 N
10 18 2 2 N
10 0 0 1 N
10 28 1 0 N
18 6 2 0 N
18 22 0 1 N
18 7 1 2 N
6 11 0 1 N
6 28 1 2 N
6 29 2 0 N
11 31 0 1 N
11 4 2 2 N
11 16 1 0 N
31 8 0 1 N
31 26 2 0 N
31 3 1 2 N
8 14 2 0 N
8 28 1 1 N
8 1 0 2 N
14 7 2 0 N
14 28 0 1 N
14 16 1 2 N
7 29 1 0 N
7 15 2 2 N
7 9 0 1 N
29 12 2 1 N
29 0 0 2 N
29 0 1 0 N
12 1 2 0 N
12 30 1 1 N
12 29 0 2 N
1 3 2 2 N
1 3 1 0 N
1 17 0 1 N
3 17 0 1 N
3 14 1 0 N
3 30 2 2 N
17 26 0 2 N
17 20 1 0 N
17 7 2 1 N
26 4 0 2 N
26 14 1 0 N
26 7 2 1 N
4 27 1 1 N
4 6 0 2 N
4 22 2 0 N
27 20 2 0 N
27 1 0 2 N
27 28 1 1 N
20 0 1 1 N
20 17 2 0 N
20 29 0 2 N
0 7 2 0 N
0 9 1 2 N
0 0 0 1 N
