1 7 0 2 S
1 12 2 1 S
1 29 1 0 S
7 31 2 1 N
7 31 1 2 N
7 1 0 0 N
31 6 1 1 N
31 14 0 2 N
31 3 2 0 N
6 18 0 0 N
6 10 2 2 N
6 15 1 1 N
18 3 0 1 N
18 29 1 0 N
18 20 2 2 N
3 28 2 0 N
3 14 1 1 N
3 14 0 2 N
28 4 0 1 N
28 30 2 0 N
28 8 1 2 N
4 22 0 1 N
4 22 1 0 N
4 25 2 2 N
22 16 0 2 N
22 5 2 1 N
22 25 1 0 N
16 20 2 0 N
16 11 0 1 N
16 29 1 2 N
20 29 0 1 N
20 3 1 0 N
20 19 2 2 N
29 12 1 1 N
29 20 2 0 N
29 19 0 2 N
12 23 0 2 N
12 2 1 0 N
12 28 2 1 N
23 27 0 1 N
23 5 1 0 N
23 19 2 2 N
27 25 1 2 N
27 25 0 1 N
27 8 2 0 N
25 19 0 2 N
25 15 1 0 N
25 1 2 1 N
19 17 2 2 N
19 29 1 0 N
19 19 0 1 N
17 21 2 2 N
17 27 1 1 N
17 3 0 0 N
21 15 1 1 N
21 10 2 2 N
21 14 0 0 N
15 0 0 1 N
15 20 1 0 N
15 11 2 2 N
0 8 1 2 N
0 12 0 0 N
0 16 2 1 N
8 24 0 2 N
8 3 2 1 N
8 19 1 0 N
24 5 0 0 N
24 4 1 1 N
24 16 2 2 N
5 14 1 0 N
5 29 2 2 N
5 9 0 1 N
14 30 0 0 N
14 11 2 2 N
14 15 1 1 N
30 2 1 1 N
30 11 2 2 N
30 27 0 0 N
2 26 0 1 N
2 15 2 2 N
2 19 1 0 N
26 13 0 1 N
26 16 2 2 N
26 20 1 0 N
13 10 2 2 N
13 16 0 1 N
13 18 1 0 N
10 9 2 0 N
10 23 0 2 N
10 25 1 1 N
9 11 0 0 N
9 25 1 2 N
9 20 2 1 N
11 12 2 0 N
11 28 1 2 N
11 19 0 1 N
