26 1 2 1 S
26 30 0 0 S
26 28 1 2 S
1 28 0 0 N
1 16 2 1 N
1 30 1 2 N
28 24 1 0 N
28 24 0 2 N
28 2 2 1 N
24 10 0 1 N
24 0 1 2 N
24 29 2 0 N
10 21 1 2 N
10 26 0 0 N
10 2 2 1 N
21 20 0 0 N
21 3 2 2 N
21 10 1 1 N
20 16 2 1 N
20 16 1 0 N
20 2 0 2 N
16 15 2 0 N
16 7 0 2 N
16 20 1 1 N
15 12 1 0 N
15 29 0 2 N
15 3 2 1 N
12 7 2 0 N
12 2 1 2 N
12 3 0 1 N
7 27 0 2 N
7 2 2 1 N
7 28 1 0 N
27 22 1 1 N
27 4 0 0 N
27 26 2 2 N
22 18 1 2 N
22 2 2 1 N
22 18 0 0 N
18 17 1 0 N
18 14 2 2 N
18 0 0 1 N
17 25 1 1 N
17 3 0 2 N
17 30 2 0 N
25 23 2 2 N
25 16 1 0 N
25 26 0 1 N
23 11 2 0 N
23 0 1 1 N
23 26 0 2 N
11 31 2 2 N
11 5 1 1 N
11 14 0 0 N
31 8 0 0 N
31 28 2 1 N
31 12 1 2 N
8 9 2 0 N
8 21 0 2 N
8 3 1 1 N
9 13 1 1 N
9 11 2 2 N
9 14 0 0 N
13 0 1 0 N
13 15 0 2 N
13 26 2 1 N
0 2 2 0 N
0 20 1 2 N
0 29 0 1 N
2 6 2 2 N
2 28 0 1 N
2 2 1 0 N
6 14 2 2 N
6 2 1 0 N
6 4 0 1 N
14 3 2 1 N
14 28 0 2 N
14 28 1 0 N
3 19 1 2 N
3 8 0 0 N
3 2 2 1 N
19 4 2 0 N
19 28 1 2 N
19 4 0 1 N
4 29 0 1 N
4 14 1 0 N
4 16 2 2 N
29 5 1 1 N
29 21 0 0 N
29 28 2 2 N
5 30 1 2 N
5 19 0 1 N
5 3 2 0 N
30 31 0 2 N
30 5 2 0 N
30 21 1 1 N
