20 14 1 1 S
20 3 0 0 S
20 18 2 2 S
14 8 2 2 N
14 9 1 0 N
14 5 0 1 N
8 23 0 2 N
8 5 1 1 N
8 11 2 0 N
23 3 2 0 N
23 1 1 1 N
23 25 0 2 N
3 6 2 0 N
3 15 0 2 N
3 11 1 1 N
6 2 1 2 N
6 7 0 1 N
6 31 2 0 N
2 25 0 0 N
2 23 2 1 N
2 30 1 2 N
25 4 0 2 N
25 18 2 0 N
25 30 1 1 N
4 19 2 0 N
4 11 0 2 N
4 17 1 1 N
19 13 1 1 N
19 15 2 0 N
19 15 0 2 N
13 27 0 1 N
13 11 1 0 N
13 0 2 2 N
27 7 0 0 N
27 11 2 1 N
27 3 1 2 N
7 26 1 0 N
7 9 0 2 N
7 10 2 1 N
26 29 1 2 N
26 10 2 0 N
26 3 0 1 N
29 0 1 0 N
29 13 0 2 N
29 28 2 1 N
0 9 0 0 N
0 20 2 1 N
0 9 1 2 N
9 28 0 1 N
9 15 1 2 N
9 25 2 0 N
28 16 0 1 N
28 7 2 0 N
28 30 1 2 N
16 22 0 2 N
16 29 1 0 N
16 22 2 1 N
22 18 1 2 N
22 9 2 1 N
22 26 0 0 N
18 1 2 1 N
18 10 0 2 N
18 27 1 0 N
1 21 0 2 N
1 18 1 0 N
1 15 2 1 N
21 5 1 0 N
21 17 0 1 N
21 17 2 2 N
5 10 2 2 N
5 23 1 0 N
5 30 0 1 N
10 12 0 0 N
10 28 1 2 N
10 3 2 1 N
12 17 1 1 N
12 25 2 2 N
12 22 0 0 N
17 15 0 0 N
17 29 1 2 N
17 11 2 1 N
15 11 2 0 N
15 30 0 1 N
15 3 1 2 N
11 30 2 2 N
11 30 0 1 N
11 11 1 0 N
30 31 0 1 N
30 5 2 2 N
30 11 1 0 N
31 24 0 2 N
31 5 2 0 N
31 15 1 1 N
24 17 1 1 N
24 28 0 2 N
24 27 2 0 N
