15 16 1 2 S
15 11 0 0 S
15 16 2 1 S
16 31 1 0 N
16 28 0 1 N
16 30 2 2 N
31 29 0 2 N
31 5 1 1 N
31 9 2 0 N
29 27 0 0 N
29 20 1 1 N
29 11 2 2 N
27 23 1 1 N
27 23 2 0 N
27 9 0 2 N
23 17 2 0 N
23 17 1 2 N
23 11 0 1 N
17 26 2 1 N
17 29 1 2 N
17 6 0 0 N
26 20 1 2 N
26 18 2 1 N
26 19 0 0 N
20 1 0 0 N
20 11 2 1 N
20 30 1 2 N
1 14 2 2 N
1 15 1 0 N
1 20 0 1 N
14 21 0 2 N
14 27 1 1 N
14 13 2 0 N
21 24 2 1 N
21 25 1 2 N
21 10 0 0 N
24 13 2 0 N
24 10 1 2 N
24 3 0 1 N
13 12 2 1 N
13 1 1 2 N
13 23 0 0 N
12 7 0 2 N
12 28 1 1 N
12 17 2 0 N
7 6 1 1 N
7 9 2 2 N
7 23 0 0 N
6 4 0 1 N
6 10 2 2 N
6 11 1 0 N
4 19 1 2 N
4 19 2 1 N
4 21 0 0 N
19 18 1 0 N
19 29 2 1 N
19 11 0 2 N
18 25 0 0 N
18 30 1 1 N
18 7 2 2 N
25 8 0 0 N
25 26 1 1 N
25 7 2 2 N
8 3 1 2 N
8 4 2 1 N
8 25 0 0 N
3 11 1 1 N
3 1 0 2 N
3 1 2 0 N
11 9 1 2 N
11 30 0 1 N
11 11 2 0 N
9 28 1 2 N
9 4 0 0 N
9 11 2 1 N
28 0 2 0 N
28 11 1 1 N
28 9 0 2 N
0 30 2 1 N
0 21 0 2 N
0 6 1 0 N
30 5 1 1 N
30 9 0 0 N
30 23 2 2 N
5 22 2 1 N
5 4 1 2 N
5 31 0 0 N
22 10 2 1 N
22 27 0 2 N
22 12 1 0 N
10 2 0 2 N
10 11 2 0 N
10 11 1 1 N
2 5 1 2 N
2 13 0 1 N
2 8 2 0 N
