3 6 0 0 S
3 30 2 2 S
3 14 1 1 S
6 7 1 1 N
6 15 2 0 N
6 20 0 2 N
7 13 2 1 N
7 4 0 0 N
7 22 1 2 N
13 23 1 0 N
13 7 0 2 N
13 10 2 1 N
23 2 2 1 N
23 6 1 2 N
23 20 0 0 N
2 15 1 2 N
2 23 0 0 N
2 25 2 1 N
15 9 1 2 N
15 29 0 0 N
15 20 2 1 N
9 31 2 0 N
9 17 0 2 N
9 25 1 1 N
31 11 0 1 N
31 25 2 2 N
31 20 1 0 N
11 12 1 1 N
11 14 0 2 N
11 23 2 0 N
12 19 0 1 N
12 18 1 2 N
12 6 2 0 N
19 22 1 1 N
19 1 2 2 N
19 27 0 0 N
22 24 1 2 N
22 23 0 1 N
22 10 2 0 N
24 4 1 1 N
24 28 2 0 N
24 6 0 2 N
4 14 2 2 N
4 14 1 1 N
4 20 0 0 N
14 27 1 0 N
14 20 2 2 N
14 7 0 1 N
27 16 2 2 N
27 11 1 1 N
27 15 0 0 N
16 1 2 1 N
16 30 1 2 N
16 23 0 0 N
1 18 1 1 N
1 3 2 0 N
1 26 0 2 N
18 5 0 1 N
18 30 2 2 N
18 11 1 0 N
5 26 0 2 N
5 26 2 1 N
5 20 1 0 N
26 17 0 2 N
26 6 2 1 N
26 6 1 0 N
17 29 2 1 N
17 26 1 2 N
17 6 0 0 N
29 28 1 0 N
29 12 2 2 N
29 18 0 1 N
28 21 2 1 N
28 20 0 0 N
28 20 1 2 N
21 10 0 1 N
21 17 2 2 N
21 22 1 0 N
10 8 2 0 N
10 28 0 1 N
10 6 1 2 N
8 20 0 2 N
8 9 2 1 N
8 16 1 0 N
20 30 1 1 N
20 11 0 0 N
20 20 2 2 N
30 0 1 1 N
30 22 2 0 N
30 15 0 2 N
0 25 2 2 N
0 2 0 0 N
0 2 1 1 N
25 28 1 0 N
25 20 2 1 N
25 28 0 2 N
