22 7 0 1 S
22 26 2 0 S
22 8 1 2 S
7 17 0 2 N
7 11 1 1 N
7 28 2 0 N
17 3 0 0 N
17 9 2 1 N
17 14 1 2 N
3 19 1 2 N
3 7 0 1 N
3 14 2 0 N
19 30 0 0 N
19 29 1 1 N
19 26 2 2 N
30 18 1 2 N
30 22 0 0 N
30 19 2 1 N
18 9 1 1 N
18 4 0 0 N
18 3 2 2 N
9 26 0 0 N
9 22 1 2 N
9 18 2 1 N
26 1 1 1 N
26 4 0 2 N
26 1 2 0 N
1 0 1 2 N
1 25 2 0 N
1 1 0 1 N
0 10 2 2 N
0 3 1 1 N
0 15 0 0 N
10 23 1 1 N
10 24 0 2 N
10 19 2 0 N
23 28 0 1 N
23 25 1 0 N
23 29 2 2 N
28 20 0 2 N
28 3 2 1 N
28 24 1 0 N
20 5 0 0 N
20 22 2 1 N
20 25 1 2 N
5 31 1 1 N
5 29 2 0 N
5 28 0 2 N
31 8 1 0 N
31 8 2 1 N
31 1 0 2 N
8 4 2 0 N
8 26 0 1 N
8 24 1 2 N
4 25 2 0 N
4 1 0 2 N
4 24 1 1 N
25 12 2 2 N
25 1 0 1 N
25 24 1 0 N
12 6 1 2 N
12 26 2 1 N
12 8 0 0 N
6 29 2 0 N
6 30 0 2 N
6 14 1 1 N
29 21 1 1 N
29 2 0 0 N
29 3 2 2 N
21 16 1 1 N
21 11 0 2 N
21 11 2 0 N
16 24 0 2 N
16 24 1 0 N
16 24 2 1 N
24 27 0 0 N
24 1 2 1 N
24 1 1 2 N
27 15 1 0 N
27 30 0 2 N
27 1 2 1 N
15 11 2 2 N
15 4 0 1 N
15 3 1 0 N
11 14 2 2 N
11 14 0 1 N
11 15 1 0 N
14 13 1 2 N
14 18 0 0 N
14 1 2 1 N
13 2 1 1 N
13 1 2 0 N
13 15 0 2 N
2 4 1 0 N
2 26 0 2 N
2 4 2 1 N
