24 17 2 0 S
24 10 1 2 S
24 5 0 1 S
17 22 2 1 N
17 5 0 2 N
17 2 1 0 N
22 25 2 2 N
22 3 1 1 N
22 18 0 0 N
25 11 0 0 N
25 13 2 1 N
25 10 1 2 N
11 2 0 1 N
11 17 2 2 N
11 22 1 0 N
2 20 2 1 N
2 15 0 2 N
2 31 1 0 N
20 3 2 2 N
20 31 1 1 N
20 31 0 0 N
3 5 1 0 N
3 31 0 1 N
3 13 2 2 N
5 23 0 0 N
5 20 1 1 N
5 31 2 2 N
23 9 2 2 N
23 2 1 1 N
23 29 0 0 N
9 13 0 1 N
9 12 1 2 N
9 18 2 0 N
13 14 2 2 N
13 22 0 0 N
13 2 1 1 N
14 28 0 1 N
14 4 1 2 N
14 2 2 0 N
28 30 0 1 N
28 15 2 2 N
28 13 1 0 N
30 31 0 1 N
30 20 1 0 N
30 18 2 2 N
31 1 0 2 N
31 18 1 1 N
31 18 2 0 N
1 18 0 1 N
1 25 1 0 N
1 12 2 2 N
18 12 1 1 N
18 18 0 2 N
18 18 2 0 N
12 21 0 1 N
12 31 1 2 N
12 27 2 0 N
21 15 2 1 N
21 12 1 0 N
21 17 0 2 N
15 19 0 0 N
15 18 1 2 N
15 12 2 1 N
19 27 2 1 N
19 20 0 0 N
19 15 1 2 N
27 29 0 1 N
27 22 1 2 N
27 18 2 0 N
29 10 0 0 N
29 19 1 1 N
29 0 2 2 N
10 8 0 0 N
10 20 1 1 N
10 22 2 2 N
8 6 1 1 N
8 26 0 2 N
8 22 2 0 N
6 4 0 1 N
6 13 1 2 N
6 18 2 0 N
4 26 0 2 N
4 29 2 1 N
4 9 1 0 N
26 16 2 1 N
26 0 0 2 N
26 5 1 0 N
16 0 0 1 N
16 15 2 0 N
16 0 1 2 N
0 7 2 1 N
0 21 1 0 N
0 12 0 2 N
7 6 1 0 N
7 10 2 1 N
7 9 0 2 N
