5 14 2 2 S
5 27 1 0 S
5 0 0 1 S
14 22 0 0 N
14 4 2 2 N
14 11 1 1 N
22 26 2 2 N
22 27 1 1 N
22 28 0 0 N
26 20 1 0 N
26 23 0 2 N
26 30 2 1 N
20 13 1 1 N
20 8 0 0 N
20 22 2 2 N
13 6 2 0 N
13 15 1 2 N
13 23 0 1 N
6 25 2 0 N
6 3 0 2 N
6 12 1 1 N
25 2 1 0 N
25 0 0 1 N
25 17 2 2 N
2 18 1 2 N
2 30 0 1 N
2 23 2 0 N
18 27 0 1 N
18 24 2 0 N
18 14 1 2 N
27 1 1 0 N
27 17 2 2 N
27 30 0 1 N
1 21 1 2 N
1 11 0 0 N
1 12 2 1 N
21 31 0 2 N
21 0 1 0 N
21 25 2 1 N
31 30 2 2 N
31 6 1 0 N
31 19 0 1 N
30 15 0 0 N
30 15 2 1 N
30 17 1 2 N
15 8 2 1 N
15 24 1 0 N
15 27 0 2 N
8 12 2 0 N
8 17 0 1 N
8 15 1 2 N
12 29 0 0 N
12 17 1 2 N
12 27 2 1 N
29 0 2 0 N
29 11 0 2 N
29 4 1 1 N
0 28 0 1 N
0 9 1 0 N
0 12 2 2 N
28 7 1 2 N
28 30 0 1 N
28 23 2 0 N
7 4 0 2 N
7 24 1 0 N
7 3 2 1 N
4 16 2 1 N
4 26 1 0 N
4 12 0 2 N
16 23 1 2 N
16 15 0 1 N
16 15 2 0 N
23 19 1 1 N
23 20 2 0 N
23 17 0 2 N
19 11 1 2 N
19 0 0 0 N
19 12 2 1 N
11 17 1 1 N
11 1 2 0 N
11 30 0 2 N
17 10 0 0 N
17 30 1 2 N
17 17 2 1 N
10 9 0 1 N
10 23 1 2 N
10 26 2 0 N
9 3 0 1 N
9 25 2 0 N
9 23 1 2 N
3 24 1 1 N
3 1 0 0 N
3 8 2 2 N
24 23 1 0 N
24 23 2 1 N
24 25 0 2 N
