18 1 2 1 S
18 9 0 2 S
18 31 1 0 S
1 30 2 2 N
1 20 1 1 N
1 8 0 0 N
30 24 0 1 N
30 29 1 0 N
30 13 2 2 N
24 15 2 0 N
24 31 1 2 N
24 24 0 1 N
15 31 0 1 N
15 12 1 0 N
15 24 2 2 N
31 26 0 0 N
31 24 2 1 N
31 24 1 2 N
26 16 0 0 N
26 14 2 1 N
26 4 1 2 N
16 11 2 0 N
16 31 1 1 N
16 20 0 2 N
11 28 1 2 N
11 26 0 0 N
11 2 2 1 N
28 9 2 1 N
28 25 1 2 N
28 25 0 0 N
9 12 0 1 N
9 11 1 2 N
9 17 2 0 N
12 3 1 2 N
12 3 2 0 N
12 25 0 1 N
3 13 1 2 N
3 22 0 1 N
3 24 2 0 N
13 5 0 2 N
13 7 2 0 N
13 4 1 1 N
5 6 0 1 N
5 23 1 2 N
5 27 2 0 N
6 23 2 0 N
6 18 0 1 N
6 20 1 2 N
23 22 0 0 N
23 6 2 1 N
23 1 1 2 N
22 17 1 0 N
22 13 0 1 N
22 3 2 2 N
17 21 2 2 N
17 15 0 0 N
17 18 1 1 N
21 0 2 0 N
21 11 0 1 N
21 28 1 2 N
0 10 0 0 N
0 28 1 1 N
0 2 2 2 N
10 29 1 2 N
10 4 0 1 N
10 25 2 0 N
29 7 2 0 N
29 20 1 2 N
29 25 0 1 N
7 27 1 2 N
7 19 2 1 N
7 0 0 0 N
27 8 0 0 N
27 19 1 2 N
27 8 2 1 N
8 20 1 1 N
8 19 2 0 N
8 20 0 2 N
20 19 1 0 N
20 18 0 1 N
20 22 2 2 N
19 4 2 1 N
19 18 1 0 N
19 31 0 2 N
4 2 2 1 N
4 17 0 0 N
4 19 1 2 N
2 25 2 0 N
2 7 0 1 N
2 31 1 2 N
25 14 1 2 N
25 11 2 0 N
25 6 0 1 N
14 17 2 1 N
14 6 1 2 N
14 18 0 0 N
