5 25 1 1 S
5 20 0 0 S
5 26 2 2 S
25 7 2 2 N
25 26 1 1 N
25 3 0 0 N
7 22 1 1 N
7 16 0 0 N
7 14 2 2 N
22 10 1 1 N
22 15 0 2 N
22 26 2 0 N
10 28 1 1 N
10 30 0 0 N
10 7 2 2 N
28 20 1 0 N
28 2 0 1 N
28 28 2 2 N
20 1 2 2 N
20 3 1 1 N
20 22 0 0 N
1 31 2 1 N
1 26 0 2 N
1 26 1 0 N
31 26 1 1 N
31 23 0 0 N
31 14 2 2 N
26 18 2 0 N
26 28 1 1 N
26 28 0 2 N
18 9 2 0 N
18 17 1 2 N
18 27 0 1 N
9 11 1 0 N
9 30 0 2 N
9 24 2 1 N
11 12 1 1 N
11 1 2 0 N
11 15 0 2 N
12 3 1 2 N
12 10 0 1 N
12 15 2 0 N
3 0 0 1 N
3 1 2 0 N
3 26 1 2 N
0 27 2 0 N
0 14 0 1 N
0 3 1 2 N
27 21 1 2 N
27 21 0 0 N
27 3 2 1 N
21 29 1 0 N
21 23 2 2 N
21 24 0 1 N
29 4 0 2 N
29 1 2 1 N
29 16 1 0 N
4 23 1 0 N
4 2 2 2 N
4 23 0 1 N
23 30 0 1 N
23 26 2 0 N
23 14 1 2 N
30 16 0 1 N
30 7 1 0 N
30 28 2 2 N
16 17 1 2 N
16 24 2 1 N
16 31 0 0 N
17 13 2 1 N
17 25 0 2 N
17 12 1 0 N
13 15 2 0 N
13 10 1 1 N
13 14 0 2 N
15 19 2 0 N
15 2 0 1 N
15 16 1 2 N
19 8 0 1 N
19 18 1 0 N
19 28 2 2 N
8 14 0 1 N
8 1 2 2 N
8 31 1 0 N
14 6 1 0 N
14 26 2 1 N
14 1 0 2 N
6 2 2 0 N
6 15 1 2 N
6 22 0 1 N
2 24 0 0 N
2 3 1 1 N
2 8 2 2 N
24 3 0 1 N
24 7 2 2 N
24 23 1 0 N
