28 8 2 2 S
28 25 0 1 S
28 7 1 0 S
8 10 2 1 N
8 1 0 0 N
8 5 1 2 N
10 12 2 1 N
10 17 0 0 N
10 3 1 2 N
12 29 2 1 N
12 21 0 2 N
12 0 1 0 N
29 20 0 0 N
29 25 1 1 N
29 5 2 2 N
20 4 0 2 N
20 17 2 1 N
20 7 1 0 N
4 18 1 0 N
4 22 0 2 N
4 25 2 1 N
18 11 2 1 N
18 5 1 0 N
18 0 0 2 N
11 25 1 2 N
11 14 2 1 N
11 5 0 0 N
25 15 1 1 N
25 1 0 0 N
25 31 2 2 N
15 3 2 1 N
15 0 0 0 N
15 11 1 2 N
3 31 2 1 N
3 0 1 2 N
3 9 0 0 N
31 14 0 2 N
31 1 2 1 N
31 20 1 0 N
14 16 2 2 N
14 7 0 0 N
14 7 1 1 N
16 27 1 2 N
16 20 0 0 N
16 11 2 1 N
27 22 2 1 N
27 7 0 0 N
27 5 1 2 N
22 23 2 2 N
22 11 0 0 N
22 28 1 1 N
23 17 2 0 N
23 18 1 2 N
23 9 0 1 N
17 21 2 2 N
17 28 1 1 N
17 27 0 0 N
21 19 0 2 N
21 14 1 1 N
21 31 2 0 N
19 7 1 0 N
19 17 2 1 N
19 5 0 2 N
7 26 1 1 N
7 31 0 2 N
7 5 2 0 N
26 0 0 1 N
26 14 2 2 N
26 27 1 0 N
0 30 2 1 N
0 3 1 0 N
0 27 0 2 N
30 1 0 2 N
30 25 1 1 N
30 17 2 0 N
1 6 2 2 N
1 8 1 0 N
1 3 0 1 N
6 13 2 1 N
6 17 0 2 N
6 27 1 0 N
13 24 1 0 N
13 8 2 2 N
13 17 0 1 N
24 9 1 2 N
24 11 0 1 N
24 12 2 0 N
9 2 2 0 N
9 27 0 1 N
9 27 1 2 N
2 5 0 0 N
2 8 2 1 N
2 8 1 2 N
5 27 1 2 N
5 5 2 1 N
5 5 0 0 N
