21 7 2 1 S
21 3 0 0 S
21 5 1 2 S
7 1 2 0 N
7 25 0 1 N
7 24 1 2 N
1 23 2 0 N
1 12 0 1 N
1 16 1 2 N
23 18 0 1 N
23 7 2 2 N
23 14 1 0 N
18 29 2 0 N
18 22 0 1 N
18 0 1 2 N
29 9 1 1 N
29 26 0 2 N
29 31 2 0 N
9 27 1 0 N
9 30 0 2 N
9 24 2 1 N
27 4 1 0 N
27 21 2 1 N
27 16 0 2 N
4 11 0 1 N
4 25 1 2 N
4 17 2 0 N
11 15 2 1 N
11 20 0 2 N
11 22 1 0 N
15 30 2 1 N
15 10 1 0 N
15 10 0 2 N
30 19 2 0 N
30 22 0 2 N
30 13 1 1 N
19 5 0 0 N
19 4 2 2 N
19 28 1 1 N
5 16 0 0 N
5 8 1 2 N
5 22 2 1 N
16 10 2 0 N
16 7 0 1 N
16 22 1 2 N
10 20 2 2 N
10 0 1 1 N
10 10 0 0 N
20 22 2 1 N
20 25 1 0 N
20 10 0 2 N
22 26 1 0 N
22 0 2 2 N
22 10 0 1 N
26 3 2 1 N
26 7 1 2 N
26 10 0 0 N
3 6 0 0 N
3 26 2 1 N
3 16 1 2 N
6 8 1 1 N
6 23 2 0 N
6 16 0 2 N
8 25 1 0 N
8 25 2 1 N
8 17 0 2 N
25 24 2 1 N
25 12 1 0 N
25 10 0 2 N
24 14 2 0 N
24 28 1 2 N
24 0 0 1 N
14 0 1 1 N
14 25 2 0 N
14 5 0 2 N
0 28 2 2 N
0 17 0 1 N
0 10 1 0 N
28 12 2 0 N
28 25 1 2 N
28 10 0 1 N
12 31 2 0 N
12 22 0 1 N
12 17 1 2 N
31 2 0 2 N
31 15 2 0 N
31 22 1 1 N
2 13 1 0 N
2 22 0 2 N
2 18 2 1 N
13 17 0 0 N
13 10 1 2 N
13 7 2 1 N
17 20 1 1 N
17 0 2 2 N
17 22 0 0 N
