9 15 1 2 S
9 2 2 1 S
9 23 0 0 S
15 25 2 1 N
15 2 1 2 N
15 26 0 0 N
25 30 0 2 N
25 28 1 0 N
25 30 2 1 N
30 28 0 0 N
30 12 2 2 N
30 22 1 1 N
28 31 2 1 N
28 30 0 0 N
28 5 1 2 N
31 23 1 0 N
31 11 2 2 N
31 30 0 1 N
23 20 2 0 N
23 10 0 2 N
23 28 1 1 N
20 11 2 0 N
20 9 0 1 N
20 7 1 2 N
11 22 0 2 N
11 16 1 0 N
11 23 2 1 N
22 6 2 2 N
22 0 1 1 N
22 22 0 0 N
6 8 1 1 N
6 29 0 0 N
6 11 2 2 N
8 17 1 1 N
8 4 2 2 N
8 1 0 0 N
17 14 1 0 N
17 4 0 1 N
17 22 2 2 N
14 0 2 2 N
14 8 1 1 N
14 24 0 0 N
0 5 1 2 N
0 4 0 1 N
0 22 2 0 N
5 1 1 1 N
5 20 0 2 N
5 25 2 0 N
1 10 1 0 N
1 22 2 1 N
1 22 0 2 N
10 19 1 0 N
10 0 0 2 N
10 1 2 1 N
19 18 2 0 N
19 1 0 2 N
19 23 1 1 N
18 4 0 2 N
18 30 1 1 N
18 7 2 0 N
4 13 2 2 N
4 11 0 0 N
4 0 1 1 N
13 3 1 0 N
13 2 0 2 N
13 22 2 1 N
3 26 1 0 N
3 15 0 2 N
3 8 2 1 N
26 24 0 0 N
26 16 2 1 N
26 12 1 2 N
24 21 2 1 N
24 7 0 2 N
24 7 1 0 N
21 29 1 1 N
21 5 2 0 N
21 18 0 2 N
29 27 2 2 N
29 7 0 0 N
29 26 1 1 N
27 7 2 1 N
27 1 0 2 N
27 17 1 0 N
7 2 2 1 N
7 21 0 2 N
7 16 1 0 N
2 16 0 1 N
2 12 2 0 N
2 26 1 2 N
16 12 1 2 N
16 10 2 0 N
16 17 0 1 N
12 2 2 1 N
12 30 1 2 N
12 22 0 0 N
