14 12 0 2 S
14 27 1 0 S
14 5 2 1 S
12 30 2 0 N
12 2 1 1 N
12 8 0 2 N
30 3 0 1 N
30 23 2 2 N
30 8 1 0 N
3 21 2 2 N
3 27 1 0 N
3 0 0 1 N
21 19 2 2 N
21 12 0 0 N
21 15 1 1 N
19 0 2 2 N
19 25 1 1 N
19 5 0 0 N
0 6 0 1 N
0 1 2 2 N
0 14 1 0 N
6 10 0 2 N
6 12 1 0 N
6 5 2 1 N
10 23 2 2 N
10 27 1 1 N
10 25 0 0 N
23 22 1 2 N
23 29 2 1 N
23 12 0 0 N
22 20 1 1 N
22 28 0 0 N
22 29 2 2 N
20 26 2 1 N
20 23 0 0 N
20 25 1 2 N
26 9 1 0 N
26 22 0 1 N
26 10 2 2 N
9 18 0 1 N
9 8 2 0 N
9 11 1 2 N
18 17 1 0 N
18 19 0 1 N
18 5 2 2 N
17 11 2 2 N
17 1 0 1 N
17 0 1 0 N
11 4 0 0 N
11 5 2 2 N
11 19 1 1 N
4 28 2 2 N
4 11 1 1 N
4 7 0 0 N
28 8 2 1 N
28 5 1 2 N
28 4 0 0 N
8 27 1 2 N
8 12 0 1 N
8 27 2 0 N
27 16 0 2 N
27 27 2 0 N
27 27 1 1 N
16 1 2 0 N
16 15 0 1 N
16 30 1 2 N
1 7 1 1 N
1 14 0 0 N
1 12 2 2 N
7 31 1 1 N
7 29 0 0 N
7 27 2 2 N
31 13 2 2 N
31 11 0 1 N
31 27 1 0 N
13 2 1 2 N
13 31 0 1 N
13 4 2 0 N
2 15 0 1 N
2 14 2 2 N
2 31 1 0 N
15 5 1 2 N
15 14 0 1 N
15 12 2 0 N
5 25 1 2 N
5 15 0 0 N
5 31 2 1 N
25 24 1 2 N
25 13 0 1 N
25 8 2 0 N
24 29 2 0 N
24 0 0 2 N
24 18 1 1 N
29 26 1 1 N
29 24 0 2 N
29 12 2 0 N
