14 18 1 1 S
14 12 0 2 S
14 2 2 0 S
18 3 1 1 N
18 12 2 0 N
18 24 0 2 N
3 27 1 1 N
3 30 2 2 N
3 16 0 0 N
27 30 0 2 N
27 19 1 1 N
27 20 2 0 N
30 15 0 2 N
30 0 1 1 N
30 0 2 0 N
15 24 2 2 N
15 1 0 0 N
15 3 1 1 N
24 1 0 2 N
24 25 1 0 N
24 2 2 1 N
1 22 0 0 N
1 31 1 2 N
1 6 2 1 N
22 19 1 0 N
22 12 0 1 N
22 12 2 2 N
19 26 1 2 N
19 24 2 0 N
19 20 0 1 N
26 28 2 1 N
26 23 1 2 N
26 24 0 0 N
28 8 1 1 N
28 2 0 2 N
28 20 2 0 N
8 25 2 2 N
8 3 0 0 N
8 20 1 1 N
25 17 1 1 N
25 10 2 0 N
25 20 0 2 N
17 4 0 0 N
17 8 2 2 N
17 5 1 1 N
4 6 2 2 N
4 30 0 0 N
4 12 1 1 N
6 7 1 1 N
6 16 0 2 N
6 19 2 0 N
7 0 1 0 N
7 24 2 2 N
7 23 0 1 N
0 9 0 0 N
0 19 1 2 N
0 16 2 1 N
9 5 1 2 N
9 13 0 0 N
9 0 2 1 N
5 21 1 2 N
5 20 0 0 N
5 0 2 1 N
21 12 1 2 N
21 29 0 0 N
21 23 2 1 N
12 2 1 2 N
12 2 2 1 N
12 12 0 0 N
2 29 2 1 N
2 24 0 0 N
2 12 1 2 N
29 20 1 2 N
29 31 2 1 N
29 11 0 0 N
20 13 2 1 N
20 13 1 0 N
20 2 0 2 N
13 31 0 1 N
13 0 1 0 N
13 0 2 2 N
31 16 2 0 N
31 29 1 1 N
31 22 0 2 N
16 11 0 0 N
16 12 2 2 N
16 12 1 1 N
11 23 0 2 N
11 17 1 0 N
11 1 2 1 N
23 10 0 0 N
23 0 2 2 N
23 2 1 1 N
10 14 0 1 N
10 20 1 0 N
10 24 2 2 N
