1 24 1 2 S
1 5 0 0 S
1 15 2 1 S
24 9 1 1 N
24 13 2 0 N
24 13 0 2 N
9 30 1 0 N
9 13 2 2 N
9 13 0 1 N
30 13 0 0 N
30 22 2 2 N
30 28 1 1 N
13 18 0 1 N
13 22 2 0 N
13 8 1 2 N
18 4 2 0 N
18 29 1 2 N
18 5 0 1 N
4 8 2 1 N
4 36 0 0 N
4 35 1 2 N
8 35 1 2 N
8 17 2 1 N
8 17 0 0 N
35 10 0 0 N
35 24 1 1 N
35 34 2 2 N
10 21 0 2 N
10 8 2 0 N
10 37 1 1 N
21 27 2 1 N
21 25 1 2 N
21 15 0 0 N
27 25 1 1 N
27 2 0 2 N
27 35 2 0 N
25 23 0 0 N
25 22 2 1 N
25 23 1 2 N
23 16 1 0 N
23 0 0 1 N
23 5 2 2 N
16 19 2 0 N
16 29 0 2 N
16 18 1 1 N
19 36 2 2 N
19 32 1 1 N
19 23 0 0 N
36 33 1 0 N
36 5 0 1 N
36 17 2 2 N
33 20 2 0 N
33 25 1 2 N
33 28 0 1 N
20 28 0 0 N
20 24 2 1 N
20 13 1 2 N
28 12 2 0 N
28 15 0 1 N
28 17 1 2 N
12 32 0 1 N
12 28 2 2 N
12 21 1 0 N
32 15 1 2 N
32 2 0 0 N
32 15 2 1 N
15 6 0 0 N
15 5 2 2 N
15 15 1 1 N
6 7 1 2 N
6 35 2 0 N
6 23 0 1 N
7 29 2 1 N
7 31 0 0 N
7 11 1 2 N
29 2 1 2 N
29 22 2 1 N
29 22 0 0 N
2 17 1 1 N
2 16 2 2 N
2 15 0 0 N
17 38 0 2 N
17 5 2 0 N
17 15 1 1 N
38 0 2 0 N
38 28 0 2 N
38 36 1 1 N
0 5 2 0 N
0 8 0 2 N
0 35 1 1 N
5 31 2 0 N
5 1 0 2 N
5 1 1 1 N
31 14 2 1 N
31 29 1 2 N
31 1 0 0 N
14 37 2 1 N
14 0 1 0 N
14 6 0 2 N
37 26 2 0 N
37 26 0 1 N
37 5 1 2 N
26 3 1 0 N
26 6 0 2 N
26 35 2 1 N
3 34 0 1 N
3 26 2 2 N
3 36 1 0 N
34 22 0 2 N
34 38 2 0 N
34 22 1 1 N
22 11 0 1 N
22 5 2 2 N
22 5 1 0 N
11 13 1 0 N
11 23 0 1 N
11 24 2 2 N
