13 9 2 1 S
13 4 1 2 S
13 5 0 0 S
9 0 2 1 N
9 32 0 0 N
9 2 1 2 N
0 4 0 0 N
0 6 2 1 N
0 13 1 2 N
4 38 1 0 N
4 31 0 2 N
4 16 2 1 N
38 21 2 1 N
38 5 1 2 N
38 13 0 0 N
21 16 2 2 N
21 23 1 1 N
21 17 0 0 N
16 7 2 2 N
16 4 1 0 N
16 10 0 1 N
7 14 1 2 N
7 18 2 1 N
7 33 0 0 N
14 27 1 0 N
14 13 0 1 N
14 31 2 2 N
27 3 2 0 N
27 15 0 1 N
27 21 1 2 N
3 18 2 1 N
3 15 0 0 N
3 13 1 2 N
18 15 0 1 N
18 0 1 0 N
18 10 2 2 N
15 20 0 1 N
15 19 1 0 N
15 31 2 2 N
20 10 1 2 N
20 36 0 0 N
20 13 2 1 N
10 8 2 0 N
10 2 1 2 N
10 6 0 1 N
8 25 1 1 N
8 19 2 0 N
8 16 0 2 N
25 11 2 1 N
25 33 0 0 N
25 34 1 2 N
11 6 2 1 N
11 2 1 2 N
11 16 0 0 N
6 17 0 0 N
6 38 1 1 N
6 37 2 2 N
17 5 1 2 N
17 4 0 0 N
17 10 2 1 N
5 33 1 0 N
5 5 2 1 N
5 5 0 2 N
33 37 0 2 N
33 16 1 0 N
33 4 2 1 N
37 22 2 2 N
37 29 1 1 N
37 5 0 0 N
22 23 0 1 N
22 12 1 2 N
22 28 2 0 N
23 31 0 0 N
23 6 2 2 N
23 13 1 1 N
31 28 0 0 N
31 10 2 2 N
31 37 1 1 N
28 1 2 1 N
28 14 0 2 N
28 15 1 0 N
1 30 1 1 N
1 37 0 2 N
1 17 2 0 N
30 29 1 2 N
30 10 0 0 N
30 11 2 1 N
29 32 0 1 N
29 6 1 2 N
29 5 2 0 N
32 34 1 0 N
32 4 2 1 N
32 33 0 2 N
34 2 0 0 N
34 14 1 2 N
34 4 2 1 N
2 19 2 0 N
2 10 1 1 N
2 5 0 2 N
19 24 1 0 N
19 21 0 1 N
19 6 2 2 N
24 36 0 0 N
24 10 2 2 N
24 10 1 1 N
36 26 1 1 N
36 7 2 0 N
36 29 0 2 N
26 35 0 2 N
26 38 2 1 N
26 35 1 0 N
35 12 1 2 N
35 9 0 0 N
35 38 2 1 N
12 21 2 2 N
12 28 1 1 N
12 28 0 0 N
