24 34 2 2 S
24 0 0 0 S
24 14 1 1 S
34 7 2 1 N
34 38 1 2 N
34 20 0 0 N
7 4 2 0 N
7 30 0 2 N
7 29 1 1 N
4 18 0 2 N
4 21 1 0 N
4 38 2 1 N
18 17 1 2 N
18 33 0 1 N
18 21 2 0 N
17 5 0 0 N
17 35 1 1 N
17 5 2 2 N
5 8 0 2 N
5 38 2 0 N
5 19 1 1 N
8 12 1 1 N
8 11 2 0 N
8 29 0 2 N
12 14 0 1 N
12 3 1 0 N
12 19 2 2 N
14 33 2 2 N
14 15 0 0 N
14 16 1 1 N
33 32 1 0 N
33 38 2 1 N
33 35 0 2 N
32 9 0 0 N
32 7 1 1 N
32 8 2 2 N
9 36 0 0 N
9 16 2 1 N
9 15 1 2 N
36 35 0 1 N
36 30 2 2 N
36 21 1 0 N
35 13 0 0 N
35 6 1 1 N
35 0 2 2 N
13 0 2 0 N
13 2 0 2 N
13 16 1 1 N
0 27 0 1 N
0 21 2 2 N
0 15 1 0 N
27 19 2 1 N
27 5 0 2 N
27 15 1 0 N
19 23 2 2 N
19 0 1 0 N
19 15 0 1 N
23 2 1 1 N
23 0 2 2 N
23 30 0 0 N
2 16 0 1 N
2 26 2 2 N
2 28 1 0 N
16 26 0 1 N
16 26 1 2 N
16 0 2 0 N
26 10 1 1 N
26 21 0 2 N
26 20 2 0 N
10 37 0 0 N
10 2 1 2 N
10 3 2 1 N
37 20 0 0 N
37 25 2 1 N
37 8 1 2 N
20 28 0 2 N
20 14 1 0 N
20 19 2 1 N
28 1 2 1 N
28 27 1 2 N
28 14 0 0 N
1 38 2 1 N
1 15 1 0 N
1 16 0 2 N
38 11 0 0 N
38 35 2 1 N
38 14 1 2 N
11 29 2 1 N
11 29 1 0 N
11 35 0 2 N
29 31 1 1 N
29 2 2 2 N
29 27 0 0 N
31 22 1 2 N
31 5 2 1 N
31 27 0 0 N
22 6 1 2 N
22 27 0 1 N
22 19 2 0 N
6 3 0 1 N
6 34 2 0 N
6 16 1 2 N
3 30 0 1 N
3 25 1 2 N
3 0 2 0 N
30 21 0 0 N
30 2 1 1 N
30 19 2 2 N
21 25 1 0 N
21 26 0 1 N
21 3 2 2 N
25 15 0 1 N
25 28 1 2 N
25 29 2 0 N
15 14 2 0 N
15 35 0 1 N
15 15 1 2 N
