10 4 1 0 S
10 22 2 2 S
10 20 0 1 S
4 11 0 2 N
4 27 1 1 N
4 5 2 0 N
11 20 0 0 N
11 34 1 1 N
11 18 2 2 N
20 37 2 0 N
20 28 0 1 N
20 17 1 2 N
37 0 0 2 N
37 38 2 0 N
37 17 1 1 N
0 28 1 1 N
0 13 0 0 N
0 19 2 2 N
28 34 1 2 N
28 14 0 0 N
28 2 2 1 N
34 3 2 2 N
34 19 1 0 N
34 16 0 1 N
3 17 2 1 N
3 19 0 2 N
3 4 1 0 N
17 5 2 1 N
17 18 1 0 N
17 19 0 2 N
5 27 1 2 N
5 2 2 1 N
5 16 0 0 N
27 24 0 0 N
27 13 2 1 N
27 36 1 2 N
24 32 1 2 N
24 37 0 1 N
24 37 2 0 N
32 1 2 2 N
32 21 0 1 N
32 25 1 0 N
1 2 1 0 N
1 3 0 2 N
1 31 2 1 N
2 16 0 1 N
2 36 2 2 N
2 17 1 0 N
16 19 1 1 N
16 13 0 2 N
16 17 2 0 N
19 25 2 1 N
19 17 1 2 N
19 19 0 0 N
25 36 2 2 N
25 13 1 1 N
25 2 0 0 N
36 9 2 0 N
36 25 1 1 N
36 19 0 2 N
9 14 0 1 N
9 14 2 0 N
9 26 1 2 N
14 35 2 2 N
14 37 0 0 N
14 12 1 1 N
35 8 1 1 N
35 27 0 2 N
35 6 2 0 N
8 18 2 1 N
8 27 0 2 N
8 30 1 0 N
18 33 1 0 N
18 34 0 1 N
18 26 2 2 N
33 7 0 2 N
33 5 2 0 N
33 17 1 1 N
7 23 0 2 N
7 22 1 0 N
7 22 2 1 N
23 21 0 0 N
23 11 1 1 N
23 27 2 2 N
21 38 2 1 N
21 7 0 2 N
21 6 1 0 N
38 29 1 2 N
38 15 0 1 N
38 35 2 0 N
29 15 2 0 N
29 19 0 1 N
29 17 1 2 N
15 30 0 1 N
15 17 1 0 N
15 36 2 2 N
30 6 1 1 N
30 29 2 0 N
30 14 0 2 N
6 12 1 0 N
6 19 0 1 N
6 16 2 2 N
12 31 2 2 N
12 20 1 0 N
12 16 0 1 N
31 26 2 1 N
31 13 1 2 N
31 38 0 0 N
26 22 2 2 N
26 25 1 1 N
26 2 0 0 N
22 13 1 2 N
22 27 2 1 N
22 13 0 0 N
13 36 2 2 N
13 19 1 0 N
13 36 0 1 N
