15 11 1 2 S
15 29 0 1 S
15 4 2 0 S
11 33 2 1 N
11 30 1 0 N
11 1 0 2 N
33 10 0 1 N
33 13 1 2 N
33 17 2 0 N
10 22 2 1 N
10 25 1 0 N
10 8 0 2 N
22 6 2 1 N
22 26 1 2 N
22 35 0 0 N
6 19 2 2 N
6 26 1 1 N
6 13 0 0 N
19 17 1 2 N
19 24 0 0 N
19 22 2 1 N
17 5 1 0 N
17 0 0 2 N
17 6 2 1 N
5 1 1 2 N
5 14 2 0 N
5 18 0 1 N
1 34 1 2 N
1 34 2 0 N
1 25 0 1 N
34 38 0 0 N
34 27 2 1 N
34 13 1 2 N
38 14 0 1 N
38 1 1 2 N
38 32 2 0 N
14 27 2 0 N
14 9 0 2 N
14 6 1 1 N
27 23 0 2 N
27 26 2 0 N
27 16 1 1 N
23 26 0 0 N
23 13 1 1 N
23 3 2 2 N
26 25 0 1 N
26 32 2 0 N
26 36 1 2 N
25 30 1 1 N
25 27 0 2 N
25 34 2 0 N
30 2 0 0 N
30 21 1 2 N
30 7 2 1 N
2 21 1 2 N
2 14 0 0 N
2 21 2 1 N
21 13 1 1 N
21 13 0 0 N
21 36 2 2 N
13 35 1 0 N
13 33 0 1 N
13 13 2 2 N
35 9 0 2 N
35 9 2 0 N
35 26 1 1 N
9 18 2 0 N
9 0 1 2 N
9 18 0 1 N
18 36 0 0 N
18 8 2 2 N
18 13 1 1 N
36 12 2 2 N
36 13 0 0 N
36 13 1 1 N
12 0 0 0 N
12 34 2 2 N
12 26 1 1 N
0 24 2 2 N
0 19 0 1 N
0 13 1 0 N
24 8 2 1 N
24 18 1 2 N
24 0 0 0 N
8 7 2 2 N
8 29 1 0 N
8 28 0 1 N
7 32 2 1 N
7 10 1 2 N
7 18 0 0 N
32 4 0 1 N
32 36 2 0 N
32 16 1 2 N
4 3 2 0 N
4 13 1 1 N
4 13 0 2 N
3 29 1 2 N
3 7 0 0 N
3 13 2 1 N
29 31 1 2 N
29 15 0 1 N
29 36 2 0 N
31 20 1 2 N
31 37 0 1 N
31 17 2 0 N
20 16 1 2 N
20 30 0 1 N
20 36 2 0 N
16 37 1 1 N
16 36 0 0 N
16 26 2 2 N
37 28 2 0 N
37 33 1 1 N
37 21 0 2 N
28 29 1 1 N
28 16 0 0 N
28 16 2 2 N
