15 27 0 0 S
15 38 2 1 S
15 30 1 2 S
27 38 1 1 N
27 9 0 2 N
27 16 2 0 N
38 26 0 1 N
38 1 1 0 N
38 17 2 2 N
26 7 2 2 N
26 10 1 1 N
26 7 0 0 N
7 25 1 0 N
7 17 2 2 N
7 5 0 1 N
25 28 1 1 N
25 30 0 2 N
25 18 2 0 N
28 32 0 1 N
28 33 1 2 N
28 21 2 0 N
32 0 2 0 N
32 37 1 2 N
32 22 0 1 N
0 19 1 2 N
0 11 2 1 N
0 38 0 0 N
19 35 0 1 N
19 12 2 2 N
19 34 1 0 N
35 10 1 2 N
35 32 0 0 N
35 10 2 1 N
10 34 1 1 N
10 1 0 0 N
10 13 2 2 N
34 20 2 1 N
34 10 0 0 N
34 38 1 2 N
20 31 1 0 N
20 1 2 1 N
20 15 0 2 N
31 5 0 0 N
31 32 2 1 N
31 13 1 2 N
5 6 2 0 N
5 13 0 2 N
5 35 1 1 N
6 22 2 0 N
6 18 0 2 N
6 3 1 1 N
22 17 2 2 N
22 11 1 0 N
22 13 0 1 N
17 30 2 2 N
17 36 1 0 N
17 25 0 1 N
30 18 2 2 N
30 21 0 0 N
30 13 1 1 N
18 36 1 2 N
18 24 2 0 N
18 13 0 1 N
36 13 0 0 N
36 33 2 1 N
36 28 1 2 N
13 2 1 1 N
13 33 2 0 N
13 21 0 2 N
2 1 1 2 N
2 27 2 0 N
2 13 0 1 N
1 8 0 0 N
1 30 2 2 N
1 11 1 1 N
8 23 2 2 N
8 23 0 0 N
8 17 1 1 N
23 9 0 1 N
23 25 1 0 N
23 27 2 2 N
9 24 1 1 N
9 13 2 2 N
9 22 0 0 N
24 12 0 2 N
24 3 1 1 N
24 13 2 0 N
12 37 1 1 N
12 11 2 0 N
12 18 0 2 N
37 11 2 1 N
37 38 0 0 N
37 30 1 2 N
11 14 1 2 N
11 16 2 1 N
11 0 0 0 N
14 29 1 0 N
14 26 2 1 N
14 30 0 2 N
29 16 0 0 N
29 5 2 2 N
29 10 1 1 N
16 21 0 2 N
16 24 2 0 N
16 25 1 1 N
21 33 2 1 N
21 22 0 0 N
21 21 1 2 N
33 4 0 1 N
33 29 1 0 N
33 27 2 2 N
4 3 0 0 N
4 3 2 2 N
4 5 1 1 N
3 0 0 2 N
3 25 1 1 N
3 31 2 0 N
