17 26 0 0 S
17 21 1 2 S
17 37 2 1 S
26 7 1 1 N
26 38 2 0 N
26 37 0 2 N
7 18 2 2 N
7 2 0 1 N
7 0 1 0 N
18 21 0 0 N
18 34 1 2 N
18 12 2 1 N
21 32 2 1 N
21 38 0 2 N
21 35 1 0 N
32 20 0 2 N
32 37 1 1 N
32 13 2 0 N
20 22 0 1 N
20 19 1 2 N
20 13 2 0 N
22 15 0 2 N
22 21 2 0 N
22 0 1 1 N
15 34 1 1 N
15 26 0 0 N
15 8 2 2 N
34 16 2 2 N
34 29 1 0 N
34 29 0 1 N
16 31 1 1 N
16 10 0 2 N
16 8 2 0 N
31 6 2 0 N
31 24 0 2 N
31 37 1 1 N
6 38 1 1 N
6 11 2 0 N
6 32 0 2 N
38 13 2 0 N
38 0 1 1 N
38 15 0 2 N
13 27 2 1 N
13 37 1 0 N
13 26 0 2 N
27 19 1 1 N
27 23 0 2 N
27 31 2 0 N
19 2 1 0 N
19 0 2 2 N
19 9 0 1 N
2 28 1 0 N
2 19 2 1 N
2 17 0 2 N
28 36 0 1 N
28 31 1 2 N
28 17 2 0 N
36 3 0 1 N
36 20 1 0 N
36 26 2 2 N
3 33 2 1 N
3 26 0 0 N
3 27 1 2 N
33 12 0 1 N
33 14 2 0 N
33 14 1 2 N
12 9 1 1 N
12 34 0 2 N
12 34 2 0 N
9 5 1 0 N
9 27 2 2 N
9 8 0 1 N
5 14 0 2 N
5 26 2 1 N
5 32 1 0 N
14 1 2 1 N
14 38 1 0 N
14 36 0 2 N
1 8 2 1 N
1 29 1 2 N
1 8 0 0 N
8 23 0 1 N
8 4 1 2 N
8 8 2 0 N
23 10 0 1 N
23 4 2 2 N
23 14 1 0 N
10 30 0 1 N
10 27 2 0 N
10 19 1 2 N
30 24 2 0 N
30 37 0 2 N
30 19 1 1 N
24 4 0 2 N
24 37 2 0 N
24 26 1 1 N
4 0 2 2 N
4 9 0 1 N
4 8 1 0 N
0 37 0 2 N
0 1 1 1 N
0 9 2 0 N
37 29 2 1 N
37 1 1 0 N
37 4 0 2 N
29 25 0 2 N
29 9 1 0 N
29 1 2 1 N
25 11 2 0 N
25 8 1 1 N
25 26 0 2 N
11 35 0 2 N
11 18 1 1 N
11 17 2 0 N
35 37 1 0 N
35 26 0 1 N
35 29 2 2 N
