38 37 0 0 S
38 27 2 2 S
38 30 1 1 S
37 35 2 0 N
37 15 1 1 N
37 27 0 2 N
35 6 1 2 N
35 16 2 1 N
35 0 0 0 N
6 18 1 0 N
6 7 0 2 N
6 16 2 1 N
18 29 2 1 N
18 14 1 2 N
18 33 0 0 N
29 8 1 0 N
29 34 2 1 N
29 15 0 2 N
8 19 2 2 N
8 21 1 1 N
8 0 0 0 N
19 33 2 1 N
19 14 1 2 N
19 19 0 0 N
33 15 1 0 N
33 13 0 1 N
33 36 2 2 N
15 20 1 1 N
15 27 2 2 N
15 19 0 0 N
20 5 2 0 N
20 17 0 2 N
20 27 1 1 N
5 3 0 1 N
5 16 1 2 N
5 23 2 0 N
3 14 1 2 N
3 19 0 1 N
3 9 2 0 N
14 26 2 1 N
14 19 1 2 N
14 23 0 0 N
26 0 1 2 N
26 11 0 0 N
26 29 2 1 N
0 24 2 1 N
0 17 0 0 N
0 34 1 2 N
24 25 0 2 N
24 25 1 1 N
24 4 2 0 N
25 16 1 2 N
25 3 0 0 N
25 27 2 1 N
16 21 0 2 N
16 19 1 1 N
16 32 2 0 N
21 12 2 1 N
21 34 1 0 N
21 7 0 2 N
12 32 1 0 N
12 13 2 1 N
12 5 0 2 N
32 7 0 2 N
32 4 2 0 N
32 19 1 1 N
7 17 2 0 N
7 30 0 2 N
7 32 1 1 N
17 36 1 0 N
17 26 0 2 N
17 29 2 1 N
36 28 2 0 N
36 29 1 1 N
36 5 0 2 N
28 2 1 1 N
28 32 0 0 N
28 7 2 2 N
2 27 2 0 N
2 36 0 2 N
2 25 1 1 N
27 34 2 1 N
27 19 0 2 N
27 19 1 0 N
34 10 0 2 N
34 4 1 0 N
34 32 2 1 N
10 23 1 0 N
10 14 0 1 N
10 20 2 2 N
23 11 2 0 N
23 31 1 1 N
23 15 0 2 N
11 1 0 0 N
11 36 2 2 N
11 30 1 1 N
1 30 0 2 N
1 5 1 0 N
1 25 2 1 N
30 13 1 1 N
30 17 0 2 N
30 20 2 0 N
13 22 1 1 N
13 9 2 2 N
13 9 0 0 N
22 4 1 1 N
22 33 2 2 N
22 15 0 0 N
4 31 1 0 N
4 18 0 2 N
4 15 2 1 N
31 9 1 2 N
31 35 0 0 N
31 13 2 1 N
9 26 0 2 N
9 32 2 1 N
9 19 1 0 N
