32 38 0 2 S
32 16 2 1 S
32 28 1 0 S
38 31 0 1 N
38 11 1 2 N
38 16 2 0 N
31 16 1 2 N
31 10 0 1 N
31 4 2 0 N
16 2 2 2 N
16 28 0 1 N
16 37 1 0 N
2 23 1 0 N
2 27 2 2 N
2 5 0 1 N
23 33 2 0 N
23 10 0 1 N
23 32 1 2 N
33 27 1 1 N
33 27 2 2 N
33 37 0 0 N
27 18 0 0 N
27 5 1 2 N
27 9 2 1 N
18 20 2 1 N
18 1 1 2 N
18 32 0 0 N
20 29 2 2 N
20 24 0 0 N
20 29 1 1 N
29 34 0 1 N
29 9 2 0 N
29 28 1 2 N
34 28 2 0 N
34 9 0 1 N
34 14 1 2 N
28 19 1 1 N
28 5 0 0 N
28 5 2 2 N
19 25 2 2 N
19 38 1 1 N
19 10 0 0 N
25 3 2 2 N
25 27 1 0 N
25 17 0 1 N
3 24 0 1 N
3 37 1 0 N
3 14 2 2 N
24 12 2 1 N
24 38 0 2 N
24 37 1 0 N
12 5 0 1 N
12 15 2 0 N
12 26 1 2 N
5 10 0 1 N
5 28 1 0 N
5 5 2 2 N
10 4 2 1 N
10 6 1 2 N
10 24 0 0 N
4 9 2 2 N
4 26 0 0 N
4 17 1 1 N
9 1 1 2 N
9 10 2 0 N
9 17 0 1 N
1 36 1 1 N
1 24 2 0 N
1 23 0 2 N
36 37 1 2 N
36 16 0 0 N
36 4 2 1 N
37 6 1 0 N
37 16 0 1 N
37 28 2 2 N
6 0 2 0 N
6 33 0 1 N
6 10 1 2 N
0 22 2 0 N
0 12 0 1 N
0 10 1 2 N
22 8 1 0 N
22 33 2 2 N
22 14 0 1 N
8 15 0 2 N
8 12 2 1 N
8 37 1 0 N
15 30 0 0 N
15 12 2 1 N
15 20 1 2 N
30 7 1 1 N
30 17 2 0 N
30 32 0 2 N
7 26 2 2 N
7 18 0 0 N
7 19 1 1 N
26 17 1 2 N
26 6 2 1 N
26 11 0 0 N
17 21 2 1 N
17 1 0 0 N
17 32 1 2 N
21 14 2 0 N
21 33 1 1 N
21 12 0 2 N
14 35 1 1 N
14 12 2 0 N
14 23 0 2 N
35 13 1 0 N
35 24 0 1 N
35 33 2 2 N
13 11 2 0 N
13 35 0 2 N
13 10 1 1 N
11 5 1 2 N
11 29 2 0 N
11 33 0 1 N
