37 10 2 1 S
37 8 1 0 S
37 6 0 2 S
10 32 2 1 N
10 36 0 2 N
10 38 1 0 N
32 38 0 0 N
32 18 2 1 N
32 25 1 2 N
38 11 2 2 N
38 22 0 0 N
38 25 1 1 N
11 9 2 2 N
11 32 1 0 N
11 30 0 1 N
9 21 0 1 N
9 29 1 2 N
9 20 2 0 N
21 31 2 0 N
21 21 0 1 N
21 21 1 2 N
31 1 1 2 N
31 3 2 1 N
31 7 0 0 N
1 17 2 1 N
1 33 1 0 N
1 16 0 2 N
17 36 2 2 N
17 31 1 1 N
17 38 0 0 N
36 33 2 2 N
36 9 0 0 N
36 21 1 1 N
33 4 2 2 N
33 36 0 1 N
33 12 1 0 N
4 19 2 2 N
4 31 1 0 N
4 29 0 1 N
19 35 2 2 N
19 9 0 1 N
19 10 1 0 N
35 34 1 2 N
35 30 0 1 N
35 5 2 0 N
34 28 0 0 N
34 2 2 2 N
34 32 1 1 N
28 6 0 1 N
28 10 1 2 N
28 20 2 0 N
6 23 0 0 N
6 24 2 2 N
6 36 1 1 N
23 25 2 2 N
23 25 0 1 N
23 29 1 0 N
25 16 2 2 N
25 28 1 1 N
25 6 0 0 N
16 5 0 0 N
16 12 2 1 N
16 5 1 2 N
5 26 0 2 N
5 36 2 1 N
5 37 1 0 N
26 14 0 1 N
26 38 2 2 N
26 31 1 0 N
14 24 2 0 N
14 5 0 2 N
14 28 1 1 N
24 8 1 0 N
24 21 0 2 N
24 32 2 1 N
8 13 2 0 N
8 11 1 1 N
8 24 0 2 N
13 7 0 0 N
13 26 1 1 N
13 37 2 2 N
7 18 2 2 N
7 9 0 1 N
7 21 1 0 N
18 3 0 1 N
18 32 2 0 N
18 29 1 2 N
3 12 0 2 N
3 13 1 1 N
3 32 2 0 N
12 2 0 1 N
12 27 2 0 N
12 21 1 2 N
2 30 2 2 N
2 3 0 1 N
2 18 1 0 N
30 20 1 1 N
30 36 2 0 N
30 36 0 2 N
20 0 2 0 N
20 37 1 2 N
20 21 0 1 N
0 27 0 2 N
0 17 2 1 N
0 7 1 0 N
27 15 2 1 N
27 29 1 2 N
27 36 0 0 N
15 22 0 1 N
15 31 1 2 N
15 34 2 0 N
22 29 0 2 N
22 25 2 0 N
22 33 1 1 N
29 18 0 2 N
29 7 1 0 N
29 21 2 1 N
