35 26 0 0 S
35 22 2 1 S
35 11 1 2 S
26 15 1 1 N
26 23 2 0 N
26 4 0 2 N
15 6 0 1 N
15 17 1 0 N
15 24 2 2 N
6 12 1 2 N
6 37 2 1 N
6 32 0 0 N
12 33 0 1 N
12 11 2 0 N
12 25 1 2 N
33 24 0 1 N
33 9 1 2 N
33 3 2 0 N
24 30 1 2 N
24 18 2 0 N
24 32 0 1 N
30 13 1 1 N
30 14 0 0 N
30 25 2 2 N
13 34 2 0 N
13 17 0 1 N
13 33 1 2 N
34 28 2 0 N
34 33 0 2 N
34 17 1 1 N
28 19 1 0 N
28 0 0 1 N
28 28 2 2 N
19 9 0 1 N
19 32 1 2 N
19 28 2 0 N
9 4 0 1 N
9 32 2 0 N
9 25 1 2 N
4 37 0 0 N
4 14 1 1 N
4 22 2 2 N
37 29 1 1 N
37 22 0 2 N
37 34 2 0 N
29 1 1 0 N
29 28 2 1 N
29 21 0 2 N
1 25 0 1 N
1 14 1 0 N
1 24 2 2 N
25 36 1 0 N
25 30 0 2 N
25 22 2 1 N
36 27 0 2 N
36 37 2 1 N
36 28 1 0 N
27 14 0 0 N
27 8 1 1 N
27 1 2 2 N
14 20 1 1 N
14 4 0 0 N
14 0 2 2 N
20 23 0 0 N
20 11 1 1 N
20 25 2 2 N
23 7 2 1 N
23 36 0 2 N
23 20 1 0 N
7 8 2 0 N
7 11 1 2 N
7 33 0 1 N
8 5 2 2 N
8 21 1 0 N
8 25 0 1 N
5 21 2 2 N
5 35 1 1 N
5 18 0 0 N
21 32 2 2 N
21 37 0 0 N
21 17 1 1 N
32 11 2 0 N
32 0 0 2 N
32 28 1 1 N
11 16 0 2 N
11 28 2 1 N
11 0 1 0 N
16 2 2 0 N
16 13 1 2 N
16 35 0 1 N
2 3 2 1 N
2 33 0 2 N
2 17 1 0 N
3 18 0 1 N
3 32 1 2 N
3 21 2 0 N
18 17 1 1 N
18 33 2 2 N
18 32 0 0 N
17 31 1 1 N
17 32 0 0 N
17 28 2 2 N
31 22 0 2 N
31 2 2 0 N
31 0 1 1 N
22 10 1 2 N
22 24 0 1 N
22 32 2 0 N
10 38 2 0 N
10 29 1 1 N
10 0 0 2 N
38 0 0 1 N
38 27 1 2 N
38 29 2 0 N
0 28 0 2 N
0 28 1 0 N
0 32 2 1 N
