29 2 2 1 S
29 35 1 2 S
29 15 0 0 S
2 37 1 0 N
2 37 2 1 N
2 33 0 2 N
37 13 0 0 N
37 33 2 1 N
37 15 1 2 N
13 3 2 1 N
13 3 1 0 N
13 33 0 2 N
3 9 1 0 N
3 29 0 1 N
3 15 2 2 N
9 16 2 1 N
9 15 1 2 N
9 14 0 0 N
16 28 0 2 N
16 33 2 0 N
16 19 1 1 N
28 30 0 0 N
28 23 2 1 N
28 15 1 2 N
30 24 1 0 N
30 23 0 2 N
30 15 2 1 N
24 6 0 0 N
24 7 2 1 N
24 37 1 2 N
6 25 0 0 N
6 38 2 2 N
6 22 1 1 N
25 12 0 1 N
25 31 1 0 N
25 10 2 2 N
12 19 0 1 N
12 24 2 2 N
12 31 1 0 N
19 4 1 2 N
19 2 2 0 N
19 32 0 1 N
4 32 1 2 N
4 33 0 0 N
4 33 2 1 N
32 7 0 2 N
32 38 2 0 N
32 3 1 1 N
7 8 2 0 N
7 1 1 1 N
7 32 0 2 N
8 10 0 0 N
8 36 2 2 N
8 29 1 1 N
10 34 2 0 N
10 9 1 2 N
10 31 0 1 N
34 5 2 1 N
34 38 1 0 N
34 38 0 2 N
5 1 0 2 N
5 27 1 0 N
5 15 2 1 N
1 36 2 1 N
1 37 0 2 N
1 37 1 0 N
36 18 1 0 N
36 5 0 1 N
36 13 2 2 N
18 27 1 2 N
18 26 0 1 N
18 30 2 0 N
27 20 2 0 N
27 23 1 1 N
27 38 0 2 N
20 31 1 1 N
20 33 0 0 N
20 28 2 2 N
31 11 2 0 N
31 1 0 1 N
31 6 1 2 N
11 17 2 0 N
11 30 1 2 N
11 24 0 1 N
17 0 2 1 N
17 19 0 2 N
17 13 1 0 N
0 26 2 1 N
0 2 0 0 N
0 37 1 2 N
26 14 0 2 N
26 19 2 0 N
26 3 1 1 N
14 38 1 1 N
14 3 0 2 N
14 1 2 0 N
38 22 2 1 N
38 36 1 0 N
38 30 0 2 N
22 15 0 2 N
22 15 1 1 N
22 1 2 0 N
15 35 0 1 N
15 30 2 2 N
15 15 1 0 N
35 23 0 1 N
35 28 2 2 N
35 32 1 0 N
23 21 0 0 N
23 36 1 1 N
23 8 2 2 N
21 33 1 1 N
21 2 0 0 N
21 32 2 2 N
33 1 2 2 N
33 26 0 1 N
33 15 1 0 N
