0 33 0 1 S
0 33 1 2 S
0 17 2 0 S
33 8 1 2 N
33 25 0 1 N
33 32 2 0 N
8 16 2 0 N
8 17 0 2 N
8 16 1 1 N
16 35 2 0 N
16 14 0 1 N
16 27 1 2 N
35 26 0 1 N
35 16 2 2 N
35 27 1 0 N
26 12 1 0 N
26 9 2 2 N
26 33 0 1 N
12 7 0 1 N
12 10 1 0 N
12 14 2 2 N
7 23 0 0 N
7 8 2 1 N
7 5 1 2 N
23 3 1 2 N
23 34 2 0 N
23 20 0 1 N
3 14 2 2 N
3 25 0 0 N
3 27 1 1 N
14 24 1 2 N
14 2 2 1 N
14 16 0 0 N
24 29 2 1 N
24 6 0 2 N
24 2 1 0 N
29 4 2 1 N
29 31 1 0 N
29 33 0 2 N
4 13 1 2 N
4 25 2 1 N
4 9 0 0 N
13 9 1 2 N
13 14 2 0 N
13 31 0 1 N
9 38 0 1 N
9 11 1 2 N
9 32 2 0 N
38 1 1 2 N
38 35 0 1 N
38 27 2 0 N
1 36 0 0 N
1 31 1 2 N
1 21 2 1 N
36 27 0 0 N
36 25 1 2 N
36 19 2 1 N
27 11 2 0 N
27 6 0 1 N
27 27 1 2 N
11 10 1 2 N
11 16 0 1 N
11 25 2 0 N
10 20 0 2 N
10 4 2 1 N
10 21 1 0 N
20 2 0 0 N
20 21 1 2 N
20 16 2 1 N
2 17 1 0 N
2 17 2 2 N
2 25 0 1 N
17 31 1 1 N
17 21 0 2 N
17 27 2 0 N
31 34 0 0 N
31 35 2 2 N
31 14 1 1 N
34 30 0 1 N
34 31 1 2 N
34 33 2 0 N
30 25 0 2 N
30 38 1 1 N
30 29 2 0 N
25 5 0 1 N
25 27 2 0 N
25 5 1 2 N
5 22 0 0 N
5 27 2 2 N
5 23 1 1 N
22 19 2 1 N
22 21 0 0 N
22 25 1 2 N
19 6 1 2 N
19 10 2 0 N
19 2 0 1 N
6 15 2 0 N
6 27 1 1 N
6 5 0 2 N
15 18 2 0 N
15 25 0 2 N
15 38 1 1 N
18 21 1 0 N
18 23 0 2 N
18 5 2 1 N
21 37 1 2 N
21 11 2 0 N
21 16 0 1 N
37 28 0 1 N
37 14 2 0 N
37 14 1 2 N
28 32 2 2 N
28 14 0 0 N
28 1 1 1 N
32 27 1 1 N
32 17 2 0 N
32 16 0 2 N
