27 38 1 2 S
27 18 2 0 S
27 38 0 1 S
38 26 0 2 N
38 32 1 0 N
38 13 2 1 N
26 22 2 2 N
26 22 0 1 N
26 19 1 0 N
22 37 1 2 N
22 31 0 1 N
22 37 2 0 N
37 6 1 2 N
37 2 2 0 N
37 21 0 1 N
6 24 0 1 N
6 23 2 0 N
6 27 1 2 N
24 36 0 1 N
24 31 2 2 N
24 0 1 0 N
36 18 2 0 N
36 17 0 1 N
36 0 1 2 N
18 2 0 0 N
18 5 1 1 N
18 25 2 2 N
2 1 1 1 N
2 15 2 2 N
2 1 0 0 N
1 29 0 0 N
1 30 2 1 N
1 13 1 2 N
29 21 0 0 N
29 28 1 2 N
29 20 2 1 N
21 3 0 2 N
21 24 1 0 N
21 33 2 1 N
3 19 0 1 N
3 19 2 2 N
3 17 1 0 N
19 20 0 0 N
19 12 2 2 N
19 36 1 1 N
20 31 1 0 N
20 28 2 1 N
20 38 0 2 N
31 12 2 2 N
31 35 0 0 N
31 0 1 1 N
12 0 2 0 N
12 37 0 2 N
12 0 1 1 N
0 7 0 2 N
0 0 1 1 N
0 0 2 0 N
7 8 2 1 N
7 12 0 2 N
7 33 1 0 N
8 14 0 0 N
8 36 1 2 N
8 19 2 1 N
14 34 1 1 N
14 11 2 0 N
14 11 0 2 N
34 13 1 2 N
34 37 0 0 N
34 12 2 1 N
13 9 1 0 N
13 21 2 2 N
13 24 0 1 N
9 4 0 2 N
9 0 1 1 N
9 11 2 0 N
4 25 2 2 N
4 6 0 1 N
4 12 1 0 N
25 32 2 2 N
25 17 0 0 N
25 31 1 1 N
32 28 1 1 N
32 1 2 0 N
32 31 0 2 N
28 35 1 1 N
28 1 0 0 N
28 3 2 2 N
35 11 1 1 N
35 7 0 2 N
35 15 2 0 N
11 33 2 0 N
11 2 0 2 N
11 33 1 1 N
33 5 1 2 N
33 17 2 1 N
33 17 0 0 N
5 10 1 1 N
5 30 0 2 N
5 36 2 0 N
10 30 2 1 N
10 13 1 0 N
10 15 0 2 N
30 17 1 2 N
30 11 2 1 N
30 24 0 0 N
17 23 1 2 N
17 36 2 1 N
17 0 0 0 N
23 16 2 0 N
23 0 0 2 N
23 5 1 1 N
16 15 1 2 N
16 4 2 1 N
16 38 0 0 N
15 17 2 1 N
15 5 1 0 N
15 24 0 2 N
