13 34 0 0 S
13 16 2 1 S
13 32 1 2 S
34 30 2 0 N
34 22 1 1 N
34 16 0 2 N
30 24 0 2 N
30 12 2 1 N
30 13 1 0 N
24 33 1 2 N
24 14 2 0 N
24 20 0 1 N
33 4 1 2 N
33 29 0 1 N
33 32 2 0 N
4 21 1 1 N
4 28 2 2 N
4 31 0 0 N
21 1 2 0 N
21 26 1 1 N
21 10 0 2 N
1 28 2 0 N
1 22 1 2 N
1 15 0 1 N
28 23 1 0 N
28 20 2 2 N
28 18 0 1 N
23 7 2 2 N
23 34 0 1 N
23 9 1 0 N
7 15 1 0 N
7 25 0 1 N
7 14 2 2 N
15 22 1 0 N
15 3 0 2 N
15 16 2 1 N
22 37 2 0 N
22 16 1 2 N
22 20 0 1 N
37 12 0 2 N
37 2 1 1 N
37 31 2 0 N
12 8 0 2 N
12 9 2 0 N
12 31 1 1 N
8 38 2 2 N
8 4 1 0 N
8 7 0 1 N
38 18 2 0 N
38 26 0 1 N
38 14 1 2 N
18 25 0 2 N
18 12 1 0 N
18 7 2 1 N
25 2 0 0 N
25 28 2 2 N
25 14 1 1 N
2 14 1 1 N
2 31 0 0 N
2 28 2 2 N
14 27 1 1 N
14 20 2 0 N
14 14 0 2 N
27 36 0 0 N
27 10 1 2 N
27 6 2 1 N
36 29 0 1 N
36 25 2 0 N
36 25 1 2 N
29 17 2 0 N
29 23 0 1 N
29 12 1 2 N
17 26 2 0 N
17 31 0 2 N
17 25 1 1 N
26 0 0 2 N
26 20 2 0 N
26 24 1 1 N
0 10 1 0 N
0 24 0 2 N
0 25 2 1 N
10 16 1 2 N
10 16 0 0 N
10 17 2 1 N
16 6 0 0 N
16 13 2 1 N
16 14 1 2 N
6 35 2 1 N
6 16 0 0 N
6 15 1 2 N
35 11 0 2 N
35 17 1 0 N
35 1 2 1 N
11 20 2 2 N
11 0 1 0 N
11 16 0 1 N
20 3 0 1 N
20 14 2 2 N
20 7 1 0 N
3 19 0 0 N
3 14 1 2 N
3 7 2 1 N
19 31 1 0 N
19 1 0 2 N
19 25 2 1 N
31 9 1 1 N
31 28 0 0 N
31 16 2 2 N
9 5 1 2 N
9 36 2 0 N
9 16 0 1 N
5 32 0 0 N
5 23 2 2 N
5 3 1 1 N
32 24 0 1 N
32 7 1 2 N
32 24 2 0 N
