34 36 2 0 S
34 27 0 1 S
34 34 1 2 S
36 31 2 1 N
36 30 0 0 N
36 5 1 2 N
31 4 0 1 N
31 15 1 2 N
31 35 2 0 N
4 22 0 0 N
4 33 1 1 N
4 25 2 2 N
22 28 1 1 N
22 13 2 2 N
22 9 0 0 N
28 5 2 0 N
28 17 0 2 N
28 16 1 1 N
5 11 0 2 N
5 0 2 1 N
5 33 1 0 N
11 30 1 2 N
11 20 0 0 N
11 29 2 1 N
30 33 1 1 N
30 37 2 0 N
30 36 0 2 N
33 18 1 0 N
33 14 0 2 N
33 34 2 1 N
18 19 0 1 N
18 26 2 2 N
18 27 1 0 N
19 13 0 1 N
19 24 1 2 N
19 30 2 0 N
13 23 1 2 N
13 18 0 1 N
13 15 2 0 N
23 3 0 0 N
23 37 2 2 N
23 11 1 1 N
3 14 2 0 N
3 7 1 1 N
3 27 0 2 N
14 16 2 2 N
14 18 0 0 N
14 34 1 1 N
16 17 1 2 N
16 6 0 0 N
16 4 2 1 N
17 35 2 1 N
17 12 1 2 N
17 30 0 0 N
35 15 1 1 N
35 14 0 0 N
35 5 2 2 N
15 38 0 2 N
15 25 1 1 N
15 16 2 0 N
38 24 1 1 N
38 1 0 2 N
38 30 2 0 N
24 9 0 2 N
24 16 2 1 N
24 35 1 0 N
9 6 2 2 N
9 14 1 0 N
9 34 0 1 N
6 7 2 0 N
6 10 1 2 N
6 21 0 1 N
7 0 0 0 N
7 21 1 1 N
7 18 2 2 N
0 10 2 2 N
0 27 0 0 N
0 9 1 1 N
10 32 2 2 N
10 9 1 1 N
10 21 0 0 N
32 12 2 2 N
32 26 1 1 N
32 15 0 0 N
12 26 0 1 N
12 7 1 2 N
12 27 2 0 N
26 20 1 2 N
26 10 2 0 N
26 9 0 1 N
20 27 2 1 N
20 4 0 2 N
20 22 1 0 N
27 1 2 0 N
27 24 0 1 N
27 4 1 2 N
1 21 0 2 N
1 17 1 0 N
1 37 2 1 N
21 37 1 1 N
21 35 0 2 N
21 34 2 0 N
37 29 1 1 N
37 31 0 0 N
37 16 2 2 N
29 25 0 1 N
29 8 2 2 N
29 18 1 0 N
25 8 2 1 N
25 5 0 0 N
25 34 1 2 N
8 2 2 2 N
8 4 0 1 N
8 5 1 0 N
2 17 0 1 N
2 22 1 2 N
2 8 2 0 N
