5 19 0 0 S
5 22 2 1 S
5 7 1 2 S
19 24 1 1 N
19 13 2 2 N
19 33 0 0 N
24 34 2 0 N
24 7 1 2 N
24 31 0 1 N
34 9 0 1 N
34 3 1 0 N
34 26 2 2 N
9 8 0 0 N
9 1 2 2 N
9 18 1 1 N
8 1 1 1 N
8 27 0 2 N
8 37 2 0 N
1 35 2 2 N
1 1 0 0 N
1 1 1 1 N
35 37 1 1 N
35 32 0 0 N
35 31 2 2 N
37 36 2 1 N
37 32 1 2 N
37 29 0 0 N
36 31 2 1 N
36 17 0 0 N
36 34 1 2 N
31 6 2 1 N
31 29 1 0 N
31 7 0 2 N
6 28 0 2 N
6 21 2 0 N
6 1 1 1 N
28 14 0 1 N
28 1 2 0 N
28 12 1 2 N
14 17 2 1 N
14 38 0 2 N
14 33 1 0 N
17 32 2 1 N
17 25 0 2 N
17 1 1 0 N
32 22 2 2 N
32 1 0 1 N
32 1 1 0 N
22 21 2 2 N
22 20 1 0 N
22 4 0 1 N
21 23 0 1 N
21 14 1 0 N
21 37 2 2 N
23 7 0 0 N
23 25 1 2 N
23 33 2 1 N
7 33 2 0 N
7 25 1 2 N
7 1 0 1 N
33 0 1 1 N
33 24 2 0 N
33 5 0 2 N
0 29 2 1 N
0 33 1 2 N
0 6 0 0 N
29 2 0 0 N
29 31 1 2 N
29 1 2 1 N
2 10 2 1 N
2 6 0 2 N
2 14 1 0 N
10 30 2 0 N
10 25 1 1 N
10 19 0 2 N
30 27 1 0 N
30 17 2 2 N
30 31 0 1 N
27 38 0 1 N
27 3 1 2 N
27 33 2 0 N
38 16 0 2 N
38 18 2 1 N
38 3 1 0 N
16 3 1 2 N
16 35 0 1 N
16 24 2 0 N
3 25 2 0 N
3 33 1 2 N
3 7 0 1 N
25 15 0 0 N
25 26 2 1 N
25 37 1 2 N
15 4 2 0 N
15 21 1 2 N
15 26 0 1 N
4 13 2 0 N
4 23 0 2 N
4 2 1 1 N
13 18 1 0 N
13 29 2 1 N
13 21 0 2 N
18 20 1 2 N
18 15 2 0 N
18 5 0 1 N
20 11 0 1 N
20 4 2 0 N
20 32 1 2 N
11 12 0 1 N
11 37 1 2 N
11 32 2 0 N
12 26 0 2 N
12 33 2 1 N
12 18 1 0 N
26 1 0 1 N
26 1 2 0 N
26 32 1 2 N
