9 26 2 2 S
9 28 0 1 S
9 29 1 0 S
26 5 1 1 N
26 6 2 0 N
26 1 0 2 N
5 14 2 1 N
5 1 0 2 N
5 29 1 0 N
14 15 1 0 N
14 27 0 1 N
14 23 2 2 N
15 12 2 1 N
15 0 0 0 N
15 13 1 2 N
12 13 0 0 N
12 28 1 2 N
12 0 2 1 N
13 29 0 0 N
13 0 2 1 N
13 14 1 2 N
29 28 0 2 N
29 22 1 0 N
29 14 2 1 N
28 33 0 0 N
28 34 1 1 N
28 5 2 2 N
33 23 1 0 N
33 18 0 2 N
33 11 2 1 N
23 10 1 2 N
23 29 0 0 N
23 0 2 1 N
10 3 2 1 N
10 8 1 0 N
10 27 0 2 N
3 30 1 0 N
3 0 0 2 N
3 33 2 1 N
30 18 2 2 N
30 27 1 1 N
30 36 0 0 N
18 34 1 0 N
18 25 2 2 N
18 30 0 1 N
34 38 1 0 N
34 1 0 1 N
34 25 2 2 N
38 19 1 1 N
38 30 0 0 N
38 18 2 2 N
19 4 2 2 N
19 1 1 0 N
19 29 0 1 N
4 6 1 1 N
4 29 0 2 N
4 28 2 0 N
6 20 2 0 N
6 13 0 1 N
6 32 1 2 N
20 25 2 2 N
20 23 0 1 N
20 0 1 0 N
25 36 1 2 N
25 5 2 1 N
25 35 0 0 N
36 35 1 2 N
36 20 0 0 N
36 35 2 1 N
35 1 2 1 N
35 30 1 2 N
35 0 0 0 N
1 0 0 2 N
1 22 1 1 N
1 13 2 0 N
0 27 1 0 N
0 35 0 1 N
0 0 2 2 N
27 2 2 0 N
27 30 0 2 N
27 36 1 1 N
2 7 0 2 N
2 37 2 0 N
2 27 1 1 N
7 16 1 1 N
7 18 2 0 N
7 10 0 2 N
16 37 1 2 N
16 1 0 1 N
16 21 2 0 N
37 11 1 1 N
37 23 0 0 N
37 26 2 2 N
11 21 2 2 N
11 23 0 1 N
11 18 1 0 N
21 32 0 2 N
21 10 1 1 N
21 0 2 0 N
32 22 2 1 N
32 4 0 2 N
32 14 1 0 N
22 17 0 1 N
22 19 2 0 N
22 27 1 2 N
17 24 0 0 N
17 22 1 1 N
17 35 2 2 N
24 8 0 1 N
24 18 1 0 N
24 36 2 2 N
8 31 2 0 N
8 19 0 1 N
8 6 1 2 N
31 15 0 1 N
31 7 1 2 N
31 9 2 0 N
