23 5 1 0 S
23 0 0 2 S
23 20 2 1 S
5 18 2 2 N
5 3 0 0 N
5 12 1 1 N
18 28 1 0 N
18 1 2 1 N
18 31 0 2 N
28 31 2 0 N
28 30 1 1 N
28 36 0 2 N
31 12 1 1 N
31 18 0 0 N
31 21 2 2 N
12 15 0 0 N
12 2 2 1 N
12 21 1 2 N
15 38 0 1 N
15 37 2 2 N
15 35 1 0 N
38 29 1 2 N
38 3 0 0 N
38 16 2 1 N
29 10 1 0 N
29 16 0 2 N
29 14 2 1 N
10 34 2 2 N
10 19 0 0 N
10 34 1 1 N
34 32 2 2 N
34 6 1 1 N
34 20 0 0 N
32 37 0 1 N
32 27 2 0 N
32 38 1 2 N
37 4 2 2 N
37 9 0 0 N
37 35 1 1 N
4 13 2 0 N
4 2 0 2 N
4 35 1 1 N
13 36 0 2 N
13 36 2 1 N
13 21 1 0 N
36 25 2 0 N
36 18 1 1 N
36 0 0 2 N
25 19 2 1 N
25 29 1 0 N
25 20 0 2 N
19 3 0 2 N
19 1 1 0 N
19 14 2 1 N
3 14 2 0 N
3 34 0 1 N
3 12 1 2 N
14 20 1 1 N
14 22 0 2 N
14 36 2 0 N
20 9 2 0 N
20 1 0 1 N
20 21 1 2 N
9 6 0 0 N
9 32 2 1 N
9 12 1 2 N
6 2 1 2 N
6 25 2 1 N
6 36 0 0 N
2 30 2 2 N
2 35 0 0 N
2 16 1 1 N
30 8 0 0 N
30 4 1 1 N
30 12 2 2 N
8 17 0 1 N
8 9 1 2 N
8 33 2 0 N
17 26 0 1 N
17 36 1 0 N
17 32 2 2 N
26 24 2 2 N
26 23 0 0 N
26 13 1 1 N
24 22 1 2 N
24 13 0 0 N
24 10 2 1 N
22 27 2 0 N
22 11 0 1 N
22 31 1 2 N
27 21 1 1 N
27 12 0 2 N
27 28 2 0 N
21 11 2 2 N
21 25 0 1 N
21 21 1 0 N
11 33 1 1 N
11 34 0 0 N
11 18 2 2 N
33 7 1 2 N
33 1 2 1 N
33 1 0 0 N
7 1 0 1 N
7 18 1 2 N
7 21 2 0 N
1 0 1 1 N
1 34 2 0 N
1 21 0 2 N
0 35 0 2 N
0 22 2 0 N
0 16 1 1 N
35 16 2 2 N
35 25 1 1 N
35 7 0 0 N
16 12 2 1 N
16 18 0 2 N
16 18 1 0 N
