18 26 0 1 S
18 25 2 0 S
18 1 1 2 S
26 8 0 1 N
26 35 2 0 N
26 36 1 2 N
8 20 2 1 N
8 29 0 0 N
8 10 1 2 N
20 30 2 2 N
20 12 0 0 N
20 1 1 1 N
30 15 1 0 N
30 22 0 2 N
30 34 2 1 N
15 4 2 2 N
15 23 0 1 N
15 20 1 0 N
4 16 2 2 N
4 31 0 1 N
4 20 1 0 N
16 19 0 0 N
16 19 1 2 N
16 29 2 1 N
19 11 0 2 N
19 34 1 0 N
19 29 2 1 N
11 21 1 0 N
11 22 0 2 N
11 20 2 1 N
21 14 2 2 N
21 4 0 1 N
21 4 1 0 N
14 2 0 2 N
14 0 1 0 N
14 23 2 1 N
2 13 1 1 N
2 18 2 2 N
2 9 0 0 N
13 31 0 1 N
13 16 2 2 N
13 20 1 0 N
31 36 1 2 N
31 13 0 1 N
31 18 2 0 N
36 17 2 1 N
36 0 1 2 N
36 14 0 0 N
17 0 2 1 N
17 11 1 0 N
17 23 0 2 N
0 12 1 1 N
0 6 0 2 N
0 12 2 0 N
12 29 0 0 N
12 38 2 1 N
12 38 1 2 N
29 32 0 2 N
29 12 2 0 N
29 38 1 1 N
32 35 0 0 N
32 6 1 2 N
32 10 2 1 N
35 25 1 1 N
35 29 2 2 N
35 2 0 0 N
25 37 2 2 N
25 1 0 1 N
25 20 1 0 N
37 33 2 0 N
37 18 0 1 N
37 18 1 2 N
33 34 1 2 N
33 19 2 1 N
33 6 0 0 N
34 22 1 1 N
34 22 0 0 N
34 29 2 2 N
22 24 0 2 N
22 34 2 1 N
22 12 1 0 N
24 1 2 1 N
24 5 0 2 N
24 19 1 0 N
1 10 1 1 N
1 10 2 0 N
1 6 0 2 N
10 23 1 2 N
10 13 0 1 N
10 29 2 0 N
23 5 0 2 N
23 12 1 1 N
23 18 2 0 N
5 38 1 0 N
5 16 2 1 N
5 18 0 2 N
38 27 2 2 N
38 37 0 1 N
38 6 1 0 N
27 28 2 2 N
27 18 1 1 N
27 38 0 0 N
28 3 0 0 N
28 18 1 1 N
28 23 2 2 N
3 7 1 0 N
3 23 2 2 N
3 38 0 1 N
7 6 1 2 N
7 29 0 0 N
7 23 2 1 N
6 9 2 2 N
6 19 1 0 N
6 6 0 1 N
9 25 0 0 N
9 12 1 1 N
9 23 2 2 N
