34 33 1 2 S
34 36 2 1 S
34 8 0 0 S
33 6 1 2 N
33 14 0 1 N
33 7 2 0 N
6 19 1 2 N
6 4 2 1 N
6 1 0 0 N
19 24 0 1 N
19 28 1 0 N
19 25 2 2 N
24 38 0 0 N
24 12 1 2 N
24 16 2 1 N
38 14 0 2 N
38 37 2 0 N
38 21 1 1 N
14 17 2 2 N
14 38 1 1 N
14 32 0 0 N
17 18 2 0 N
17 27 1 1 N
17 28 0 2 N
18 29 1 1 N
18 25 0 0 N
18 1 2 2 N
29 28 2 2 N
29 25 1 1 N
29 25 0 0 N
28 23 1 0 N
28 30 2 2 N
28 25 0 1 N
23 8 1 1 N
23 2 0 2 N
23 29 2 0 N
8 11 1 0 N
8 28 0 1 N
8 21 2 2 N
11 1 2 0 N
11 32 0 2 N
11 24 1 1 N
1 7 1 0 N
1 17 2 1 N
1 30 0 2 N
7 5 2 1 N
7 37 1 0 N
7 30 0 2 N
5 35 2 1 N
5 28 0 0 N
5 25 1 2 N
35 16 0 0 N
35 28 2 2 N
35 18 1 1 N
16 36 1 2 N
16 24 2 1 N
16 12 0 0 N
36 2 2 2 N
36 4 1 1 N
36 29 0 0 N
2 4 2 1 N
2 11 0 0 N
2 8 1 2 N
4 30 1 2 N
4 36 0 0 N
4 27 2 1 N
30 10 0 1 N
30 33 1 0 N
30 28 2 2 N
10 3 0 2 N
10 1 2 1 N
10 29 1 0 N
3 0 2 1 N
3 18 1 2 N
3 10 0 0 N
0 12 1 0 N
0 14 0 1 N
0 18 2 2 N
12 26 2 1 N
12 29 0 0 N
12 18 1 2 N
26 21 0 1 N
26 38 2 2 N
26 35 1 0 N
21 32 2 2 N
21 29 0 1 N
21 1 1 0 N
32 27 2 2 N
32 3 0 0 N
32 11 1 1 N
27 20 0 2 N
27 24 1 1 N
27 16 2 0 N
20 22 2 1 N
20 37 1 2 N
20 16 0 0 N
22 31 1 2 N
22 28 2 1 N
22 20 0 0 N
31 15 0 0 N
31 1 1 1 N
31 35 2 2 N
15 9 0 0 N
15 26 2 2 N
15 10 1 1 N
9 13 1 0 N
9 10 2 2 N
9 29 0 1 N
13 37 1 0 N
13 35 2 1 N
13 33 0 2 N
37 25 0 1 N
37 7 2 0 N
37 24 1 2 N
25 30 1 2 N
25 29 0 0 N
25 25 2 1 N
