18 6 2 0 S
18 11 1 2 S
18 9 0 1 S
6 35 1 0 N
6 36 0 1 N
6 10 2 2 N
35 24 2 0 N
35 31 1 1 N
35 14 0 2 N
24 26 0 1 N
24 2 1 0 N
24 18 2 2 N
26 20 0 2 N
26 17 2 0 N
26 9 1 1 N
20 12 0 2 N
20 0 2 1 N
20 14 1 0 N
12 23 1 2 N
12 11 0 1 N
12 18 2 0 N
23 13 2 1 N
23 32 1 0 N
23 8 0 2 N
13 11 0 0 N
13 8 2 1 N
13 28 1 2 N
11 0 1 2 N
11 8 0 0 N
11 9 2 1 N
0 27 0 0 N
0 3 1 1 N
0 8 2 2 N
27 22 2 1 N
27 6 0 2 N
27 11 1 0 N
22 21 0 2 N
22 14 1 0 N
22 32 2 1 N
21 9 1 1 N
21 23 0 2 N
21 25 2 0 N
9 28 1 2 N
9 29 2 0 N
9 9 0 1 N
28 33 2 2 N
28 15 1 1 N
28 24 0 0 N
33 1 1 1 N
33 11 0 0 N
33 16 2 2 N
1 5 0 1 N
1 2 1 2 N
1 31 2 0 N
5 29 1 1 N
5 29 0 0 N
5 31 2 2 N
29 15 1 2 N
29 26 2 0 N
29 26 0 1 N
15 37 1 0 N
15 37 0 1 N
15 27 2 2 N
37 36 2 0 N
37 26 1 1 N
37 3 0 2 N
36 34 2 1 N
36 19 1 0 N
36 37 0 2 N
34 30 1 1 N
34 32 2 0 N
34 29 0 2 N
30 38 2 2 N
30 0 1 0 N
30 15 0 1 N
38 16 0 1 N
38 3 1 2 N
38 7 2 0 N
16 2 2 1 N
16 5 0 0 N
16 3 1 2 N
2 4 1 1 N
2 14 2 2 N
2 12 0 0 N
4 19 1 2 N
4 11 2 0 N
4 1 0 1 N
19 10 1 0 N
19 35 0 2 N
19 9 2 1 N
10 3 1 2 N
10 16 0 0 N
10 9 2 1 N
3 31 1 1 N
3 32 2 2 N
3 18 0 0 N
31 14 2 1 N
31 24 0 0 N
31 24 1 2 N
14 17 2 0 N
14 20 1 2 N
14 11 0 1 N
17 32 2 0 N
17 15 1 1 N
17 14 0 2 N
32 8 0 0 N
32 30 1 2 N
32 26 2 1 N
8 7 1 2 N
8 32 0 1 N
8 26 2 0 N
7 25 2 0 N
7 14 0 1 N
7 10 1 2 N
25 5 1 2 N
25 30 2 1 N
25 15 0 0 N
