5 28 1 0 S
5 33 2 1 S
5 33 0 2 S
28 16 1 0 N
28 38 2 2 N
28 18 0 1 N
16 0 2 1 N
16 6 0 0 N
16 10 1 2 N
0 24 2 1 N
0 10 0 2 N
0 12 1 0 N
24 36 2 2 N
24 15 1 1 N
24 23 0 0 N
36 32 2 2 N
36 2 1 0 N
36 7 0 1 N
32 34 0 0 N
32 21 1 1 N
32 3 2 2 N
34 11 1 2 N
34 21 0 1 N
34 25 2 0 N
11 23 2 1 N
11 7 1 0 N
11 28 0 2 N
23 8 2 2 N
23 37 0 1 N
23 18 1 0 N
8 14 2 0 N
8 0 1 2 N
8 5 0 1 N
14 33 1 2 N
14 31 0 0 N
14 11 2 1 N
33 30 0 1 N
33 38 1 0 N
33 6 2 2 N
30 1 1 1 N
30 0 0 0 N
30 25 2 2 N
1 25 2 1 N
1 9 0 2 N
1 32 1 0 N
25 20 1 2 N
25 18 2 1 N
25 27 0 0 N
20 26 0 2 N
20 2 1 1 N
20 3 2 0 N
26 15 0 0 N
26 22 2 1 N
26 20 1 2 N
15 19 0 0 N
15 12 2 2 N
15 19 1 1 N
19 2 2 2 N
19 12 0 0 N
19 19 1 1 N
2 18 0 0 N
2 14 2 2 N
2 15 1 1 N
18 37 0 2 N
18 27 1 0 N
18 25 2 1 N
37 10 1 1 N
37 25 2 0 N
37 27 0 2 N
10 21 2 1 N
10 0 0 0 N
10 19 1 2 N
21 35 1 2 N
21 28 2 1 N
21 2 0 0 N
35 13 0 0 N
35 25 2 2 N
35 10 1 1 N
13 38 1 2 N
13 11 0 1 N
13 0 2 0 N
38 29 0 1 N
38 7 2 0 N
38 19 1 2 N
29 7 1 2 N
29 33 2 0 N
29 17 0 1 N
7 12 1 2 N
7 6 2 1 N
7 19 0 0 N
12 9 1 2 N
12 0 0 1 N
12 19 2 0 N
9 31 1 0 N
9 24 2 1 N
9 25 0 2 N
31 6 0 2 N
31 36 1 0 N
31 23 2 1 N
6 3 1 1 N
6 34 0 0 N
6 3 2 2 N
3 17 2 1 N
3 27 1 0 N
3 19 0 2 N
17 27 0 2 N
17 5 2 0 N
17 5 1 1 N
27 4 2 1 N
27 19 1 2 N
27 19 0 0 N
4 22 1 0 N
4 19 2 2 N
4 16 0 1 N
22 18 2 1 N
22 8 0 0 N
22 11 1 2 N
