20 30 0 0 S
20 26 2 2 S
20 19 1 1 S
30 31 2 0 N
30 22 1 2 N
30 9 0 1 N
31 6 2 1 N
31 10 0 0 N
31 9 1 2 N
6 7 2 1 N
6 14 1 2 N
6 26 0 0 N
7 17 0 0 N
7 32 1 2 N
7 14 2 1 N
17 25 1 1 N
17 26 2 2 N
17 14 0 0 N
25 21 0 1 N
25 21 1 2 N
25 32 2 0 N
21 23 2 2 N
21 35 0 1 N
21 17 1 0 N
23 36 1 1 N
23 28 0 0 N
23 6 2 2 N
36 33 2 2 N
36 34 1 0 N
36 30 0 1 N
33 27 2 0 N
33 38 1 1 N
33 14 0 2 N
27 29 2 0 N
27 21 0 1 N
27 18 1 2 N
29 18 1 2 N
29 3 2 1 N
29 6 0 0 N
18 14 0 2 N
18 26 2 1 N
18 26 1 0 N
14 15 1 2 N
14 7 2 0 N
14 6 0 1 N
15 3 2 0 N
15 33 0 1 N
15 33 1 2 N
3 8 1 0 N
3 7 0 1 N
3 27 2 2 N
8 0 2 2 N
8 26 1 1 N
8 1 0 0 N
0 12 2 0 N
0 38 0 2 N
0 26 1 1 N
12 13 2 0 N
12 30 1 2 N
12 32 0 1 N
13 4 0 2 N
13 18 1 1 N
13 21 2 0 N
4 26 0 0 N
4 21 1 1 N
4 13 2 2 N
26 22 1 2 N
26 35 0 1 N
26 26 2 0 N
22 32 1 0 N
22 15 0 2 N
22 29 2 1 N
32 37 1 0 N
32 14 2 2 N
32 6 0 1 N
37 28 2 2 N
37 32 0 0 N
37 26 1 1 N
28 19 0 1 N
28 29 2 0 N
28 6 1 2 N
19 35 2 2 N
19 22 1 1 N
19 38 0 0 N
35 10 2 1 N
35 7 0 2 N
35 23 1 0 N
10 2 0 2 N
10 9 1 0 N
10 23 2 1 N
2 11 0 2 N
2 31 2 1 N
2 30 1 0 N
11 16 0 2 N
11 29 1 0 N
11 21 2 1 N
16 24 2 2 N
16 18 0 0 N
16 38 1 1 N
24 38 2 1 N
24 14 1 2 N
24 1 0 0 N
38 1 2 2 N
38 33 0 1 N
38 23 1 0 N
1 5 2 1 N
1 30 0 0 N
1 6 1 2 N
5 34 1 0 N
5 37 2 1 N
5 8 0 2 N
34 9 0 0 N
34 21 1 1 N
34 10 2 2 N
9 4 1 1 N
9 14 0 2 N
9 7 2 0 N
