7 5 1 0 S
7 19 2 2 S
7 5 0 1 S
5 18 0 0 N
5 19 1 2 N
5 16 2 1 N
18 13 1 1 N
18 16 0 2 N
18 21 2 0 N
13 10 2 2 N
13 4 0 0 N
13 19 1 1 N
10 8 2 2 N
10 5 0 0 N
10 22 1 1 N
8 17 1 1 N
8 6 2 0 N
8 16 0 2 N
17 20 1 2 N
17 7 2 1 N
17 2 0 0 N
20 0 2 2 N
20 8 1 1 N
20 10 0 0 N
0 22 2 0 N
0 11 1 2 N
0 13 0 1 N
22 9 0 2 N
22 5 2 1 N
22 22 1 0 N
9 12 2 2 N
9 21 0 0 N
9 11 1 1 N
12 21 2 0 N
12 13 1 1 N
12 21 0 2 N
21 3 1 0 N
21 0 2 1 N
21 19 0 2 N
3 14 0 0 N
3 11 2 1 N
3 5 1 2 N
14 19 0 0 N
14 12 2 2 N
14 6 1 1 N
19 15 1 2 N
19 18 2 1 N
19 22 0 0 N
15 11 2 2 N
15 19 0 0 N
15 12 1 1 N
11 2 2 2 N
11 4 1 0 N
11 19 0 1 N
2 4 1 1 N
2 16 2 2 N
2 19 0 0 N
4 16 1 0 N
4 11 0 1 N
4 16 2 2 N
16 1 2 2 N
16 0 1 0 N
16 18 0 1 N
1 6 2 2 N
1 13 0 0 N
1 13 1 1 N
6 1 0 2 N
6 0 1 1 N
6 18 2 0 N
