19 14 1 0 S
19 8 0 1 S
19 3 2 2 S
14 15 2 2 N
14 19 1 1 N
14 12 0 0 N
15 18 1 0 N
15 4 2 2 N
15 13 0 1 N
18 17 0 0 N
18 15 2 1 N
18 6 1 2 N
17 11 1 2 N
17 22 2 0 N
17 15 0 1 N
11 4 2 2 N
11 13 0 0 N
11 6 1 1 N
4 10 2 0 N
4 5 0 1 N
4 21 1 2 N
10 6 2 2 N
10 6 1 1 N
10 15 0 0 N
6 21 2 0 N
6 20 0 1 N
6 22 1 2 N
21 2 2 1 N
21 6 0 2 N
21 22 1 0 N
2 3 2 0 N
2 18 1 2 N
2 11 0 1 N
3 0 1 1 N
3 10 2 2 N
3 1 0 0 N
0 12 2 1 N
0 11 1 2 N
0 7 0 0 N
12 7 1 0 N
12 6 2 1 N
12 22 0 2 N
7 22 0 1 N
7 20 1 2 N
7 20 2 0 N
22 20 2 2 N
22 22 1 1 N
22 22 0 0 N
20 8 1 1 N
20 21 0 0 N
20 1 2 2 N
8 9 1 0 N
8 16 2 1 N
8 3 0 2 N
9 13 1 1 N
9 5 2 0 N
9 1 0 2 N
13 5 2 2 N
13 17 1 0 N
13 1 0 1 N
5 16 1 0 N
5 17 0 2 N
5 12 2 1 N
16 1 0 1 N
16 10 2 0 N
16 20 1 2 N
1 3 0 2 N
1 6 1 1 N
1 11 2 0 N
