14 11 2 2 S
14 9 1 0 S
14 11 0 1 S
11 6 0 2 N
11 8 2 0 N
11 12 1 1 N
6 20 1 1 N
6 5 0 0 N
6 11 2 2 N
20 18 1 1 N
20 10 2 2 N
20 5 0 0 N
18 0 1 0 N
18 18 0 2 N
18 18 2 1 N
0 13 2 2 N
0 17 1 0 N
0 18 0 1 N
13 21 2 1 N
13 15 1 0 N
13 11 0 2 N
21 16 1 1 N
21 5 0 0 N
21 5 2 2 N
16 7 0 1 N
16 18 1 2 N
16 14 2 0 N
7 8 0 2 N
7 12 2 1 N
7 9 1 0 N
8 12 1 1 N
8 15 0 0 N
8 18 2 2 N
12 5 2 1 N
12 11 1 2 N
12 18 0 0 N
5 10 1 1 N
5 9 2 0 N
5 3 0 2 N
10 4 1 1 N
10 1 2 2 N
10 16 0 0 N
4 22 2 1 N
4 18 1 0 N
4 9 0 2 N
22 1 0 0 N
22 2 1 1 N
22 2 2 2 N
1 2 1 1 N
1 4 0 2 N
1 5 2 0 N
2 15 1 0 N
2 17 2 2 N
2 8 0 1 N
15 3 2 1 N
15 14 1 2 N
15 11 0 0 N
3 19 0 2 N
3 11 1 1 N
3 18 2 0 N
19 9 0 2 N
19 17 2 0 N
19 16 1 1 N
9 17 2 1 N
9 17 1 2 N
9 3 0 0 N
17 18 1 2 N
17 14 2 0 N
17 12 0 1 N
