1 12 0 2 S
1 13 1 0 S
1 20 2 1 S
12 21 1 0 N
12 3 2 1 N
12 17 0 2 N
21 17 0 0 N
21 0 2 2 N
21 8 1 1 N
17 16 2 0 N
17 3 0 1 N
17 20 1 2 N
16 10 1 0 N
16 17 2 2 N
16 20 0 1 N
10 14 2 1 N
10 20 0 2 N
10 2 1 0 N
14 18 1 0 N
14 21 2 2 N
14 5 0 1 N
18 22 1 0 N
18 17 0 1 N
18 3 2 2 N
22 8 2 2 N
22 19 0 0 N
22 5 1 1 N
8 5 2 2 N
8 15 0 0 N
8 5 1 1 N
5 4 2 0 N
5 12 0 1 N
5 5 1 2 N
4 7 0 1 N
4 13 2 2 N
4 3 1 0 N
7 3 0 2 N
7 0 1 1 N
7 0 2 0 N
3 9 1 1 N
3 6 2 0 N
3 19 0 2 N
9 11 2 2 N
9 18 0 0 N
9 18 1 1 N
11 2 2 0 N
11 17 1 2 N
11 5 0 1 N
2 20 2 2 N
2 6 0 1 N
2 7 1 0 N
20 13 0 2 N
20 4 2 0 N
20 5 1 1 N
13 0 2 1 N
13 20 0 2 N
13 8 1 0 N
0 19 0 0 N
0 4 2 2 N
0 8 1 1 N
19 15 2 1 N
19 17 0 2 N
19 15 1 0 N
15 6 0 0 N
15 12 2 2 N
15 17 1 1 N
6 7 2 2 N
6 12 0 0 N
6 3 1 1 N
