4 21 0 1 S
4 9 2 0 S
4 2 1 2 S
21 11 0 1 N
21 0 2 2 N
21 6 1 0 N
11 1 2 0 N
11 2 0 1 N
11 8 1 2 N
1 17 0 0 N
1 7 1 2 N
1 8 2 1 N
17 12 2 1 N
17 14 1 0 N
17 5 0 2 N
12 13 1 0 N
12 22 2 2 N
12 7 0 1 N
13 19 0 2 N
13 6 1 0 N
13 21 2 1 N
19 14 1 2 N
19 1 2 0 N
19 6 0 1 N
14 3 2 2 N
14 22 0 1 N
14 5 1 0 N
3 8 0 2 N
3 20 2 0 N
3 1 1 1 N
8 5 0 2 N
8 22 2 0 N
8 10 1 1 N
5 9 2 0 N
5 4 1 2 N
5 11 0 1 N
9 16 0 1 N
9 13 1 0 N
9 21 2 2 N
16 15 0 0 N
16 5 1 1 N
16 7 2 2 N
15 20 0 2 N
15 9 1 1 N
15 12 2 0 N
20 0 2 1 N
20 9 0 2 N
20 6 1 0 N
0 10 1 1 N
0 16 2 0 N
0 10 0 2 N
10 7 0 0 N
10 9 1 1 N
10 9 2 2 N
7 22 1 2 N
7 22 0 1 N
7 6 2 0 N
22 18 2 2 N
22 1 1 1 N
22 0 0 0 N
18 2 2 1 N
18 17 0 2 N
18 15 1 0 N
2 6 2 2 N
2 9 1 0 N
2 21 0 1 N
6 13 0 2 N
6 6 1 1 N
6 6 2 0 N
