14 21 1 1 S
14 6 2 0 S
14 9 0 2 S
21 20 0 2 N
21 12 2 1 N
21 15 1 0 N
20 10 0 0 N
20 6 2 1 N
20 11 1 2 N
10 6 0 2 N
10 21 1 0 N
10 21 2 1 N
6 3 0 2 N
6 15 2 1 N
6 0 1 0 N
3 4 0 1 N
3 16 2 0 N
3 18 1 2 N
4 19 1 2 N
4 11 0 1 N
4 1 2 0 N
19 7 1 0 N
19 11 0 1 N
19 8 2 2 N
7 17 0 1 N
7 22 2 0 N
7 9 1 2 N
17 9 1 1 N
17 14 2 2 N
17 18 0 0 N
9 1 0 2 N
9 6 2 0 N
9 6 1 1 N
1 22 2 1 N
1 13 0 0 N
1 2 1 2 N
22 11 1 1 N
22 17 0 0 N
22 16 2 2 N
11 18 0 0 N
11 15 1 1 N
11 6 2 2 N
18 2 1 2 N
18 17 0 0 N
18 22 2 1 N
2 5 0 0 N
2 22 2 2 N
2 15 1 1 N
5 13 0 2 N
5 0 2 1 N
5 8 1 0 N
13 15 1 0 N
13 0 2 2 N
13 12 0 1 N
15 0 2 1 N
15 22 1 2 N
15 22 0 0 N
0 12 0 0 N
0 15 1 2 N
0 8 2 1 N
12 8 1 0 N
12 10 0 2 N
12 0 2 1 N
8 16 1 0 N
8 21 0 2 N
8 8 2 1 N
16 4 0 2 N
16 5 2 1 N
16 5 1 0 N
