12 8 0 0 S
12 11 1 1 S
12 2 2 2 S
8 21 2 0 N
8 4 0 1 N
8 3 1 2 N
21 20 1 2 N
21 1 2 1 N
21 15 0 0 N
20 5 1 1 N
20 14 0 0 N
20 15 2 2 N
5 2 2 1 N
5 0 1 2 N
5 2 0 0 N
2 11 0 1 N
2 20 2 0 N
2 21 1 2 N
11 3 0 1 N
11 19 2 2 N
11 19 1 0 N
3 13 0 0 N
3 16 2 1 N
3 21 1 2 N
13 1 0 2 N
13 7 1 0 N
13 15 2 1 N
1 19 1 2 N
1 6 0 0 N
1 6 2 1 N
19 6 2 1 N
19 21 1 0 N
19 1 0 2 N
6 4 2 0 N
6 1 0 2 N
6 15 1 1 N
4 16 2 1 N
4 10 0 0 N
4 22 1 2 N
16 0 0 0 N
16 9 1 1 N
16 6 2 2 N
0 17 0 0 N
0 11 2 2 N
0 21 1 1 N
17 14 2 2 N
17 16 1 0 N
17 6 0 1 N
14 22 2 2 N
14 18 0 0 N
14 18 1 1 N
22 18 1 0 N
22 2 0 2 N
22 10 2 1 N
18 10 2 2 N
18 17 0 0 N
18 1 1 1 N
10 15 1 2 N
10 13 2 1 N
10 14 0 0 N
15 7 2 1 N
15 19 1 2 N
15 15 0 0 N
7 9 2 1 N
7 21 0 2 N
7 19 1 0 N
9 0 0 0 N
9 11 2 2 N
9 22 1 1 N
