16 1 1 0 S
16 11 2 2 S
16 14 0 1 S
1 12 1 0 N
1 9 0 1 N
1 19 2 2 N
12 22 1 2 N
12 21 2 0 N
12 8 0 1 N
22 17 1 1 N
22 15 2 2 N
22 11 0 0 N
17 19 1 0 N
17 14 2 2 N
17 16 0 1 N
19 21 2 1 N
19 12 0 0 N
19 19 1 2 N
21 11 1 1 N
21 19 2 2 N
21 20 0 0 N
11 4 0 0 N
11 13 2 2 N
11 16 1 1 N
4 5 2 1 N
4 19 1 0 N
4 19 0 2 N
5 18 1 2 N
5 3 0 0 N
5 12 2 1 N
18 10 2 1 N
18 15 1 2 N
18 5 0 0 N
10 8 1 0 N
10 2 0 2 N
10 17 2 1 N
8 15 0 2 N
8 10 1 0 N
8 4 2 1 N
15 13 2 1 N
15 4 0 0 N
15 19 1 2 N
13 0 2 1 N
13 8 0 0 N
13 10 1 2 N
0 3 2 1 N
0 15 0 2 N
0 12 1 0 N
3 20 0 1 N
3 6 2 2 N
3 8 1 0 N
20 7 1 2 N
20 9 2 0 N
20 19 0 1 N
7 14 1 1 N
7 11 2 0 N
7 19 0 2 N
14 6 1 0 N
14 19 2 1 N
14 20 0 2 N
6 2 2 2 N
6 15 0 0 N
6 14 1 1 N
2 9 0 2 N
2 20 2 1 N
2 14 1 0 N
9 3 1 1 N
9 21 2 0 N
9 8 0 2 N
