6 8 2 2 S
6 1 1 1 S
6 18 0 0 S
8 10 2 0 N
8 12 1 1 N
8 13 0 2 N
10 19 2 1 N
10 9 0 0 N
10 18 1 2 N
19 4 2 0 N
19 13 1 2 N
19 6 0 1 N
4 13 2 2 N
4 18 1 1 N
4 1 0 0 N
13 2 1 1 N
13 2 2 0 N
13 13 0 2 N
2 22 2 2 N
2 8 0 1 N
2 8 1 0 N
22 20 2 1 N
22 2 1 0 N
22 16 0 2 N
20 18 1 0 N
20 6 0 1 N
20 12 2 2 N
18 16 0 0 N
18 16 2 1 N
18 2 1 2 N
16 3 2 1 N
16 11 1 0 N
16 13 0 2 N
3 17 2 1 N
3 15 1 0 N
3 0 0 2 N
17 0 2 0 N
17 18 0 2 N
17 12 1 1 N
0 9 1 2 N
0 12 0 1 N
0 18 2 0 N
9 21 2 0 N
9 13 1 2 N
9 20 0 1 N
21 14 2 1 N
21 1 1 2 N
21 5 0 0 N
14 12 1 2 N
14 2 0 1 N
14 11 2 0 N
12 15 0 2 N
12 16 1 1 N
12 2 2 0 N
15 11 1 2 N
15 19 0 0 N
15 13 2 1 N
11 5 2 0 N
11 20 1 1 N
11 13 0 2 N
5 1 0 1 N
5 8 1 0 N
5 1 2 2 N
1 7 1 2 N
1 14 0 1 N
1 13 2 0 N
7 19 1 1 N
7 1 2 2 N
7 12 0 0 N
