0 4 0 2 S
0 0 2 1 S
0 0 1 0 S
4 9 0 2 N
4 15 1 1 N
4 21 2 0 N
9 19 2 2 N
9 15 1 0 N
9 12 0 1 N
19 20 0 1 N
19 0 2 2 N
19 10 1 0 N
20 8 0 2 N
20 15 1 0 N
20 14 2 1 N
8 22 0 2 N
8 10 2 1 N
8 0 1 0 N
22 18 1 1 N
22 5 0 0 N
22 1 2 2 N
18 14 1 0 N
18 6 0 1 N
18 20 2 2 N
14 10 0 2 N
14 8 2 0 N
14 10 1 1 N
10 17 2 1 N
10 1 1 2 N
10 0 0 0 N
17 7 2 2 N
17 12 1 0 N
17 22 0 1 N
7 13 2 0 N
7 8 1 1 N
7 3 0 2 N
13 21 0 1 N
13 9 2 0 N
13 20 1 2 N
21 5 2 2 N
21 15 0 1 N
21 12 1 0 N
5 1 1 1 N
5 8 0 0 N
5 0 2 2 N
1 3 2 0 N
1 5 0 1 N
1 0 1 2 N
3 16 0 0 N
3 12 1 2 N
3 0 2 1 N
16 6 0 1 N
16 5 1 2 N
16 12 2 0 N
6 2 0 1 N
6 17 1 0 N
6 0 2 2 N
2 11 1 1 N
2 5 2 0 N
2 0 0 2 N
11 15 0 2 N
11 17 1 0 N
11 17 2 1 N
15 12 0 1 N
15 1 2 2 N
15 8 1 0 N
12 22 0 1 N
12 6 1 0 N
12 0 2 2 N
