16 0 2 1 S
16 19 0 0 S
16 1 1 2 S
0 20 1 1 N
0 7 2 0 N
0 0 0 2 N
20 12 2 2 N
20 0 1 1 N
20 11 0 0 N
12 15 1 0 N
12 9 2 2 N
12 15 0 1 N
15 19 2 0 N
15 14 1 1 N
15 17 0 2 N
19 5 0 1 N
19 14 2 0 N
19 4 1 2 N
5 7 0 2 N
5 7 1 1 N
5 6 2 0 N
7 2 2 1 N
7 1 1 0 N
7 16 0 2 N
2 21 1 1 N
2 10 0 0 N
2 1 2 2 N
21 3 2 1 N
21 2 1 0 N
21 1 0 2 N
3 6 2 0 N
3 6 0 2 N
3 8 1 1 N
6 8 2 0 N
6 18 0 2 N
6 10 1 1 N
8 9 1 1 N
8 7 2 0 N
8 17 0 2 N
9 17 0 2 N
9 1 2 0 N
9 0 1 1 N
17 18 1 0 N
17 13 2 1 N
17 6 0 2 N
18 13 0 1 N
18 1 2 0 N
18 10 1 2 N
13 10 2 0 N
13 21 1 1 N
13 1 0 2 N
10 22 0 1 N
10 7 2 0 N
10 1 1 2 N
22 4 0 0 N
22 21 2 2 N
22 6 1 1 N
4 11 0 1 N
4 12 2 2 N
4 10 1 0 N
11 14 0 0 N
11 13 1 2 N
11 16 2 1 N
14 1 2 1 N
14 3 1 0 N
14 5 0 2 N
1 9 1 2 N
1 0 0 0 N
1 9 2 1 N
