20 7 0 2 S
20 9 2 1 S
20 16 1 0 S
7 6 1 0 N
7 20 2 1 N
7 9 0 2 N
6 22 0 2 N
6 2 1 1 N
6 13 2 0 N
22 11 2 2 N
22 0 0 1 N
22 22 1 0 N
11 14 2 2 N
11 21 1 0 N
11 13 0 1 N
14 18 1 2 N
14 21 0 1 N
14 16 2 0 N
18 10 1 2 N
18 10 0 0 N
18 10 2 1 N
10 2 0 1 N
10 18 1 2 N
10 9 2 0 N
2 19 1 2 N
2 21 0 1 N
2 18 2 0 N
19 13 1 1 N
19 11 2 2 N
19 14 0 0 N
13 1 2 1 N
13 11 1 0 N
13 16 0 2 N
1 5 2 2 N
1 13 0 0 N
1 12 1 1 N
5 0 0 0 N
5 17 1 2 N
5 14 2 1 N
0 8 1 1 N
0 21 0 2 N
0 16 2 0 N
8 21 1 2 N
8 18 0 1 N
8 16 2 0 N
21 4 2 2 N
21 7 0 1 N
21 20 1 0 N
4 16 1 1 N
4 0 2 0 N
4 0 0 2 N
16 17 2 0 N
16 22 0 2 N
16 22 1 1 N
17 15 0 2 N
17 21 1 1 N
17 4 2 0 N
15 9 2 0 N
15 22 0 1 N
15 12 1 2 N
9 3 0 1 N
9 10 1 0 N
9 16 2 2 N
3 12 2 0 N
3 19 0 1 N
3 9 1 2 N
12 11 2 2 N
12 3 1 1 N
12 16 0 0 N
