15 17 2 0 S
15 18 0 2 S
15 18 1 1 S
17 20 0 0 N
17 13 1 1 N
17 15 2 2 N
20 21 1 2 N
20 0 2 0 N
20 16 0 1 N
21 1 0 1 N
21 2 1 2 N
21 11 2 0 N
1 0 2 1 N
1 18 0 0 N
1 2 1 2 N
0 16 2 2 N
0 16 0 0 N
0 0 1 1 N
16 9 2 0 N
16 8 1 2 N
16 0 0 1 N
9 4 0 2 N
9 11 1 0 N
9 11 2 1 N
4 18 0 2 N
4 20 1 1 N
4 8 2 0 N
18 12 1 0 N
18 16 0 1 N
18 11 2 2 N
12 6 1 2 N
12 17 2 0 N
12 18 0 1 N
6 10 0 1 N
6 1 2 0 N
6 8 1 2 N
10 14 1 1 N
10 5 2 0 N
10 18 0 2 N
14 8 2 0 N
14 0 1 2 N
14 5 0 1 N
8 3 0 2 N
8 21 2 0 N
8 11 1 1 N
3 11 1 2 N
3 17 0 0 N
3 21 2 1 N
11 5 1 0 N
11 15 0 2 N
11 0 2 1 N
5 22 1 0 N
5 11 2 1 N
5 0 0 2 N
22 13 1 2 N
22 1 0 0 N
22 16 2 1 N
13 19 0 2 N
13 4 1 0 N
13 2 2 1 N
19 2 1 2 N
19 14 2 1 N
19 6 0 0 N
2 7 2 2 N
2 0 0 0 N
2 8 1 1 N
7 22 0 1 N
7 15 2 0 N
7 16 1 2 N
