11 13 1 0 S
11 6 0 2 S
11 14 2 1 S
13 5 2 1 N
13 2 0 2 N
13 18 1 0 N
5 18 2 0 N
5 4 1 1 N
5 1 0 2 N
18 16 0 0 N
18 14 2 1 N
18 3 1 2 N
16 19 2 0 N
16 15 1 1 N
16 15 0 2 N
19 9 0 0 N
19 8 1 2 N
19 16 2 1 N
9 12 0 0 N
9 0 2 2 N
9 10 1 1 N
12 17 1 1 N
12 3 0 0 N
12 16 2 2 N
17 4 2 1 N
17 11 1 0 N
17 9 0 2 N
4 20 1 1 N
4 2 0 2 N
4 10 2 0 N
20 1 0 1 N
20 15 1 0 N
20 20 2 2 N
1 7 0 0 N
1 10 1 1 N
1 15 2 2 N
7 0 0 1 N
7 14 1 2 N
7 16 2 0 N
0 14 2 0 N
0 6 1 1 N
0 7 0 2 N
14 6 2 0 N
14 16 0 2 N
14 21 1 1 N
6 8 2 0 N
6 11 1 2 N
6 20 0 1 N
8 3 1 1 N
8 20 2 2 N
8 20 0 0 N
3 10 0 1 N
3 13 2 2 N
3 1 1 0 N
10 21 2 2 N
10 16 1 0 N
10 15 0 1 N
21 15 0 1 N
21 1 1 2 N
21 1 2 0 N
15 2 0 0 N
15 7 2 2 N
15 20 1 1 N
2 22 2 0 N
2 22 0 2 N
2 3 1 1 N
22 8 0 0 N
22 20 2 1 N
22 20 1 2 N
