22 12 0 2 S
22 18 2 1 S
22 22 1 0 S
12 21 2 0 N
12 3 1 2 N
12 5 0 1 N
21 18 2 0 N
21 11 1 2 N
21 3 0 1 N
18 1 2 2 N
18 0 0 1 N
18 22 1 0 N
1 0 0 2 N
1 18 1 0 N
1 22 2 1 N
0 16 2 2 N
0 6 0 0 N
0 22 1 1 N
16 10 1 2 N
16 21 0 1 N
16 19 2 0 N
10 7 1 1 N
10 2 0 0 N
10 5 2 2 N
7 5 0 1 N
7 3 2 2 N
7 22 1 0 N
5 9 0 2 N
5 12 2 1 N
5 6 1 0 N
9 8 0 1 N
9 22 1 2 N
9 22 2 0 N
8 20 2 1 N
8 10 1 0 N
8 1 0 2 N
20 2 2 2 N
20 12 1 0 N
20 19 0 1 N
2 14 1 2 N
2 7 2 0 N
2 22 0 1 N
14 6 2 1 N
14 18 0 2 N
14 1 1 0 N
6 19 0 0 N
6 5 1 2 N
6 0 2 1 N
19 17 1 0 N
19 3 2 2 N
19 22 0 1 N
17 3 2 0 N
17 22 0 2 N
17 16 1 1 N
3 13 2 0 N
3 6 0 2 N
3 0 1 1 N
13 4 2 1 N
13 15 1 0 N
13 2 0 2 N
4 11 1 2 N
4 13 2 0 N
4 10 0 1 N
11 15 0 0 N
11 14 1 2 N
11 22 2 1 N
15 12 2 1 N
15 10 1 2 N
15 14 0 0 N
