15 14 2 0 S
15 5 1 2 S
15 1 0 1 S
14 21 1 0 N
14 17 0 1 N
14 1 2 2 N
21 12 0 1 N
21 15 2 0 N
21 15 1 2 N
12 22 0 1 N
12 3 2 2 N
12 1 1 0 N
22 8 0 0 N
22 15 1 1 N
22 15 2 2 N
8 1 1 1 N
8 14 0 0 N
8 11 2 2 N
1 3 0 1 N
1 9 1 2 N
1 9 2 0 N
3 10 2 2 N
3 10 0 0 N
3 9 1 1 N
10 5 2 0 N
10 1 1 1 N
10 6 0 2 N
5 11 2 1 N
5 12 1 2 N
5 1 0 0 N
11 7 2 1 N
11 5 1 2 N
11 18 0 0 N
7 18 1 2 N
7 6 0 0 N
7 9 2 1 N
18 4 1 1 N
18 7 2 0 N
18 2 0 2 N
4 2 2 0 N
4 13 1 1 N
4 15 0 2 N
2 19 0 2 N
2 6 2 0 N
2 7 1 1 N
19 16 2 1 N
19 9 1 0 N
19 16 0 2 N
16 13 2 2 N
16 9 1 1 N
16 9 0 0 N
13 6 1 0 N
13 0 0 2 N
13 7 2 1 N
6 17 1 1 N
6 5 2 2 N
6 12 0 0 N
17 0 2 0 N
17 14 1 2 N
17 9 0 1 N
0 20 2 1 N
0 9 0 0 N
0 1 1 2 N
20 9 1 1 N
20 22 0 0 N
20 1 2 2 N
9 14 2 2 N
9 1 1 1 N
9 9 0 0 N
