15 10 0 0 S
15 3 1 1 S
15 17 2 2 S
10 11 1 2 N
10 12 0 0 N
10 20 2 1 N
11 7 2 0 N
11 5 0 2 N
11 12 1 1 N
7 6 2 0 N
7 2 1 1 N
7 0 0 2 N
6 3 1 1 N
6 1 2 0 N
6 4 0 2 N
3 13 0 0 N
3 2 2 1 N
3 7 1 2 N
13 18 0 1 N
13 5 1 0 N
13 4 2 2 N
18 2 2 0 N
18 12 0 2 N
18 16 1 1 N
2 22 1 0 N
2 18 0 2 N
2 6 2 1 N
22 21 0 1 N
22 8 2 2 N
22 5 1 0 N
21 9 0 1 N
21 6 1 2 N
21 13 2 0 N
9 17 2 2 N
9 20 1 1 N
9 5 0 0 N
17 5 0 0 N
17 21 2 2 N
17 12 1 1 N
5 1 2 2 N
5 20 0 0 N
5 12 1 1 N
1 8 2 0 N
1 0 1 1 N
1 0 0 2 N
8 4 2 1 N
8 5 0 0 N
8 7 1 2 N
4 19 2 1 N
4 18 1 2 N
4 12 0 0 N
19 14 2 0 N
19 2 1 1 N
19 0 0 2 N
14 20 1 1 N
14 19 2 2 N
14 17 0 0 N
20 16 1 2 N
20 11 2 1 N
20 2 0 0 N
16 0 0 0 N
16 0 2 2 N
16 3 1 1 N
0 12 0 1 N
0 4 2 0 N
0 12 1 2 N
12 0 1 1 N
12 12 0 2 N
12 12 2 0 N
