20 18 1 0 S
20 15 0 1 S
20 10 2 2 S
18 5 1 0 N
18 8 0 1 N
18 15 2 2 N
5 6 0 1 N
5 3 1 0 N
5 0 2 2 N
6 21 2 2 N
6 3 0 0 N
6 10 1 1 N
21 10 2 0 N
21 10 1 2 N
21 22 0 1 N
10 17 2 0 N
10 11 0 1 N
10 0 1 2 N
17 11 0 0 N
17 13 1 1 N
17 11 2 2 N
11 7 1 2 N
11 0 2 1 N
11 10 0 0 N
7 19 0 1 N
7 5 1 0 N
7 15 2 2 N
19 9 2 2 N
19 15 1 0 N
19 13 0 1 N
9 22 1 1 N
9 19 2 0 N
9 22 0 2 N
22 2 2 0 N
22 16 1 2 N
22 10 0 1 N
2 4 1 2 N
2 5 0 0 N
2 8 2 1 N
4 14 0 2 N
4 0 1 1 N
4 0 2 0 N
14 16 1 2 N
14 20 0 1 N
14 0 2 0 N
16 0 2 1 N
16 4 1 0 N
16 4 0 2 N
0 15 0 2 N
0 11 1 0 N
0 0 2 1 N
15 12 1 2 N
15 19 2 1 N
15 14 0 0 N
12 13 1 1 N
12 21 0 0 N
12 21 2 2 N
13 8 2 0 N
13 14 0 2 N
13 15 1 1 N
8 1 2 2 N
8 7 0 0 N
8 4 1 1 N
1 3 0 2 N
1 7 2 1 N
1 8 1 0 N
3 1 2 1 N
3 20 1 2 N
3 11 0 0 N
