13 18 0 2 S
13 4 1 1 S
13 20 2 0 S
18 7 1 1 N
18 6 0 0 N
18 1 2 2 N
7 14 1 1 N
7 3 2 2 N
7 9 0 0 N
14 6 2 2 N
14 13 1 0 N
14 20 0 1 N
6 12 2 1 N
6 8 1 0 N
6 20 0 2 N
12 5 0 1 N
12 9 2 2 N
12 14 1 0 N
5 19 2 0 N
5 18 1 1 N
5 22 0 2 N
19 11 1 2 N
19 11 0 0 N
19 22 2 1 N
11 1 2 0 N
11 5 0 1 N
11 22 1 2 N
1 17 1 1 N
1 20 0 0 N
1 1 2 2 N
17 3 1 0 N
17 18 0 1 N
17 20 2 2 N
3 10 2 1 N
3 2 0 2 N
3 17 1 0 N
10 22 2 0 N
10 1 1 2 N
10 9 0 1 N
22 4 0 0 N
22 11 1 2 N
22 20 2 1 N
4 0 1 2 N
4 8 2 1 N
4 5 0 0 N
0 21 2 0 N
0 2 1 2 N
0 10 0 1 N
21 2 1 0 N
21 10 2 1 N
21 4 0 2 N
2 16 1 1 N
2 8 0 2 N
2 13 2 0 N
16 9 2 1 N
16 8 0 0 N
16 10 1 2 N
9 15 0 0 N
9 11 1 2 N
9 11 2 1 N
15 8 2 2 N
15 11 0 1 N
15 7 1 0 N
8 20 2 1 N
8 6 1 2 N
8 5 0 0 N
20 19 0 1 N
20 13 2 2 N
20 1 1 0 N
