10 18 1 2 S
10 12 0 1 S
10 17 2 0 S
18 1 2 2 N
18 11 0 1 N
18 7 1 0 N
1 14 1 0 N
1 8 0 1 N
1 9 2 2 N
14 19 0 1 N
14 16 2 0 N
14 20 1 2 N
19 4 2 0 N
19 6 1 2 N
19 9 0 1 N
4 0 2 0 N
4 2 0 2 N
4 12 1 1 N
0 6 1 0 N
0 19 0 2 N
0 19 2 1 N
6 8 1 1 N
6 9 0 2 N
6 7 2 0 N
8 20 1 1 N
8 19 2 2 N
8 6 0 0 N
20 9 0 1 N
20 13 1 0 N
20 6 2 2 N
9 11 1 1 N
9 6 0 0 N
9 7 2 2 N
11 7 1 0 N
11 8 0 1 N
11 20 2 2 N
7 21 1 0 N
7 7 2 2 N
7 7 0 1 N
21 5 1 0 N
21 7 2 2 N
21 17 0 1 N
5 13 0 0 N
5 12 1 1 N
5 13 2 2 N
13 2 0 2 N
13 22 2 1 N
13 9 1 0 N
2 3 1 0 N
2 16 2 2 N
2 16 0 1 N
3 15 0 2 N
3 5 1 0 N
3 7 2 1 N
15 12 2 2 N
15 9 1 0 N
15 7 0 1 N
12 16 1 0 N
12 7 0 2 N
12 9 2 1 N
16 22 2 2 N
16 0 1 0 N
16 7 0 1 N
22 17 1 2 N
22 20 0 0 N
22 10 2 1 N
17 16 1 2 N
17 16 2 0 N
17 15 0 1 N
