1 22 1 1 S
1 13 2 0 S
1 9 0 2 S
22 20 1 1 N
22 17 2 0 N
22 21 0 2 N
20 13 0 0 N
20 18 2 1 N
20 11 1 2 N
13 9 1 0 N
13 21 0 2 N
13 17 2 1 N
9 12 1 1 N
9 20 0 2 N
9 19 2 0 N
12 4 1 1 N
12 21 0 0 N
12 17 2 2 N
4 21 2 2 N
4 17 0 1 N
4 17 1 0 N
21 15 1 1 N
21 11 2 0 N
21 18 0 2 N
15 6 1 1 N
15 7 2 2 N
15 4 0 0 N
6 3 0 0 N
6 17 2 1 N
6 15 1 2 N
3 11 1 1 N
3 13 2 2 N
3 1 0 0 N
11 5 2 0 N
11 22 1 1 N
11 13 0 2 N
5 7 2 2 N
5 4 0 1 N
5 17 1 0 N
7 14 1 0 N
7 20 0 1 N
7 1 2 2 N
14 10 0 1 N
14 13 2 0 N
14 9 1 2 N
10 16 1 2 N
10 8 2 0 N
10 11 0 1 N
16 8 2 0 N
16 11 0 1 N
16 13 1 2 N
8 17 0 1 N
8 1 1 0 N
8 0 2 2 N
17 19 2 1 N
17 4 1 2 N
17 17 0 0 N
19 0 2 2 N
19 21 1 0 N
19 13 0 1 N
0 2 1 2 N
0 18 2 0 N
0 17 0 1 N
2 18 0 0 N
2 20 2 1 N
2 17 1 2 N
18 22 2 0 N
18 2 0 1 N
18 17 1 2 N
