1 0 0 1 S
1 1 2 0 S
1 1 1 2 S
0 2 1 0 N
0 17 2 1 N
0 12 0 2 N
2 13 1 0 N
2 10 2 2 N
2 16 0 1 N
13 14 0 1 N
13 16 2 0 N
13 14 1 2 N
14 11 1 1 N
14 6 0 2 N
14 1 2 0 N
11 5 2 0 N
11 4 1 2 N
11 2 0 1 N
5 4 2 0 N
5 17 0 1 N
5 17 1 2 N
4 18 1 1 N
4 14 0 0 N
4 13 2 2 N
18 15 1 0 N
18 9 2 1 N
18 19 0 2 N
15 19 1 2 N
15 10 2 1 N
15 13 0 0 N
19 10 0 2 N
19 16 2 1 N
19 16 1 0 N
10 3 1 1 N
10 6 2 2 N
10 14 0 0 N
3 12 0 2 N
3 18 2 1 N
3 12 1 0 N
12 17 0 0 N
12 17 1 1 N
12 13 2 2 N
17 6 0 0 N
17 22 1 1 N
17 21 2 2 N
6 21 0 1 N
6 1 1 2 N
6 22 2 0 N
21 7 2 1 N
21 10 0 0 N
21 1 1 2 N
7 9 0 2 N
7 21 2 1 N
7 22 1 0 N
9 22 2 0 N
9 18 1 2 N
9 21 0 1 N
22 8 0 2 N
22 7 2 0 N
22 14 1 1 N
8 20 0 1 N
8 1 2 2 N
8 22 1 0 N
20 16 2 2 N
20 13 0 0 N
20 22 1 1 N
16 10 2 2 N
16 14 0 1 N
16 21 1 0 N
