17 8 0 0 S
17 22 1 2 S
17 22 2 1 S
8 11 1 0 N
8 2 0 2 N
8 17 2 1 N
11 16 2 0 N
11 10 1 1 N
11 10 0 2 N
16 2 1 0 N
16 2 0 2 N
16 18 2 1 N
2 10 2 0 N
2 1 0 1 N
2 22 1 2 N
10 14 1 1 N
10 18 2 0 N
10 5 0 2 N
14 9 2 2 N
14 5 1 0 N
14 14 0 1 N
9 20 0 0 N
9 17 2 2 N
9 5 1 1 N
20 0 2 0 N
20 15 0 1 N
20 5 1 2 N
0 12 0 2 N
0 8 1 1 N
0 20 2 0 N
12 4 2 1 N
12 4 1 0 N
12 16 0 2 N
4 19 1 0 N
4 5 0 2 N
4 1 2 1 N
19 1 1 2 N
19 18 0 0 N
19 12 2 1 N
1 18 0 2 N
1 22 2 0 N
1 14 1 1 N
18 5 0 0 N
18 22 1 2 N
18 4 2 1 N
5 7 2 2 N
5 3 0 1 N
5 1 1 0 N
7 21 1 0 N
7 14 0 1 N
7 22 2 2 N
21 3 1 2 N
21 2 2 1 N
21 4 0 0 N
3 13 2 2 N
3 19 0 1 N
3 19 1 0 N
13 22 2 1 N
13 15 0 2 N
13 16 1 0 N
22 6 2 2 N
22 14 1 1 N
22 1 0 0 N
6 15 0 1 N
6 17 2 0 N
6 5 1 2 N
15 9 2 0 N
15 10 0 1 N
15 4 1 2 N
