22 14 0 2 S
22 12 1 0 S
22 18 2 1 S
14 8 2 1 N
14 3 0 2 N
14 6 1 0 N
8 19 2 2 N
8 16 1 1 N
8 18 0 0 N
19 16 1 1 N
19 6 0 0 N
19 20 2 2 N
16 0 0 1 N
16 12 1 2 N
16 17 2 0 N
0 3 0 1 N
0 10 2 2 N
0 12 1 0 N
3 13 1 0 N
3 4 2 1 N
3 7 0 2 N
13 11 1 2 N
13 17 0 1 N
13 3 2 0 N
11 21 2 0 N
11 12 0 1 N
11 20 1 2 N
21 15 2 0 N
21 5 0 2 N
21 18 1 1 N
15 4 2 0 N
15 21 1 1 N
15 19 0 2 N
4 18 2 1 N
4 0 0 0 N
4 5 1 2 N
18 20 2 0 N
18 15 1 2 N
18 17 0 1 N
20 1 2 2 N
20 18 1 1 N
20 18 0 0 N
1 17 2 1 N
1 6 1 2 N
1 19 0 0 N
17 7 2 2 N
17 10 0 1 N
17 6 1 0 N
7 2 0 2 N
7 1 2 1 N
7 5 1 0 N
2 5 1 2 N
2 20 2 1 N
2 21 0 0 N
5 9 2 1 N
5 9 0 0 N
5 17 1 2 N
9 6 0 2 N
9 22 1 1 N
9 6 2 0 N
6 10 1 2 N
6 6 0 1 N
6 6 2 0 N
10 12 2 1 N
10 5 1 0 N
10 17 0 2 N
12 11 1 0 N
12 21 0 2 N
12 20 2 1 N
