21 8 2 0 S
21 13 0 2 S
21 7 1 1 S
8 13 1 0 N
8 17 0 2 N
8 9 2 1 N
13 3 0 0 N
13 1 1 1 N
13 14 2 2 N
3 16 0 1 N
3 13 1 0 N
3 17 2 2 N
16 4 0 0 N
16 12 2 2 N
16 22 1 1 N
4 7 1 1 N
4 19 0 0 N
4 9 2 2 N
7 10 0 1 N
7 1 1 0 N
7 1 2 2 N
10 17 2 0 N
10 0 1 1 N
10 14 0 2 N
17 12 1 1 N
17 9 2 2 N
17 14 0 0 N
12 2 0 2 N
12 20 2 1 N
12 5 1 0 N
2 18 1 2 N
2 13 0 1 N
2 4 2 0 N
18 11 2 1 N
18 7 0 2 N
18 7 1 0 N
11 1 2 0 N
11 19 0 2 N
11 9 1 1 N
1 14 2 0 N
1 9 1 2 N
1 9 0 1 N
14 22 1 0 N
14 9 2 1 N
14 14 0 2 N
22 0 1 0 N
22 1 2 1 N
22 9 0 2 N
0 15 2 1 N
0 21 0 2 N
0 17 1 0 N
15 5 1 1 N
15 12 2 0 N
15 5 0 2 N
5 6 1 0 N
5 13 0 2 N
5 4 2 1 N
6 20 0 1 N
6 17 2 0 N
6 0 1 2 N
20 19 1 0 N
20 12 2 1 N
20 1 0 2 N
19 9 1 0 N
19 7 0 1 N
19 14 2 2 N
9 14 2 1 N
9 14 0 0 N
9 14 1 2 N
