16 9 1 0 S
16 5 2 1 S
16 1 0 2 S
9 15 0 2 N
9 22 2 0 N
9 14 1 1 N
15 3 2 0 N
15 16 1 2 N
15 20 0 1 N
3 18 0 1 N
3 19 1 0 N
3 20 2 2 N
18 12 2 1 N
18 20 1 2 N
18 15 0 0 N
12 5 1 2 N
12 8 0 0 N
12 7 2 1 N
5 0 1 1 N
5 19 2 0 N
5 16 0 2 N
0 22 2 0 N
0 19 1 2 N
0 2 0 1 N
22 21 0 0 N
22 2 2 1 N
22 0 1 2 N
21 14 2 1 N
21 16 0 0 N
21 8 1 2 N
14 10 1 0 N
14 1 0 1 N
14 11 2 2 N
10 4 0 0 N
10 17 1 1 N
10 12 2 2 N
4 19 2 2 N
4 5 1 0 N
4 0 0 1 N
19 7 1 0 N
19 20 0 1 N
19 20 2 2 N
7 11 0 2 N
7 20 2 0 N
7 20 1 1 N
11 1 2 0 N
11 17 0 1 N
11 19 1 2 N
1 6 1 1 N
1 18 2 2 N
1 20 0 0 N
6 8 1 1 N
6 8 0 0 N
6 20 2 2 N
8 13 1 0 N
8 3 0 2 N
8 16 2 1 N
13 17 1 0 N
13 4 0 2 N
13 20 2 1 N
17 20 1 1 N
17 20 2 2 N
17 16 0 0 N
20 2 2 1 N
20 0 0 2 N
20 20 1 0 N
2 13 1 0 N
2 1 0 1 N
2 7 2 2 N
