33 3 2 1 S
33 19 1 0 S
33 26 0 2 S
3 12 0 1 N
3 33 1 2 N
3 31 2 0 N
12 10 2 1 N
12 13 0 2 N
12 33 1 0 N
10 32 0 2 N
10 24 2 0 N
10 21 1 1 N
32 35 0 2 N
32 36 1 0 N
32 2 2 1 N
35 29 0 0 N
35 6 1 1 N
35 33 2 2 N
29 22 2 0 N
29 8 1 1 N
29 30 0 2 N
22 17 2 0 N
22 1 0 2 N
22 2 1 1 N
17 2 1 1 N
17 24 0 2 N
17 20 2 0 N
2 6 0 0 N
2 26 1 2 N
2 33 2 1 N
6 15 1 1 N
6 3 2 2 N
6 11 0 0 N
15 20 1 1 N
15 13 0 2 N
15 13 2 0 N
20 25 2 0 N
20 27 1 2 N
20 13 0 1 N
25 27 0 2 N
25 31 1 0 N
25 33 2 1 N
27 9 0 2 N
27 4 2 0 N
27 13 1 1 N
9 13 1 1 N
9 8 0 0 N
9 25 2 2 N
13 0 0 0 N
13 33 1 2 N
13 13 2 1 N
0 24 1 2 N
0 37 2 1 N
0 15 0 0 N
24 30 2 0 N
24 17 0 2 N
24 8 1 1 N
30 14 1 1 N
30 33 2 0 N
30 13 0 2 N
14 11 0 2 N
14 2 2 1 N
14 22 1 0 N
11 18 1 0 N
11 23 0 2 N
11 34 2 1 N
18 1 2 0 N
18 12 0 1 N
18 29 1 2 N
1 19 2 2 N
1 27 1 0 N
1 26 0 1 N
19 36 2 1 N
19 14 0 2 N
19 22 1 0 N
36 28 2 1 N
36 12 0 2 N
36 34 1 0 N
28 26 2 0 N
28 31 0 1 N
28 0 1 2 N
26 4 1 0 N
26 34 2 2 N
26 30 0 1 N
4 23 0 0 N
4 26 1 1 N
4 35 2 2 N
23 7 1 2 N
23 22 0 1 N
23 2 2 0 N
7 37 1 1 N
7 17 2 2 N
7 26 0 0 N
37 16 1 2 N
37 17 2 1 N
37 27 0 0 N
16 31 2 1 N
16 22 1 0 N
16 17 0 2 N
31 8 1 0 N
31 11 0 1 N
31 26 2 2 N
8 34 2 1 N
8 1 1 2 N
8 2 0 0 N
34 5 1 2 N
34 27 2 0 N
34 7 0 1 N
5 21 0 0 N
5 32 1 1 N
5 18 2 2 N
21 12 1 2 N
21 27 0 1 N
21 7 2 0 N
