34 4 0 1 S
34 4 2 2 S
34 8 1 0 S
4 28 0 0 N
4 8 2 2 N
4 36 1 1 N
28 17 0 2 N
28 21 2 1 N
28 10 1 0 N
17 22 2 0 N
17 9 0 2 N
17 18 1 1 N
22 13 1 1 N
22 2 2 0 N
22 32 0 2 N
13 36 0 2 N
13 29 1 1 N
13 24 2 0 N
36 8 2 2 N
36 34 1 0 N
36 5 0 1 N
8 26 2 1 N
8 34 0 2 N
8 23 1 0 N
26 7 1 2 N
26 12 0 1 N
26 12 2 0 N
7 9 0 2 N
7 18 1 1 N
7 36 2 0 N
9 15 1 2 N
9 2 0 1 N
9 8 2 0 N
15 10 1 0 N
15 29 0 1 N
15 23 2 2 N
10 31 0 0 N
10 22 2 1 N
10 23 1 2 N
31 24 0 0 N
31 24 2 1 N
31 7 1 2 N
24 20 1 1 N
24 18 2 2 N
24 23 0 0 N
20 27 0 0 N
20 23 1 2 N
20 36 2 1 N
27 11 2 2 N
27 32 1 0 N
27 8 0 1 N
11 35 0 2 N
11 37 1 0 N
11 5 2 1 N
35 25 1 0 N
35 29 0 1 N
35 33 2 2 N
25 5 2 1 N
25 11 1 0 N
25 19 0 2 N
5 23 0 2 N
5 4 2 0 N
5 23 1 1 N
23 0 2 0 N
23 9 1 1 N
23 23 0 2 N
0 32 2 2 N
0 24 1 1 N
0 7 0 0 N
32 21 0 1 N
32 25 1 2 N
32 36 2 0 N
21 29 0 1 N
21 32 1 0 N
21 36 2 2 N
29 3 0 1 N
29 4 1 2 N
29 17 2 0 N
3 37 2 1 N
3 27 0 2 N
3 23 1 0 N
37 6 2 1 N
37 5 1 2 N
37 6 0 0 N
6 16 1 2 N
6 4 0 0 N
6 23 2 1 N
16 30 2 1 N
16 21 1 0 N
16 24 0 2 N
30 2 0 0 N
30 1 2 2 N
30 17 1 1 N
2 1 0 0 N
2 19 1 2 N
2 1 2 1 N
1 14 1 1 N
1 37 2 2 N
1 27 0 0 N
14 12 1 1 N
14 4 2 2 N
14 37 0 0 N
12 18 0 1 N
12 20 2 0 N
12 37 1 2 N
18 33 2 1 N
18 24 0 2 N
18 32 1 0 N
33 19 1 1 N
33 29 0 2 N
33 27 2 0 N
19 37 2 1 N
19 4 0 2 N
19 6 1 0 N
