3 23 0 2 S
3 29 1 1 S
3 8 2 0 S
23 19 1 1 N
23 28 2 0 N
23 14 0 2 N
19 2 1 0 N
19 35 2 1 N
19 13 0 2 N
2 18 2 1 N
2 22 1 0 N
2 30 0 2 N
18 7 0 0 N
18 25 2 2 N
18 30 1 1 N
7 9 2 2 N
7 6 0 1 N
7 26 1 0 N
9 35 0 2 N
9 13 1 1 N
9 4 2 0 N
35 14 2 1 N
35 9 1 2 N
35 32 0 0 N
14 28 0 1 N
14 16 2 2 N
14 18 1 0 N
28 29 2 2 N
28 0 1 0 N
28 30 0 1 N
29 37 0 0 N
29 18 1 1 N
29 12 2 2 N
37 5 1 0 N
37 11 0 1 N
37 35 2 2 N
5 4 0 1 N
5 18 2 0 N
5 2 1 2 N
4 24 2 2 N
4 0 0 0 N
4 30 1 1 N
24 21 0 0 N
24 13 2 1 N
24 17 1 2 N
21 31 1 1 N
21 5 2 2 N
21 26 0 0 N
31 30 2 2 N
31 10 0 0 N
31 6 1 1 N
30 1 2 2 N
30 30 0 0 N
30 30 1 1 N
1 0 0 1 N
1 14 1 2 N
1 0 2 0 N
0 10 2 0 N
0 5 0 2 N
0 9 1 1 N
10 16 1 0 N
10 18 0 2 N
10 25 2 1 N
16 12 1 0 N
16 14 2 2 N
16 17 0 1 N
12 22 2 1 N
12 35 1 2 N
12 25 0 0 N
22 32 0 1 N
22 8 1 2 N
22 2 2 0 N
32 33 2 2 N
32 9 1 0 N
32 6 0 1 N
33 17 1 0 N
33 3 0 2 N
33 13 2 1 N
17 27 0 1 N
17 21 1 0 N
17 22 2 2 N
27 6 1 0 N
27 32 0 1 N
27 29 2 2 N
6 36 2 0 N
6 1 1 2 N
6 5 0 1 N
36 15 0 0 N
36 9 2 2 N
36 9 1 1 N
15 26 2 0 N
15 34 1 2 N
15 29 0 1 N
26 25 0 0 N
26 30 1 2 N
26 11 2 1 N
25 8 1 1 N
25 4 2 2 N
25 1 0 0 N
8 13 0 0 N
8 12 2 1 N
8 18 1 2 N
13 20 2 0 N
13 4 1 2 N
13 17 0 1 N
20 11 2 1 N
20 12 0 2 N
20 8 1 0 N
11 34 2 0 N
11 30 1 1 N
11 22 0 2 N
34 13 2 0 N
34 25 0 1 N
34 22 1 2 N
