28 33 0 1 S
28 16 2 0 S
28 27 1 2 S
33 1 0 1 N
33 29 1 2 N
33 27 2 0 N
1 27 0 1 N
1 27 1 0 N
1 30 2 2 N
27 26 0 2 N
27 22 1 0 N
27 22 2 1 N
26 22 2 1 N
26 30 1 0 N
26 25 0 2 N
22 9 0 1 N
22 28 2 0 N
22 14 1 2 N
9 13 0 0 N
9 25 1 2 N
9 32 2 1 N
13 24 0 1 N
13 30 2 0 N
13 10 1 2 N
24 3 2 0 N
24 27 0 1 N
24 26 1 2 N
3 32 2 1 N
3 36 1 0 N
3 10 0 2 N
32 37 1 0 N
32 21 0 1 N
32 26 2 2 N
37 20 0 1 N
37 29 2 2 N
37 22 1 0 N
20 18 1 1 N
20 5 0 0 N
20 6 2 2 N
18 8 0 2 N
18 21 2 0 N
18 1 1 1 N
8 16 1 0 N
8 0 2 2 N
8 30 0 1 N
16 25 1 2 N
16 36 0 1 N
16 14 2 0 N
25 19 2 1 N
25 27 0 2 N
25 6 1 0 N
19 17 0 0 N
19 25 2 2 N
19 7 1 1 N
17 6 1 2 N
17 7 2 0 N
17 14 0 1 N
6 7 1 1 N
6 20 2 2 N
6 30 0 0 N
7 0 2 0 N
7 27 1 2 N
7 22 0 1 N
0 15 1 0 N
0 34 2 1 N
0 22 0 2 N
15 11 1 0 N
15 35 2 2 N
15 18 0 1 N
11 31 2 0 N
11 0 1 1 N
11 9 0 2 N
31 14 2 1 N
31 25 0 0 N
31 25 1 2 N
14 36 0 1 N
14 17 1 0 N
14 14 2 2 N
36 21 2 1 N
36 10 0 0 N
36 17 1 2 N
21 29 1 1 N
21 27 0 0 N
21 1 2 2 N
29 34 1 2 N
29 15 2 0 N
29 30 0 1 N
34 4 2 0 N
34 1 1 2 N
34 6 0 1 N
4 12 1 2 N
4 8 2 0 N
4 3 0 1 N
12 5 1 2 N
12 3 0 0 N
12 18 2 1 N
5 10 1 1 N
5 1 2 2 N
5 25 0 0 N
10 23 2 0 N
10 27 0 2 N
10 14 1 1 N
23 30 1 2 N
23 14 2 1 N
23 16 0 0 N
30 35 1 0 N
30 10 2 1 N
30 22 0 2 N
35 2 2 2 N
35 4 1 1 N
35 18 0 0 N
2 6 2 2 N
2 25 1 0 N
2 31 0 1 N
