30 18 1 0 S
30 10 2 2 S
30 20 0 1 S
18 5 1 0 N
18 35 0 1 N
18 7 2 2 N
5 14 1 2 N
5 19 2 0 N
5 34 0 1 N
14 31 0 2 N
14 35 2 0 N
14 34 1 1 N
31 9 2 1 N
31 17 1 2 N
31 32 0 0 N
9 16 0 1 N
9 26 2 0 N
9 37 1 2 N
16 17 0 0 N
16 34 2 1 N
16 4 1 2 N
17 33 0 1 N
17 8 2 2 N
17 36 1 0 N
33 35 2 1 N
33 23 0 2 N
33 12 1 0 N
35 11 0 1 N
35 33 1 0 N
35 34 2 2 N
11 20 2 2 N
11 34 1 0 N
11 14 0 1 N
20 27 2 0 N
20 27 0 2 N
20 0 1 1 N
27 23 0 0 N
27 18 2 2 N
27 18 1 1 N
23 6 0 1 N
23 6 2 2 N
23 25 1 0 N
6 29 0 1 N
6 35 1 2 N
6 7 2 0 N
29 3 2 1 N
29 9 0 0 N
29 17 1 2 N
3 2 2 2 N
3 9 1 0 N
3 20 0 1 N
2 25 2 2 N
2 6 0 0 N
2 14 1 1 N
25 13 0 2 N
25 35 1 0 N
25 0 2 1 N
13 19 1 2 N
13 9 0 0 N
13 17 2 1 N
19 7 0 0 N
19 2 2 2 N
19 23 1 1 N
7 34 1 1 N
7 14 0 0 N
7 7 2 2 N
34 37 2 1 N
34 27 0 0 N
34 6 1 2 N
37 21 1 2 N
37 27 2 0 N
37 27 0 1 N
21 24 0 1 N
21 25 1 2 N
21 23 2 0 N
24 36 1 1 N
24 36 2 0 N
24 26 0 2 N
36 8 1 1 N
36 11 0 0 N
36 6 2 2 N
8 4 2 0 N
8 23 1 1 N
8 5 0 2 N
4 22 1 2 N
4 18 2 0 N
4 7 0 1 N
22 1 0 1 N
22 6 2 0 N
22 12 1 2 N
1 15 1 2 N
1 17 2 0 N
1 30 0 1 N
15 10 2 0 N
15 8 0 1 N
15 9 1 2 N
10 28 0 2 N
10 15 1 1 N
10 23 2 0 N
28 32 2 0 N
28 9 0 2 N
28 12 1 1 N
32 26 1 0 N
32 9 2 1 N
32 35 0 2 N
26 0 0 1 N
26 4 2 2 N
26 0 1 0 N
0 12 2 1 N
0 29 0 0 N
0 5 1 2 N
12 3 0 1 N
12 33 2 0 N
12 6 1 2 N
