6 1 2 0 S
6 17 1 1 S
6 9 0 2 S
1 2 1 0 N
1 4 2 1 N
1 29 0 2 N
2 36 1 0 N
2 13 2 1 N
2 7 0 2 N
36 30 0 1 N
36 24 1 2 N
36 35 2 0 N
30 21 1 2 N
30 13 0 0 N
30 5 2 1 N
21 26 2 0 N
21 17 0 2 N
21 31 1 1 N
26 0 2 0 N
26 5 0 2 N
26 30 1 1 N
0 13 0 1 N
0 9 2 2 N
0 9 1 0 N
13 20 1 1 N
13 0 0 0 N
13 22 2 2 N
20 15 0 0 N
20 25 2 1 N
20 37 1 2 N
15 14 0 2 N
15 18 1 0 N
15 6 2 1 N
14 28 0 0 N
14 0 2 1 N
14 0 1 2 N
28 31 2 2 N
28 15 0 1 N
28 12 1 0 N
31 37 0 1 N
31 8 1 0 N
31 4 2 2 N
37 22 0 2 N
37 26 1 0 N
37 1 2 1 N
22 25 2 2 N
22 13 0 1 N
22 22 1 0 N
25 34 2 2 N
25 34 1 1 N
25 15 0 0 N
34 8 0 1 N
34 17 2 0 N
34 26 1 2 N
8 18 2 0 N
8 1 1 1 N
8 13 0 2 N
18 4 1 2 N
18 8 0 0 N
18 8 2 1 N
4 16 0 1 N
4 3 1 2 N
4 22 2 0 N
16 11 2 0 N
16 8 1 2 N
16 31 0 1 N
11 27 0 2 N
11 22 1 0 N
11 9 2 1 N
27 29 0 0 N
27 29 1 2 N
27 1 2 1 N
29 12 1 2 N
29 17 2 0 N
29 5 0 1 N
12 10 0 1 N
12 8 2 0 N
12 29 1 2 N
10 17 1 2 N
10 37 0 1 N
10 9 2 0 N
17 3 2 1 N
17 4 1 2 N
17 9 0 0 N
3 33 0 1 N
3 30 1 0 N
3 37 2 2 N
33 9 1 2 N
33 0 2 1 N
33 14 0 0 N
9 7 2 0 N
9 25 1 1 N
9 13 0 2 N
7 19 0 0 N
7 22 1 2 N
7 14 2 1 N
19 23 0 2 N
19 26 2 1 N
19 32 1 0 N
23 32 2 0 N
23 10 1 2 N
23 24 0 1 N
32 35 2 0 N
32 0 0 2 N
32 1 1 1 N
35 24 1 0 N
35 1 0 2 N
35 13 2 1 N
24 5 1 0 N
24 11 0 2 N
24 4 2 1 N
5 30 1 0 N
5 0 0 1 N
5 0 2 2 N
