17 28 0 1 S
17 17 1 2 S
17 17 2 0 S
28 7 1 0 N
28 27 0 1 N
28 5 2 2 N
7 5 1 1 N
7 34 2 0 N
7 25 0 2 N
5 18 2 1 N
5 33 1 0 N
5 23 0 2 N
18 24 0 0 N
18 13 2 2 N
18 17 1 1 N
24 14 0 1 N
24 37 2 0 N
24 0 1 2 N
14 32 2 0 N
14 27 1 1 N
14 17 0 2 N
32 21 1 2 N
32 7 2 0 N
32 18 0 1 N
21 8 0 0 N
21 17 2 2 N
21 29 1 1 N
8 25 1 1 N
8 17 0 2 N
8 27 2 0 N
25 9 2 2 N
25 36 1 0 N
25 1 0 1 N
9 13 2 2 N
9 1 1 0 N
9 36 0 1 N
13 33 2 2 N
13 32 0 0 N
13 23 1 1 N
33 29 0 1 N
33 17 2 2 N
33 23 1 0 N
29 26 2 0 N
29 15 1 1 N
29 23 0 2 N
26 3 1 0 N
26 1 0 2 N
26 1 2 1 N
3 1 2 2 N
3 21 0 0 N
3 35 1 1 N
1 35 0 2 N
1 10 2 1 N
1 18 1 0 N
35 0 1 0 N
35 23 0 2 N
35 20 2 1 N
0 27 1 1 N
0 25 2 2 N
0 29 0 0 N
27 19 0 0 N
27 20 1 1 N
27 28 2 2 N
19 30 1 0 N
19 28 0 2 N
19 20 2 1 N
30 12 2 1 N
30 28 0 2 N
30 37 1 0 N
12 11 2 2 N
12 13 0 1 N
12 10 1 0 N
11 31 2 2 N
11 0 0 0 N
11 22 1 1 N
31 36 2 0 N
31 26 0 1 N
31 28 1 2 N
36 15 0 0 N
36 17 2 1 N
36 1 1 2 N
15 4 0 2 N
15 33 1 0 N
15 37 2 1 N
4 37 0 1 N
4 29 1 2 N
4 14 2 0 N
37 2 2 2 N
37 9 0 0 N
37 28 1 1 N
2 6 2 1 N
2 31 1 2 N
2 22 0 0 N
6 34 2 2 N
6 0 1 0 N
6 8 0 1 N
34 20 1 2 N
34 32 2 0 N
34 29 0 1 N
20 10 2 2 N
20 13 0 1 N
20 29 1 0 N
10 22 0 1 N
10 1 2 0 N
10 17 1 2 N
22 16 2 0 N
22 4 1 2 N
22 29 0 1 N
16 23 0 0 N
16 1 1 1 N
16 9 2 2 N
23 33 2 1 N
23 34 1 2 N
23 17 0 0 N
