13 17 0 1 S
13 3 1 2 S
13 0 2 0 S
17 6 1 1 N
17 30 0 0 N
17 37 2 2 N
6 25 0 1 N
6 10 1 2 N
6 13 2 0 N
25 2 2 1 N
25 15 0 2 N
25 18 1 0 N
2 8 0 0 N
2 36 2 1 N
2 6 1 2 N
8 3 0 0 N
8 32 1 1 N
8 17 2 2 N
3 31 1 0 N
3 29 0 2 N
3 37 2 1 N
31 12 1 2 N
31 14 2 0 N
31 4 0 1 N
12 16 0 0 N
12 36 2 2 N
12 25 1 1 N
16 21 1 1 N
16 30 2 0 N
16 30 0 2 N
21 15 2 1 N
21 30 1 2 N
21 14 0 0 N
15 1 2 2 N
15 28 1 0 N
15 37 0 1 N
1 0 0 2 N
1 9 2 0 N
1 0 1 1 N
0 10 1 0 N
0 37 0 1 N
0 9 2 2 N
10 28 2 1 N
10 7 1 2 N
10 19 0 0 N
28 32 0 2 N
28 23 1 0 N
28 4 2 1 N
32 33 2 2 N
32 13 1 1 N
32 29 0 0 N
33 24 1 0 N
33 35 0 1 N
33 2 2 2 N
24 27 0 2 N
24 10 2 1 N
24 26 1 0 N
27 26 2 1 N
27 28 1 0 N
27 29 0 2 N
26 35 0 0 N
26 11 1 1 N
26 9 2 2 N
35 19 2 2 N
35 6 0 0 N
35 8 1 1 N
19 34 2 0 N
19 26 0 2 N
19 14 1 1 N
34 4 1 1 N
34 27 0 2 N
34 7 2 0 N
4 30 2 0 N
4 37 1 2 N
4 30 0 1 N
30 5 0 0 N
30 0 2 2 N
30 14 1 1 N
5 18 2 2 N
5 24 0 1 N
5 14 1 0 N
18 37 0 1 N
18 32 2 2 N
18 5 1 0 N
37 36 1 1 N
37 24 0 2 N
37 21 2 0 N
36 7 0 0 N
36 11 2 2 N
36 16 1 1 N
7 22 1 2 N
7 5 2 0 N
7 10 0 1 N
22 11 1 0 N
22 8 0 2 N
22 9 2 1 N
11 29 2 0 N
11 9 0 2 N
11 30 1 1 N
29 23 1 1 N
29 5 2 0 N
29 13 0 2 N
23 20 1 2 N
23 24 2 0 N
23 21 0 1 N
20 14 1 0 N
20 14 2 2 N
20 5 0 1 N
14 9 2 1 N
14 24 0 2 N
14 14 1 0 N
9 21 0 2 N
9 15 1 1 N
9 21 2 0 N
