37 22 0 1 S
37 5 1 0 S
37 14 2 2 S
22 6 0 1 N
22 21 2 2 N
22 31 1 0 N
6 4 1 0 N
6 18 2 1 N
6 9 0 2 N
4 27 2 2 N
4 10 0 0 N
4 14 1 1 N
27 18 2 2 N
27 2 1 0 N
27 1 0 1 N
18 28 2 0 N
18 32 1 2 N
18 12 0 1 N
28 8 2 0 N
28 18 1 1 N
28 11 0 2 N
8 25 1 0 N
8 7 0 2 N
8 34 2 1 N
25 36 0 0 N
25 1 1 2 N
25 10 2 1 N
36 34 0 1 N
36 2 2 2 N
36 20 1 0 N
34 0 0 0 N
34 10 1 2 N
34 24 2 1 N
0 15 2 2 N
0 13 1 0 N
0 12 0 1 N
15 5 1 1 N
15 27 0 0 N
15 3 2 2 N
5 1 0 0 N
5 24 1 1 N
5 24 2 2 N
1 19 1 2 N
1 7 2 1 N
1 5 0 0 N
19 11 0 2 N
19 33 2 1 N
19 7 1 0 N
11 29 0 1 N
11 13 1 2 N
11 31 2 0 N
29 21 0 2 N
29 27 1 0 N
29 5 2 1 N
21 23 0 1 N
21 28 1 2 N
21 5 2 0 N
23 24 1 2 N
23 21 0 1 N
23 18 2 0 N
24 16 1 0 N
24 5 0 2 N
24 24 2 1 N
16 10 0 0 N
16 36 1 1 N
16 7 2 2 N
10 20 1 0 N
10 32 2 1 N
10 5 0 2 N
20 7 1 1 N
20 36 0 2 N
20 19 2 0 N
7 31 2 2 N
7 19 0 1 N
7 21 1 0 N
31 33 1 2 N
31 6 2 0 N
31 34 0 1 N
33 13 2 2 N
33 24 0 0 N
33 22 1 1 N
13 26 0 0 N
13 1 2 2 N
13 21 1 1 N
26 2 1 0 N
26 9 0 1 N
26 34 2 2 N
2 3 1 1 N
2 24 0 2 N
2 14 2 0 N
3 30 0 0 N
3 32 2 2 N
3 24 1 1 N
30 9 1 2 N
30 14 2 1 N
30 31 0 0 N
9 14 1 2 N
9 28 0 1 N
9 31 2 0 N
14 35 0 2 N
14 16 1 1 N
14 34 2 0 N
35 32 1 0 N
35 16 0 1 N
35 7 2 2 N
32 17 1 0 N
32 19 0 2 N
32 9 2 1 N
17 12 1 0 N
17 30 2 2 N
17 12 0 1 N
12 6 1 2 N
12 24 0 1 N
12 1 2 0 N
