2 0 0 0 S
2 16 1 2 S
2 35 2 1 S
0 28 1 2 N
0 19 0 0 N
0 17 2 1 N
28 26 2 0 N
28 10 0 2 N
28 4 1 1 N
26 11 2 0 N
26 18 1 1 N
26 10 0 2 N
11 35 1 2 N
11 30 0 0 N
11 25 2 1 N
35 13 1 0 N
35 18 2 1 N
35 19 0 2 N
13 31 1 1 N
13 10 0 0 N
13 21 2 2 N
31 15 0 0 N
31 7 1 1 N
31 18 2 2 N
15 18 0 0 N
15 21 1 2 N
15 28 2 1 N
18 9 1 1 N
18 34 0 0 N
18 28 2 2 N
9 16 0 2 N
9 16 1 1 N
9 19 2 0 N
16 25 2 2 N
16 28 0 0 N
16 12 1 1 N
25 32 0 0 N
25 30 2 2 N
25 35 1 1 N
32 24 0 0 N
32 21 2 1 N
32 22 1 2 N
24 4 1 1 N
24 2 2 2 N
24 29 0 0 N
4 37 2 2 N
4 12 0 0 N
4 19 1 1 N
37 1 1 2 N
37 30 0 0 N
37 9 2 1 N
1 30 2 0 N
1 16 0 2 N
1 9 1 1 N
30 21 2 2 N
30 31 1 1 N
30 15 0 0 N
21 17 1 0 N
21 19 2 2 N
21 8 0 1 N
17 6 0 2 N
17 22 2 1 N
17 7 1 0 N
6 8 1 2 N
6 22 0 0 N
6 23 2 1 N
8 22 2 0 N
8 34 0 1 N
8 19 1 2 N
22 36 0 2 N
22 29 2 1 N
22 19 1 0 N
36 12 1 0 N
36 18 2 1 N
36 22 0 2 N
12 23 2 0 N
12 4 1 1 N
12 21 0 2 N
23 27 1 1 N
23 8 2 0 N
23 19 0 2 N
27 5 1 2 N
27 30 0 0 N
27 9 2 1 N
5 14 0 0 N
5 12 1 1 N
5 19 2 2 N
14 29 0 2 N
14 19 1 0 N
14 28 2 1 N
29 3 0 2 N
29 36 1 1 N
29 37 2 0 N
3 33 1 0 N
3 32 0 1 N
3 14 2 2 N
33 10 0 0 N
33 30 1 2 N
33 12 2 1 N
10 34 2 1 N
10 12 0 2 N
10 4 1 0 N
34 20 1 1 N
34 32 2 2 N
34 7 0 0 N
20 7 2 2 N
20 3 1 1 N
20 4 0 0 N
7 19 2 1 N
7 9 1 0 N
7 19 0 2 N
19 21 1 1 N
19 19 2 0 N
19 19 0 2 N
