2 20 0 0 S
2 11 1 1 S
2 1 2 2 S
20 14 2 1 N
20 4 0 0 N
20 18 1 2 N
14 7 1 2 N
14 13 2 0 N
14 20 0 1 N
7 28 0 0 N
7 25 1 1 N
7 18 2 2 N
28 15 1 1 N
28 7 0 0 N
28 34 2 2 N
15 25 1 0 N
15 14 0 1 N
15 22 2 2 N
25 26 0 2 N
25 13 2 0 N
25 36 1 1 N
26 13 2 0 N
26 8 0 2 N
26 22 1 1 N
13 37 2 1 N
13 34 1 2 N
13 24 0 0 N
37 33 0 0 N
37 4 2 2 N
37 4 1 1 N
33 29 0 1 N
33 14 2 0 N
33 11 1 2 N
29 17 0 2 N
29 10 1 0 N
29 18 2 1 N
17 19 0 2 N
17 4 1 1 N
17 18 2 0 N
19 4 2 2 N
19 8 1 0 N
19 37 0 1 N
4 36 2 1 N
4 23 0 2 N
4 24 1 0 N
36 12 1 0 N
36 18 2 2 N
36 17 0 1 N
12 31 2 1 N
12 24 1 0 N
12 36 0 2 N
31 5 2 1 N
31 17 0 2 N
31 25 1 0 N
5 6 1 2 N
5 35 0 0 N
5 4 2 1 N
6 0 0 1 N
6 37 1 0 N
6 20 2 2 N
0 3 1 0 N
0 36 0 1 N
0 21 2 2 N
3 24 2 1 N
3 5 0 0 N
3 36 1 2 N
24 22 0 0 N
24 8 2 1 N
24 36 1 2 N
22 30 0 1 N
22 25 2 2 N
22 17 1 0 N
30 9 1 1 N
30 15 2 2 N
30 3 0 0 N
9 11 2 2 N
9 27 1 1 N
9 10 0 0 N
11 35 0 2 N
11 1 2 0 N
11 34 1 1 N
35 23 0 1 N
35 22 2 2 N
35 33 1 0 N
23 34 0 1 N
23 20 2 2 N
23 31 1 0 N
34 8 1 2 N
34 32 2 1 N
34 4 0 0 N
8 1 1 1 N
8 20 0 0 N
8 27 2 2 N
1 10 1 2 N
1 31 2 0 N
1 4 0 1 N
10 32 0 1 N
10 25 2 2 N
10 31 1 0 N
32 27 2 1 N
32 7 0 0 N
32 35 1 2 N
27 18 2 1 N
27 22 1 2 N
27 17 0 0 N
18 21 1 2 N
18 18 2 1 N
18 18 0 0 N
21 16 1 0 N
21 14 0 2 N
21 5 2 1 N
16 15 1 2 N
16 18 2 1 N
16 18 0 0 N
