34 5 1 1 S
34 32 0 0 S
34 32 2 2 S
5 36 0 0 N
5 1 2 1 N
5 32 1 2 N
36 14 1 0 N
36 26 2 2 N
36 21 0 1 N
14 31 0 1 N
14 32 1 2 N
14 13 2 0 N
31 15 1 0 N
31 14 0 2 N
31 4 2 1 N
15 37 1 0 N
15 28 2 1 N
15 16 0 2 N
37 20 2 2 N
37 1 0 1 N
37 23 1 0 N
20 22 2 0 N
20 18 1 1 N
20 9 0 2 N
22 0 0 2 N
22 12 1 0 N
22 14 2 1 N
0 16 2 2 N
0 17 0 1 N
0 33 1 0 N
16 10 1 1 N
16 9 0 0 N
16 33 2 2 N
10 32 1 0 N
10 31 0 1 N
10 18 2 2 N
32 35 0 1 N
32 4 2 2 N
32 33 1 0 N
35 9 0 1 N
35 17 1 2 N
35 3 2 0 N
9 25 2 1 N
9 15 1 0 N
9 26 0 2 N
25 1 2 1 N
25 14 1 0 N
25 4 0 2 N
1 6 1 0 N
1 34 2 1 N
1 33 0 2 N
6 13 2 1 N
6 23 0 2 N
6 21 1 0 N
13 8 1 0 N
13 37 2 2 N
13 16 0 1 N
8 26 1 2 N
8 21 0 1 N
8 1 2 0 N
26 12 1 0 N
26 28 0 1 N
26 28 2 2 N
12 21 0 2 N
12 16 2 1 N
12 26 1 0 N
21 18 2 2 N
21 7 0 0 N
21 11 1 1 N
18 7 0 0 N
18 19 1 1 N
18 14 2 2 N
7 2 2 0 N
7 13 1 1 N
7 16 0 2 N
2 27 0 2 N
2 32 1 1 N
2 16 2 0 N
27 23 2 1 N
27 33 1 0 N
27 15 0 2 N
23 17 2 2 N
23 21 0 1 N
23 32 1 0 N
17 29 2 2 N
17 13 1 0 N
17 16 0 1 N
29 11 2 2 N
29 2 0 0 N
29 30 1 1 N
11 24 0 2 N
11 22 1 0 N
11 32 2 1 N
24 3 2 0 N
24 18 1 1 N
24 15 0 2 N
3 28 2 0 N
3 17 1 1 N
3 7 0 2 N
28 33 2 2 N
28 1 0 0 N
28 33 1 1 N
33 4 0 1 N
33 33 2 2 N
33 33 1 0 N
4 19 0 1 N
4 2 1 0 N
4 26 2 2 N
19 30 0 0 N
19 11 2 2 N
19 32 1 1 N
30 6 2 1 N
30 13 0 0 N
30 28 1 2 N
