29 16 2 1 S
29 10 1 0 S
29 34 0 2 S
16 2 0 2 N
16 35 1 1 N
16 28 2 0 N
2 18 2 1 N
2 23 0 0 N
2 1 1 2 N
18 37 0 1 N
18 12 2 2 N
18 33 1 0 N
37 33 0 1 N
37 20 1 2 N
37 6 2 0 N
33 13 2 2 N
33 8 0 1 N
33 0 1 0 N
13 15 0 0 N
13 3 2 2 N
13 7 1 1 N
15 25 0 1 N
15 34 2 0 N
15 32 1 2 N
25 27 2 2 N
25 20 0 1 N
25 25 1 0 N
27 35 2 0 N
27 21 0 2 N
27 22 1 1 N
35 22 1 0 N
35 3 2 1 N
35 23 0 2 N
22 26 0 2 N
22 30 2 1 N
22 29 1 0 N
26 32 2 1 N
26 3 1 0 N
26 0 0 2 N
32 30 0 0 N
32 7 1 1 N
32 30 2 2 N
30 14 2 0 N
30 25 1 1 N
30 7 0 2 N
14 12 1 0 N
14 10 2 1 N
14 7 0 2 N
12 36 2 2 N
12 21 1 1 N
12 33 0 0 N
36 20 0 2 N
36 8 1 1 N
36 26 2 0 N
20 34 1 0 N
20 26 0 2 N
20 7 2 1 N
34 5 1 1 N
34 18 2 2 N
34 5 0 0 N
5 4 0 1 N
5 33 1 2 N
5 7 2 0 N
4 24 2 0 N
4 8 1 2 N
4 10 0 1 N
24 6 0 1 N
24 1 2 0 N
24 17 1 2 N
6 8 1 0 N
6 19 0 2 N
6 12 2 1 N
8 0 0 1 N
8 19 1 2 N
8 5 2 0 N
0 31 1 1 N
0 33 2 2 N
0 30 0 0 N
31 1 2 2 N
31 4 0 0 N
31 3 1 1 N
1 21 2 1 N
1 27 0 2 N
1 33 1 0 N
21 11 2 0 N
21 10 1 1 N
21 34 0 2 N
11 28 1 1 N
11 23 2 0 N
11 24 0 2 N
28 3 0 0 N
28 1 2 2 N
28 24 1 1 N
3 9 1 1 N
3 29 2 2 N
3 29 0 0 N
9 10 0 2 N
9 16 1 1 N
9 33 2 0 N
10 17 0 2 N
10 21 2 1 N
10 32 1 0 N
17 19 2 2 N
17 13 1 1 N
17 5 0 0 N
19 7 2 1 N
19 9 0 0 N
19 32 1 2 N
7 23 1 1 N
7 20 0 0 N
7 25 2 2 N
23 22 1 0 N
23 0 0 2 N
23 32 2 1 N
