34 9 1 1 S
34 15 2 2 S
34 1 0 0 S
9 21 2 2 N
9 16 1 0 N
9 4 0 1 N
21 7 1 1 N
21 28 0 0 N
21 19 2 2 N
7 36 2 2 N
7 21 0 0 N
7 29 1 1 N
36 15 0 1 N
36 30 2 2 N
36 21 1 0 N
15 14 0 2 N
15 7 2 1 N
15 2 1 0 N
14 26 0 2 N
14 18 1 1 N
14 36 2 0 N
26 13 2 0 N
26 33 1 2 N
26 11 0 1 N
13 27 0 0 N
13 28 2 1 N
13 19 1 2 N
27 29 2 2 N
27 12 1 1 N
27 15 0 0 N
29 10 2 0 N
29 1 0 2 N
29 1 1 1 N
10 11 0 1 N
10 5 1 0 N
10 4 2 2 N
11 5 2 1 N
11 4 0 2 N
11 19 1 0 N
5 32 2 1 N
5 33 0 0 N
5 34 1 2 N
32 23 2 2 N
32 34 1 0 N
32 0 0 1 N
23 19 2 1 N
23 2 1 2 N
23 16 0 0 N
19 1 2 0 N
19 29 0 2 N
19 1 1 1 N
1 22 1 0 N
1 7 2 1 N
1 1 0 2 N
22 37 0 1 N
22 1 2 0 N
22 1 1 2 N
37 31 2 1 N
37 5 0 0 N
37 15 1 2 N
31 8 2 2 N
31 17 0 1 N
31 19 1 0 N
8 6 1 1 N
8 1 2 2 N
8 17 0 0 N
6 2 0 2 N
6 30 1 1 N
6 34 2 0 N
2 17 1 0 N
2 16 2 1 N
2 8 0 2 N
17 0 0 1 N
17 15 2 2 N
17 35 1 0 N
0 28 1 0 N
0 20 2 2 N
0 26 0 1 N
28 30 0 1 N
28 22 2 2 N
28 29 1 0 N
30 3 2 0 N
30 8 1 1 N
30 24 0 2 N
3 33 2 1 N
3 36 1 2 N
3 28 0 0 N
33 4 1 2 N
33 29 0 1 N
33 5 2 0 N
4 12 2 2 N
4 19 0 0 N
4 11 1 1 N
12 18 2 2 N
12 1 0 0 N
12 15 1 1 N
18 25 1 0 N
18 3 0 1 N
18 7 2 2 N
25 20 2 2 N
25 27 1 1 N
25 33 0 0 N
20 16 0 0 N
20 31 1 1 N
20 19 2 2 N
16 24 0 0 N
16 33 2 2 N
16 31 1 1 N
24 35 0 0 N
24 8 1 2 N
24 26 2 1 N
35 11 0 0 N
35 30 2 1 N
35 28 1 2 N
