33 34 0 2 S
33 37 1 1 S
33 13 2 0 S
34 27 0 0 N
34 30 2 1 N
34 19 1 2 N
27 5 1 0 N
27 30 0 1 N
27 30 2 2 N
5 8 1 0 N
5 26 2 1 N
5 23 0 2 N
8 11 0 1 N
8 2 2 0 N
8 3 1 2 N
11 12 2 2 N
11 15 1 1 N
11 15 0 0 N
12 10 2 2 N
12 14 0 0 N
12 27 1 1 N
10 30 0 1 N
10 37 1 2 N
10 23 2 0 N
30 25 0 2 N
30 16 2 1 N
30 2 1 0 N
25 24 0 2 N
25 21 2 1 N
25 34 1 0 N
24 28 0 2 N
24 7 2 1 N
24 8 1 0 N
28 37 0 0 N
28 7 1 1 N
28 18 2 2 N
37 26 1 0 N
37 8 2 2 N
37 26 0 1 N
26 14 1 0 N
26 1 0 2 N
26 11 2 1 N
14 18 2 2 N
14 18 1 1 N
14 31 0 0 N
18 3 0 2 N
18 12 2 1 N
18 20 1 0 N
3 21 2 2 N
3 22 0 1 N
3 2 1 0 N
21 22 0 0 N
21 29 1 1 N
21 11 2 2 N
22 1 0 2 N
22 20 1 0 N
22 26 2 1 N
1 2 0 1 N
1 37 1 2 N
1 14 2 0 N
2 15 2 2 N
2 3 0 0 N
2 2 1 1 N
15 6 0 1 N
15 17 2 2 N
15 3 1 0 N
6 0 1 1 N
6 10 0 0 N
6 12 2 2 N
0 4 1 1 N
0 23 2 2 N
0 20 0 0 N
4 29 0 0 N
4 37 2 1 N
4 30 1 2 N
29 36 1 0 N
29 10 2 1 N
29 28 0 2 N
36 7 1 0 N
36 16 0 1 N
36 13 2 2 N
7 31 1 0 N
7 29 0 1 N
7 9 2 2 N
31 13 0 1 N
31 20 2 0 N
31 2 1 2 N
13 16 0 1 N
13 20 1 2 N
13 14 2 0 N
16 9 0 0 N
16 4 2 1 N
16 30 1 2 N
9 32 2 0 N
9 11 0 2 N
9 14 1 1 N
32 23 0 2 N
32 15 2 0 N
32 18 1 1 N
23 20 2 0 N
23 12 0 1 N
23 20 1 2 N
20 17 0 1 N
20 15 2 2 N
20 17 1 0 N
17 35 0 2 N
17 3 1 0 N
17 31 2 1 N
35 19 1 2 N
35 16 2 1 N
35 6 0 0 N
19 20 0 0 N
19 17 1 1 N
19 3 2 2 N
