11 2 0 0 S
11 11 2 2 S
11 11 1 1 S
2 34 0 0 N
2 12 1 2 N
2 19 2 1 N
34 7 2 1 N
34 17 0 0 N
34 12 1 2 N
7 23 1 2 N
7 16 2 0 N
7 5 0 1 N
23 33 0 2 N
23 5 1 1 N
23 37 2 0 N
33 18 2 0 N
33 1 1 2 N
33 29 0 1 N
18 13 2 2 N
18 32 1 0 N
18 0 0 1 N
13 25 0 1 N
13 8 2 0 N
13 29 1 2 N
25 15 1 2 N
25 4 2 0 N
25 34 0 1 N
15 30 1 0 N
15 34 2 2 N
15 4 0 1 N
30 27 0 1 N
30 11 1 0 N
30 36 2 2 N
27 26 0 0 N
27 10 2 2 N
27 24 1 1 N
26 19 1 2 N
26 19 0 0 N
26 32 2 1 N
19 28 0 1 N
19 27 1 0 N
19 29 2 2 N
28 0 0 1 N
28 7 1 0 N
28 4 2 2 N
0 37 1 2 N
0 6 2 0 N
0 25 0 1 N
37 1 2 0 N
37 0 0 1 N
37 12 1 2 N
1 20 2 0 N
1 6 0 1 N
1 5 1 2 N
20 31 1 2 N
20 21 0 0 N
20 33 2 1 N
31 24 1 0 N
31 5 2 1 N
31 21 0 2 N
24 5 1 0 N
24 0 0 1 N
24 1 2 2 N
5 10 0 0 N
5 3 1 2 N
5 20 2 1 N
10 35 1 1 N
10 13 0 0 N
10 1 2 2 N
35 8 1 2 N
35 1 0 1 N
35 3 2 0 N
8 14 2 2 N
8 12 1 0 N
8 2 0 1 N
14 4 0 2 N
14 32 2 1 N
14 16 1 0 N
4 22 0 1 N
4 29 2 0 N
4 1 1 2 N
22 17 0 2 N
22 34 1 1 N
22 14 2 0 N
17 12 2 1 N
17 28 0 0 N
17 29 1 2 N
12 16 1 0 N
12 4 2 2 N
12 19 0 1 N
16 36 0 1 N
16 30 2 2 N
16 11 1 0 N
36 21 2 1 N
36 10 1 2 N
36 6 0 0 N
21 9 0 2 N
21 18 1 1 N
21 11 2 0 N
9 3 2 1 N
9 12 0 2 N
9 11 1 0 N
3 29 2 1 N
3 0 1 2 N
3 33 0 0 N
29 6 2 0 N
29 26 0 1 N
29 11 1 2 N
6 32 0 2 N
6 28 2 0 N
6 12 1 1 N
32 28 0 1 N
32 28 2 0 N
32 20 1 2 N
