32 1 2 2 S
32 27 1 0 S
32 9 0 1 S
1 11 0 1 N
1 31 1 2 N
1 30 2 0 N
11 22 0 1 N
11 7 1 2 N
11 15 2 0 N
22 37 0 0 N
22 16 1 1 N
22 6 2 2 N
37 28 0 1 N
37 30 2 0 N
37 7 1 2 N
28 12 2 2 N
28 29 1 0 N
28 32 0 1 N
12 16 1 0 N
12 18 0 2 N
12 33 2 1 N
16 8 1 0 N
16 3 2 1 N
16 32 0 2 N
8 19 0 0 N
8 9 1 1 N
8 29 2 2 N
19 35 2 0 N
19 3 0 2 N
19 13 1 1 N
35 33 1 1 N
35 17 0 0 N
35 29 2 2 N
33 30 1 0 N
33 17 0 2 N
33 5 2 1 N
30 31 2 0 N
30 12 0 2 N
30 6 1 1 N
31 13 1 1 N
31 26 0 0 N
31 17 2 2 N
13 25 2 1 N
13 23 1 0 N
13 21 0 2 N
25 2 0 2 N
25 16 2 0 N
25 21 1 1 N
2 15 2 0 N
2 6 1 1 N
2 20 0 2 N
15 5 1 2 N
15 4 0 1 N
15 26 2 0 N
5 0 2 0 N
5 14 0 2 N
5 6 1 1 N
0 3 1 0 N
0 25 0 2 N
0 8 2 1 N
3 23 2 0 N
3 9 0 1 N
3 9 1 2 N
23 34 1 1 N
23 32 0 2 N
23 32 2 0 N
34 9 0 1 N
34 5 2 0 N
34 30 1 2 N
9 7 0 2 N
9 13 2 0 N
9 9 1 1 N
7 18 1 0 N
7 27 0 2 N
7 16 2 1 N
18 36 0 1 N
18 0 1 0 N
18 13 2 2 N
36 24 1 2 N
36 19 0 1 N
36 28 2 0 N
24 14 2 2 N
24 29 1 0 N
24 3 0 1 N
14 4 0 1 N
14 29 1 2 N
14 10 2 0 N
4 6 1 0 N
4 29 0 2 N
4 19 2 1 N
6 29 0 2 N
6 22 1 1 N
6 3 2 0 N
29 10 1 1 N
29 25 2 2 N
29 13 0 0 N
10 17 1 0 N
10 12 2 2 N
10 21 0 1 N
17 27 1 1 N
17 6 2 0 N
17 9 0 2 N
27 26 2 2 N
27 18 0 1 N
27 21 1 0 N
26 20 0 1 N
26 9 1 2 N
26 3 2 0 N
20 21 2 2 N
20 35 1 0 N
20 3 0 1 N
21 14 1 1 N
21 9 2 2 N
21 32 0 0 N
