36 37 2 1 S
36 22 1 0 S
36 28 0 2 S
37 32 1 1 N
37 11 2 0 N
37 32 0 2 N
32 25 1 0 N
32 16 0 1 N
32 3 2 2 N
25 0 0 1 N
25 28 1 0 N
25 10 2 2 N
0 31 0 1 N
0 20 1 2 N
0 20 2 0 N
31 1 1 0 N
31 18 0 2 N
31 12 2 1 N
1 19 0 0 N
1 20 2 2 N
1 21 1 1 N
19 34 1 0 N
19 12 2 1 N
19 7 0 2 N
34 20 0 0 N
34 22 1 2 N
34 7 2 1 N
20 29 0 0 N
20 20 1 1 N
20 20 2 2 N
29 8 0 1 N
29 2 1 2 N
29 10 2 0 N
8 12 1 0 N
8 11 2 1 N
8 10 0 2 N
12 22 1 1 N
12 0 2 2 N
12 20 0 0 N
22 33 1 1 N
22 19 2 0 N
22 31 0 2 N
33 15 2 0 N
33 1 0 2 N
33 31 1 1 N
15 26 2 2 N
15 0 0 0 N
15 24 1 1 N
26 14 0 2 N
26 28 1 0 N
26 36 2 1 N
14 13 0 0 N
14 32 2 2 N
14 9 1 1 N
13 28 1 1 N
13 10 2 2 N
13 18 0 0 N
28 21 1 0 N
28 34 0 1 N
28 20 2 2 N
21 11 2 0 N
21 19 0 2 N
21 36 1 1 N
11 3 1 1 N
11 36 2 2 N
11 21 0 0 N
3 10 0 2 N
3 31 1 0 N
3 22 2 1 N
10 6 0 1 N
10 31 1 0 N
10 12 2 2 N
6 4 1 0 N
6 34 0 2 N
6 0 2 1 N
4 16 2 0 N
4 19 1 2 N
4 34 0 1 N
16 2 1 1 N
16 34 0 0 N
16 10 2 2 N
2 18 2 0 N
2 20 1 2 N
2 7 0 1 N
18 27 0 2 N
18 3 2 0 N
18 36 1 1 N
27 23 0 1 N
27 4 2 2 N
27 7 1 0 N
23 35 2 1 N
23 11 1 0 N
23 6 0 2 N
35 5 2 1 N
35 15 1 2 N
35 22 0 0 N
5 7 2 1 N
5 28 1 2 N
5 26 0 0 N
7 9 1 0 N
7 33 0 1 N
7 20 2 2 N
9 30 2 0 N
9 2 0 1 N
9 20 1 2 N
30 17 2 2 N
30 31 1 0 N
30 4 0 1 N
17 24 0 1 N
17 36 2 0 N
17 33 1 2 N
24 5 0 0 N
24 21 2 1 N
24 19 1 2 N
