2 7 0 2 S
2 12 1 0 S
2 24 2 1 S
7 12 0 1 N
7 29 2 2 N
7 20 1 0 N
12 23 2 2 N
12 24 0 0 N
12 28 1 1 N
23 14 2 2 N
23 0 0 1 N
23 18 1 0 N
14 25 0 0 N
14 18 2 2 N
14 18 1 1 N
25 28 2 0 N
25 27 0 2 N
25 31 1 1 N
28 19 1 2 N
28 29 0 1 N
28 15 2 0 N
19 1 1 1 N
19 18 0 2 N
19 11 2 0 N
1 10 2 1 N
1 2 1 2 N
1 18 0 0 N
10 3 0 0 N
10 27 1 2 N
10 23 2 1 N
3 37 1 1 N
3 13 2 2 N
3 18 0 0 N
37 24 1 0 N
37 14 2 1 N
37 6 0 2 N
24 33 1 2 N
24 15 2 1 N
24 28 0 0 N
33 8 0 1 N
33 36 1 2 N
33 20 2 0 N
8 5 2 0 N
8 24 1 1 N
8 36 0 2 N
5 31 1 1 N
5 15 0 0 N
5 28 2 2 N
31 34 2 1 N
31 27 0 0 N
31 19 1 2 N
34 32 1 2 N
34 18 2 0 N
34 16 0 1 N
32 35 2 1 N
32 0 1 0 N
32 9 0 2 N
35 29 1 1 N
35 29 0 0 N
35 26 2 2 N
29 21 1 1 N
29 31 0 0 N
29 16 2 2 N
21 15 2 1 N
21 22 0 2 N
21 17 1 0 N
15 22 0 1 N
15 13 2 2 N
15 15 1 0 N
22 4 1 0 N
22 19 0 2 N
22 26 2 1 N
4 30 2 0 N
4 18 1 1 N
4 6 0 2 N
30 36 0 1 N
30 34 1 2 N
30 12 2 0 N
36 17 2 1 N
36 34 1 0 N
36 5 0 2 N
17 0 1 2 N
17 12 2 1 N
17 16 0 0 N
0 9 0 1 N
0 33 1 2 N
0 20 2 0 N
9 20 0 0 N
9 35 1 1 N
9 28 2 2 N
20 13 0 0 N
20 35 1 1 N
20 18 2 2 N
13 16 1 2 N
13 21 0 1 N
13 19 2 0 N
16 27 2 1 N
16 9 1 2 N
16 5 0 0 N
27 18 2 2 N
27 26 0 1 N
27 15 1 0 N
18 6 0 2 N
18 30 2 0 N
18 16 1 1 N
6 26 2 1 N
6 24 1 0 N
6 15 0 2 N
26 11 2 2 N
26 28 0 1 N
26 36 1 0 N
11 26 2 2 N
11 1 1 1 N
11 18 0 0 N
