14 32 2 2 S
14 5 0 0 S
14 5 1 1 S
32 25 2 0 N
32 10 1 1 N
32 36 0 2 N
25 29 2 1 N
25 35 1 0 N
25 11 0 2 N
29 30 1 0 N
29 35 2 2 N
29 0 0 1 N
30 1 1 0 N
30 33 2 2 N
30 7 0 1 N
1 24 1 1 N
1 17 2 0 N
1 7 0 2 N
24 21 0 1 N
24 0 1 0 N
24 33 2 2 N
21 10 1 2 N
21 0 0 0 N
21 36 2 1 N
10 20 1 2 N
10 12 2 0 N
10 24 0 1 N
20 8 2 2 N
20 7 1 1 N
20 22 0 0 N
8 28 1 0 N
8 17 2 2 N
8 28 0 1 N
28 12 0 1 N
28 24 2 2 N
28 35 1 0 N
12 7 2 2 N
12 14 1 1 N
12 2 0 0 N
7 22 2 2 N
7 22 1 0 N
7 22 0 1 N
22 17 0 2 N
22 8 2 0 N
22 22 1 1 N
17 4 2 0 N
17 33 1 2 N
17 33 0 1 N
4 27 2 0 N
4 34 1 1 N
4 1 0 2 N
27 15 2 1 N
27 32 0 0 N
27 7 1 2 N
15 23 0 0 N
15 7 2 1 N
15 1 1 2 N
23 16 2 1 N
23 25 1 2 N
23 20 0 0 N
16 26 2 1 N
16 1 0 2 N
16 10 1 0 N
26 18 1 2 N
26 25 0 1 N
26 34 2 0 N
18 34 1 0 N
18 3 2 2 N
18 9 0 1 N
34 36 0 1 N
34 7 2 0 N
34 22 1 2 N
36 35 2 2 N
36 2 0 1 N
36 24 1 0 N
35 31 0 0 N
35 33 1 2 N
35 33 2 1 N
31 9 2 1 N
31 26 0 2 N
31 5 1 0 N
9 33 2 0 N
9 28 1 2 N
9 35 0 1 N
33 37 1 1 N
33 7 2 0 N
33 22 0 2 N
37 19 2 1 N
37 33 0 2 N
37 11 1 0 N
19 13 1 0 N
19 12 2 1 N
19 9 0 2 N
13 3 2 1 N
13 15 0 0 N
13 5 1 2 N
3 5 2 2 N
3 21 1 0 N
3 0 0 1 N
5 2 0 0 N
5 25 2 1 N
5 20 1 2 N
2 11 1 2 N
2 11 0 1 N
2 34 2 0 N
11 6 0 2 N
11 27 2 0 N
11 7 1 1 N
6 0 2 0 N
6 18 1 2 N
6 1 0 1 N
0 30 0 0 N
0 33 1 1 N
0 7 2 2 N
