31 32 0 1 S
31 0 1 2 S
31 35 2 0 S
32 7 2 1 N
32 34 0 0 N
32 16 1 2 N
7 36 0 0 N
7 37 1 1 N
7 32 2 2 N
36 10 1 1 N
36 30 2 2 N
36 3 0 0 N
10 14 0 2 N
10 1 1 1 N
10 20 2 0 N
14 25 1 2 N
14 19 0 0 N
14 13 2 1 N
25 27 0 2 N
25 37 2 1 N
25 12 1 0 N
27 33 1 1 N
27 33 0 0 N
27 14 2 2 N
33 21 2 2 N
33 2 0 1 N
33 27 1 0 N
21 4 1 1 N
21 6 2 0 N
21 33 0 2 N
4 8 1 0 N
4 19 0 2 N
4 6 2 1 N
8 2 0 1 N
8 32 2 2 N
8 19 1 0 N
2 16 1 2 N
2 33 0 0 N
2 14 2 1 N
16 12 0 1 N
16 13 2 2 N
16 22 1 0 N
12 0 1 1 N
12 28 0 0 N
12 2 2 2 N
0 26 1 1 N
0 35 2 2 N
0 22 0 0 N
26 19 2 1 N
26 14 1 0 N
26 14 0 2 N
19 24 0 1 N
19 36 2 2 N
19 16 1 0 N
24 3 0 0 N
24 25 2 1 N
24 6 1 2 N
3 11 2 0 N
3 5 1 1 N
3 1 0 2 N
11 35 2 1 N
11 35 1 2 N
11 3 0 0 N
35 17 1 0 N
35 14 2 1 N
35 26 0 2 N
17 13 1 0 N
17 0 0 1 N
17 19 2 2 N
13 9 1 1 N
13 13 0 0 N
13 13 2 2 N
9 6 0 2 N
9 29 2 0 N
9 16 1 1 N
6 20 2 2 N
6 33 1 0 N
6 27 0 1 N
20 28 0 1 N
20 25 1 2 N
20 26 2 0 N
28 37 2 2 N
28 0 1 1 N
28 14 0 0 N
37 1 2 0 N
37 4 1 1 N
37 33 0 2 N
1 30 1 1 N
1 10 0 0 N
1 0 2 2 N
30 23 1 1 N
30 27 2 2 N
30 0 0 0 N
23 15 1 2 N
23 10 2 0 N
23 29 0 1 N
15 18 2 1 N
15 10 1 2 N
15 8 0 0 N
18 5 0 0 N
18 5 2 1 N
18 2 1 2 N
5 29 2 1 N
5 13 0 0 N
5 35 1 2 N
29 34 0 1 N
29 6 1 0 N
29 6 2 2 N
34 22 2 0 N
34 27 0 1 N
34 20 1 2 N
22 31 0 2 N
22 14 2 1 N
22 14 1 0 N
