35 23 2 0 S
35 22 0 2 S
35 11 1 1 S
23 19 2 2 N
23 32 1 0 N
23 29 0 1 N
19 32 1 1 N
19 15 0 2 N
19 31 2 0 N
32 30 0 0 N
32 23 2 2 N
32 8 1 1 N
30 28 2 0 N
30 37 0 1 N
30 37 1 2 N
28 8 2 2 N
28 14 1 1 N
28 17 0 0 N
8 2 1 1 N
8 29 0 2 N
8 12 2 0 N
2 1 1 0 N
2 33 2 2 N
2 4 0 1 N
1 18 0 0 N
1 33 2 1 N
1 11 1 2 N
18 13 2 2 N
18 20 1 0 N
18 4 0 1 N
13 3 0 2 N
13 22 1 1 N
13 14 2 0 N
3 36 0 2 N
3 32 1 0 N
3 23 2 1 N
36 14 2 1 N
36 37 0 2 N
36 9 1 0 N
14 16 2 2 N
14 37 0 1 N
14 22 1 0 N
16 27 2 2 N
16 30 1 0 N
16 30 0 1 N
27 11 1 0 N
27 8 0 1 N
27 1 2 2 N
11 22 1 2 N
11 9 0 0 N
11 36 2 1 N
22 24 2 1 N
22 22 0 2 N
22 22 1 0 N
24 17 0 1 N
24 31 2 0 N
24 30 1 2 N
17 21 2 1 N
17 4 1 2 N
17 31 0 0 N
21 10 2 2 N
21 13 1 1 N
21 29 0 0 N
10 37 2 2 N
10 18 1 1 N
10 11 0 0 N
37 5 2 0 N
37 14 1 2 N
37 9 0 1 N
5 15 1 0 N
5 30 2 1 N
5 14 0 2 N
15 31 2 2 N
15 24 1 0 N
15 9 0 1 N
31 0 0 1 N
31 22 1 2 N
31 20 2 0 N
0 26 1 0 N
0 12 2 2 N
0 20 0 1 N
26 25 1 1 N
26 5 2 2 N
26 14 0 0 N
25 34 1 2 N
25 5 2 1 N
25 28 0 0 N
34 12 2 1 N
34 30 1 2 N
34 18 0 0 N
12 7 0 0 N
12 9 1 2 N
12 30 2 1 N
7 20 0 0 N
7 24 2 2 N
7 18 1 1 N
20 29 0 1 N
20 17 1 0 N
20 6 2 2 N
29 9 1 2 N
29 35 0 1 N
29 37 2 0 N
9 4 1 1 N
9 22 2 2 N
9 22 0 0 N
4 33 2 2 N
4 5 0 0 N
4 9 1 1 N
33 6 2 0 N
33 2 0 2 N
33 22 1 1 N
6 3 0 2 N
6 37 1 0 N
6 11 2 1 N
