32 16 0 0 S
32 9 2 2 S
32 22 1 1 S
16 23 2 2 N
16 18 1 1 N
16 3 0 0 N
23 2 2 1 N
23 32 0 2 N
23 25 1 0 N
2 12 2 1 N
2 7 0 2 N
2 27 1 0 N
12 5 2 2 N
12 18 1 0 N
12 31 0 1 N
5 25 1 2 N
5 22 2 0 N
5 5 0 1 N
25 18 1 0 N
25 7 0 1 N
25 22 2 2 N
18 7 0 2 N
18 23 1 0 N
18 4 2 1 N
7 0 2 2 N
7 15 0 1 N
7 22 1 0 N
0 19 1 2 N
0 10 2 0 N
0 32 0 1 N
19 14 1 0 N
19 15 2 2 N
19 15 0 1 N
14 13 1 1 N
14 6 0 0 N
14 31 2 2 N
13 29 2 0 N
13 30 1 2 N
13 25 0 1 N
29 31 2 2 N
29 22 0 0 N
29 20 1 1 N
31 30 2 0 N
31 13 0 1 N
31 22 1 2 N
30 27 1 0 N
30 28 2 1 N
30 9 0 2 N
27 26 2 2 N
27 17 0 0 N
27 5 1 1 N
26 9 0 2 N
26 1 1 1 N
26 28 2 0 N
9 15 2 2 N
9 27 0 0 N
9 6 1 1 N
15 28 1 0 N
15 28 2 1 N
15 11 0 2 N
28 1 0 1 N
28 17 2 0 N
28 2 1 2 N
1 6 2 0 N
1 0 0 1 N
1 12 1 2 N
6 17 2 0 N
6 17 0 1 N
6 5 1 2 N
17 11 1 0 N
17 3 0 1 N
17 6 2 2 N
11 8 1 2 N
11 27 0 1 N
11 2 2 0 N
8 3 1 2 N
8 22 2 1 N
8 13 0 0 N
3 4 2 2 N
3 14 0 0 N
3 27 1 1 N
4 21 0 0 N
4 25 2 2 N
4 20 1 1 N
21 10 1 1 N
21 25 0 0 N
21 9 2 2 N
10 24 0 1 N
10 3 1 0 N
10 11 2 2 N
24 20 2 2 N
24 28 0 0 N
24 31 1 1 N
20 22 0 0 N
20 22 2 2 N
20 2 1 1 N
22 29 0 0 N
22 5 1 1 N
22 6 2 2 N
