9 0 1 1 S
9 27 0 0 S
9 26 2 2 S
0 30 0 2 N
0 7 1 1 N
0 25 2 0 N
30 22 1 0 N
30 21 2 1 N
30 30 0 2 N
22 28 2 1 N
22 30 0 0 N
22 30 1 2 N
28 31 2 2 N
28 7 1 1 N
28 2 0 0 N
31 14 1 2 N
31 30 0 1 N
31 21 2 0 N
14 1 0 1 N
14 19 1 2 N
14 19 2 0 N
1 29 2 0 N
1 19 0 2 N
1 15 1 1 N
29 4 2 0 N
29 32 0 2 N
29 22 1 1 N
4 7 2 0 N
4 7 0 1 N
4 15 1 2 N
7 17 1 0 N
7 31 0 1 N
7 16 2 2 N
17 3 1 0 N
17 9 0 1 N
17 14 2 2 N
3 20 0 1 N
3 1 1 2 N
3 15 2 0 N
20 8 2 2 N
20 4 0 0 N
20 19 1 1 N
8 26 1 0 N
8 22 2 2 N
8 21 0 1 N
26 15 0 2 N
26 30 2 0 N
26 7 1 1 N
15 32 0 1 N
15 7 2 0 N
15 30 1 2 N
32 11 2 0 N
32 20 0 1 N
32 20 1 2 N
11 23 0 1 N
11 12 2 0 N
11 4 1 2 N
23 18 2 1 N
23 26 1 0 N
23 7 0 2 N
18 21 1 2 N
18 16 2 1 N
18 21 0 0 N
21 25 0 1 N
21 7 1 0 N
21 30 2 2 N
25 16 2 1 N
25 7 0 2 N
25 22 1 0 N
16 6 1 2 N
16 2 0 1 N
16 30 2 0 N
6 27 1 1 N
6 13 0 2 N
6 23 2 0 N
27 2 1 1 N
27 10 2 0 N
27 26 0 2 N
2 10 1 2 N
2 25 0 1 N
2 25 2 0 N
10 24 1 1 N
10 25 2 2 N
10 13 0 0 N
24 5 2 0 N
24 3 1 1 N
24 28 0 2 N
5 12 2 2 N
5 23 0 0 N
5 19 1 1 N
12 19 2 0 N
12 30 0 1 N
12 2 1 2 N
19 13 2 2 N
19 25 1 0 N
19 31 0 1 N
13 30 1 2 N
13 21 2 0 N
13 25 0 1 N
