20 1 0 1 S
20 30 1 2 S
20 20 2 0 S
1 25 0 2 N
1 32 2 1 N
1 18 1 0 N
25 16 1 0 N
25 20 2 1 N
25 26 0 2 N
16 27 0 1 N
16 13 2 0 N
16 12 1 2 N
27 14 1 0 N
27 13 2 2 N
27 26 0 1 N
14 28 1 1 N
14 9 2 0 N
14 12 0 2 N
28 17 1 0 N
28 18 2 1 N
28 9 0 2 N
17 2 0 0 N
17 28 1 2 N
17 15 2 1 N
2 19 1 2 N
2 27 2 0 N
2 22 0 1 N
19 0 1 2 N
19 14 0 1 N
19 6 2 0 N
0 13 0 1 N
0 28 2 2 N
0 18 1 0 N
13 30 2 2 N
13 24 0 1 N
13 19 1 0 N
30 24 0 0 N
30 19 1 2 N
30 18 2 1 N
24 12 2 0 N
24 9 1 1 N
24 11 0 2 N
12 31 1 2 N
12 20 2 0 N
12 20 0 1 N
31 9 0 1 N
31 32 2 0 N
31 15 1 2 N
9 26 1 2 N
9 23 2 1 N
9 12 0 0 N
26 10 1 1 N
26 29 0 0 N
26 6 2 2 N
10 11 2 2 N
10 1 1 1 N
10 15 0 0 N
11 8 2 1 N
11 6 0 0 N
11 6 1 2 N
8 18 1 2 N
8 6 0 0 N
8 30 2 1 N
18 6 2 2 N
18 21 0 1 N
18 11 1 0 N
6 22 1 2 N
6 20 0 1 N
6 20 2 0 N
22 15 2 0 N
22 7 1 2 N
22 6 0 1 N
15 32 2 0 N
15 22 0 2 N
15 12 1 1 N
32 23 1 2 N
32 6 2 1 N
32 6 0 0 N
23 5 1 0 N
23 20 0 1 N
23 24 2 2 N
5 4 0 2 N
5 1 1 0 N
5 3 2 1 N
4 7 2 2 N
4 11 1 0 N
4 9 0 1 N
7 29 0 0 N
7 3 2 1 N
7 6 1 2 N
29 3 0 2 N
29 11 2 0 N
29 6 1 1 N
3 21 1 0 N
3 24 2 2 N
3 9 0 1 N
21 22 0 1 N
21 29 2 0 N
21 11 1 2 N
