30 24 0 2 S
30 17 2 1 S
30 21 1 0 S
24 27 0 1 N
24 17 1 2 N
24 17 2 0 N
27 8 0 2 N
27 26 2 1 N
27 15 1 0 N
8 3 1 0 N
8 2 2 2 N
8 2 0 1 N
3 21 0 2 N
3 24 2 1 N
3 8 1 0 N
21 6 0 0 N
21 32 1 2 N
21 2 2 1 N
6 19 0 1 N
6 15 2 0 N
6 2 1 2 N
19 11 2 0 N
19 28 1 2 N
19 22 0 1 N
11 13 0 2 N
11 18 1 0 N
11 31 2 1 N
13 10 0 0 N
13 26 1 2 N
13 9 2 1 N
10 28 2 2 N
10 9 1 0 N
10 9 0 1 N
28 4 1 1 N
28 8 0 0 N
28 8 2 2 N
4 14 1 1 N
4 7 0 2 N
4 8 2 0 N
14 17 1 2 N
14 28 2 0 N
14 1 0 1 N
17 22 1 0 N
17 5 2 1 N
17 28 0 2 N
22 1 1 2 N
22 5 2 0 N
22 21 0 1 N
1 18 0 1 N
1 9 1 2 N
1 22 2 0 N
18 2 0 1 N
18 15 2 2 N
18 22 1 0 N
2 31 0 1 N
2 2 1 2 N
2 2 2 0 N
31 7 2 2 N
31 9 0 1 N
31 5 1 0 N
7 9 2 1 N
7 12 1 2 N
7 27 0 0 N
9 26 2 0 N
9 29 0 1 N
9 5 1 2 N
26 15 2 0 N
26 32 1 1 N
26 29 0 2 N
15 16 0 0 N
15 5 1 2 N
15 5 2 1 N
16 5 0 0 N
16 6 2 2 N
16 27 1 1 N
5 12 2 2 N
5 26 1 0 N
5 2 0 1 N
12 0 2 0 N
12 28 1 2 N
12 2 0 1 N
0 29 2 1 N
0 27 1 0 N
0 6 0 2 N
29 23 1 0 N
29 1 0 2 N
29 9 2 1 N
23 20 0 0 N
23 17 2 1 N
23 19 1 2 N
20 25 1 2 N
20 15 2 1 N
20 21 0 0 N
25 32 0 1 N
25 0 2 0 N
25 17 1 2 N
32 1 0 0 N
32 8 2 1 N
32 8 1 2 N
