19 5 1 2 S
19 18 0 1 S
19 13 2 0 S
5 10 1 2 N
5 17 0 0 N
5 6 2 1 N
10 32 2 0 N
10 15 0 2 N
10 15 1 1 N
32 20 1 2 N
32 14 2 0 N
32 13 0 1 N
20 11 0 2 N
20 27 2 0 N
20 29 1 1 N
11 14 2 1 N
11 28 1 2 N
11 28 0 0 N
14 4 0 2 N
14 22 2 0 N
14 13 1 1 N
4 0 2 1 N
4 7 1 2 N
4 6 0 0 N
0 15 0 2 N
0 13 2 1 N
0 28 1 0 N
15 27 1 1 N
15 22 2 2 N
15 29 0 0 N
27 29 0 1 N
27 10 2 2 N
27 31 1 0 N
29 1 1 2 N
29 8 0 0 N
29 19 2 1 N
1 3 0 0 N
1 9 2 2 N
1 0 1 1 N
3 31 1 2 N
3 4 2 0 N
3 1 0 1 N
31 8 0 2 N
31 10 2 0 N
31 28 1 1 N
8 28 0 2 N
8 20 1 1 N
8 13 2 0 N
28 17 1 2 N
28 28 2 0 N
28 28 0 1 N
17 12 2 1 N
17 14 0 0 N
17 1 1 2 N
12 24 1 2 N
12 25 0 0 N
12 8 2 1 N
24 30 1 2 N
24 2 2 1 N
24 4 0 0 N
30 18 0 0 N
30 31 1 1 N
30 32 2 2 N
18 13 2 1 N
18 29 1 0 N
18 10 0 2 N
13 9 0 0 N
13 29 1 1 N
13 28 2 2 N
9 16 2 0 N
9 21 0 2 N
9 16 1 1 N
16 6 2 0 N
16 25 1 2 N
16 22 0 1 N
6 21 1 1 N
6 11 2 0 N
6 22 0 2 N
21 26 1 2 N
21 15 2 0 N
21 11 0 1 N
26 22 2 0 N
26 2 1 1 N
26 6 0 2 N
22 7 1 2 N
22 11 0 0 N
22 28 2 1 N
7 23 2 0 N
7 24 1 1 N
7 25 0 2 N
23 25 0 0 N
23 18 1 1 N
23 8 2 2 N
25 2 1 0 N
25 13 0 1 N
25 13 2 2 N
2 3 2 0 N
2 20 0 1 N
2 8 1 2 N
