8 17 0 2 S
8 26 1 0 S
8 13 2 1 S
17 28 2 0 N
17 27 0 2 N
17 13 1 1 N
28 2 2 2 N
28 1 0 1 N
28 10 1 0 N
2 13 1 0 N
2 8 2 2 N
2 8 0 1 N
13 19 2 2 N
13 17 0 0 N
13 13 1 1 N
19 29 1 0 N
19 29 0 2 N
19 2 2 1 N
29 1 0 1 N
29 1 2 0 N
29 30 1 2 N
1 15 2 1 N
1 29 0 0 N
1 13 1 2 N
15 5 1 1 N
15 2 2 2 N
15 26 0 0 N
5 4 1 2 N
5 2 2 0 N
5 4 0 1 N
4 18 0 0 N
4 8 2 1 N
4 26 1 2 N
18 10 0 0 N
18 3 1 2 N
18 25 2 1 N
10 6 1 1 N
10 5 0 2 N
10 13 2 0 N
6 27 1 2 N
6 32 0 1 N
6 29 2 0 N
27 3 0 2 N
27 23 1 0 N
27 26 2 1 N
3 20 1 1 N
3 19 0 2 N
3 27 2 0 N
20 31 0 0 N
20 8 2 2 N
20 26 1 1 N
31 30 1 0 N
31 0 2 1 N
31 17 0 2 N
30 22 0 2 N
30 27 2 1 N
30 13 1 0 N
22 23 1 0 N
22 12 2 2 N
22 24 0 1 N
23 9 2 1 N
23 25 0 2 N
23 14 1 0 N
9 16 2 1 N
9 15 1 0 N
9 22 0 2 N
16 0 1 1 N
16 27 2 2 N
16 4 0 0 N
0 24 1 0 N
0 2 2 2 N
0 2 0 1 N
24 7 2 2 N
24 19 0 0 N
24 10 1 1 N
7 25 1 2 N
7 13 0 0 N
7 17 2 1 N
25 14 0 0 N
25 28 2 1 N
25 6 1 2 N
14 11 1 2 N
14 17 0 0 N
14 30 2 1 N
11 32 1 1 N
11 7 2 2 N
11 27 0 0 N
32 12 0 2 N
32 27 1 0 N
32 31 2 1 N
12 26 2 2 N
12 3 1 0 N
12 31 0 1 N
26 21 1 0 N
26 5 0 1 N
26 10 2 2 N
21 17 0 0 N
21 17 2 1 N
21 8 1 2 N
