27 1 1 1 S
27 24 0 0 S
27 9 2 2 S
1 12 0 0 N
1 6 1 2 N
1 15 2 1 N
12 29 2 0 N
12 31 0 2 N
12 10 1 1 N
29 14 2 0 N
29 26 0 1 N
29 31 1 2 N
14 18 0 0 N
14 15 1 2 N
14 9 2 1 N
18 3 0 2 N
18 10 1 0 N
18 24 2 1 N
3 31 0 2 N
3 7 2 0 N
3 16 1 1 N
31 10 2 0 N
31 16 1 1 N
31 31 0 2 N
10 23 1 1 N
10 18 0 0 N
10 31 2 2 N
23 11 2 1 N
23 8 1 0 N
23 11 0 2 N
11 8 0 0 N
11 15 1 2 N
11 5 2 1 N
8 0 2 0 N
8 17 0 1 N
8 31 1 2 N
0 16 1 2 N
0 24 2 0 N
0 3 0 1 N
16 17 2 1 N
16 15 1 0 N
16 31 0 2 N
17 28 1 0 N
17 32 0 2 N
17 7 2 1 N
28 15 0 0 N
28 24 2 2 N
28 9 1 1 N
15 24 0 0 N
15 6 1 1 N
15 29 2 2 N
24 30 0 1 N
24 27 2 0 N
24 16 1 2 N
30 13 1 2 N
30 7 2 0 N
30 11 0 1 N
13 32 1 2 N
13 7 0 1 N
13 20 2 0 N
32 20 2 1 N
32 26 0 0 N
32 12 1 2 N
20 2 0 1 N
20 15 1 2 N
20 21 2 0 N
2 4 2 0 N
2 26 0 2 N
2 23 1 1 N
4 25 0 1 N
4 15 2 0 N
4 0 1 2 N
25 26 0 2 N
25 6 1 1 N
25 28 2 0 N
26 7 1 0 N
26 4 0 1 N
26 21 2 2 N
7 21 2 2 N
7 26 1 1 N
7 26 0 0 N
21 6 2 2 N
21 32 1 1 N
21 22 0 0 N
6 19 2 1 N
6 12 1 0 N
6 21 0 2 N
19 5 0 1 N
19 6 1 0 N
19 22 2 2 N
5 9 1 1 N
5 30 0 2 N
5 12 2 0 N
9 22 1 0 N
9 12 2 1 N
9 29 0 2 N
22 26 2 2 N
22 20 1 0 N
22 16 0 1 N
