4 8 2 0 S
4 8 0 1 S
4 16 1 2 S
8 24 0 0 N
8 24 1 1 N
8 15 2 2 N
24 14 2 2 N
24 13 1 1 N
24 26 0 0 N
14 22 1 0 N
14 30 2 1 N
14 1 0 2 N
22 17 1 2 N
22 23 0 0 N
22 7 2 1 N
17 21 1 0 N
17 14 0 1 N
17 31 2 2 N
21 7 2 2 N
21 16 0 1 N
21 6 1 0 N
7 1 1 2 N
7 16 0 0 N
7 4 2 1 N
1 15 2 2 N
1 31 0 1 N
1 23 1 0 N
15 19 2 1 N
15 7 1 2 N
15 26 0 0 N
19 10 0 2 N
19 20 2 0 N
19 23 1 1 N
10 2 2 2 N
10 9 0 1 N
10 1 1 0 N
2 29 2 0 N
2 14 1 2 N
2 18 0 1 N
29 26 0 2 N
29 7 2 1 N
29 4 1 0 N
26 13 1 1 N
26 23 2 0 N
26 6 0 2 N
13 27 2 0 N
13 18 0 1 N
13 24 1 2 N
27 31 2 2 N
27 5 0 0 N
27 28 1 1 N
31 0 1 1 N
31 23 2 2 N
31 21 0 0 N
0 18 2 2 N
0 32 1 0 N
0 18 0 1 N
18 9 2 0 N
18 21 1 1 N
18 23 0 2 N
9 30 1 2 N
9 23 0 1 N
9 21 2 0 N
30 3 2 2 N
30 5 0 0 N
30 15 1 1 N
3 32 0 1 N
3 15 2 0 N
3 4 1 2 N
32 6 0 2 N
32 3 2 1 N
32 18 1 0 N
6 5 1 1 N
6 8 2 0 N
6 6 0 2 N
5 16 0 2 N
5 15 1 1 N
5 3 2 0 N
16 25 2 1 N
16 6 0 2 N
16 6 1 0 N
25 20 2 1 N
25 15 0 2 N
25 24 1 0 N
20 11 2 0 N
20 28 1 1 N
20 26 0 2 N
11 12 1 0 N
11 30 0 2 N
11 26 2 1 N
12 28 2 1 N
12 27 0 2 N
12 29 1 0 N
28 23 2 2 N
28 17 0 1 N
28 7 1 0 N
23 5 2 1 N
23 16 1 2 N
23 6 0 0 N
