2 14 2 2 S
2 9 0 1 S
2 6 1 0 S
14 29 0 1 N
14 32 1 0 N
14 21 2 2 N
29 24 1 0 N
29 4 0 1 N
29 6 2 2 N
24 15 1 0 N
24 15 0 2 N
24 1 2 1 N
15 3 1 1 N
15 23 0 0 N
15 32 2 2 N
3 11 1 2 N
3 31 0 0 N
3 9 2 1 N
11 21 0 1 N
11 20 1 2 N
11 8 2 0 N
21 9 0 0 N
21 28 2 2 N
21 31 1 1 N
9 8 1 2 N
9 31 2 0 N
9 28 0 1 N
8 7 0 0 N
8 11 2 2 N
8 1 1 1 N
7 0 0 1 N
7 1 1 0 N
7 23 2 2 N
0 12 1 2 N
0 25 0 0 N
0 14 2 1 N
12 32 2 1 N
12 4 0 2 N
12 29 1 0 N
32 19 2 1 N
32 5 0 2 N
32 31 1 0 N
19 23 2 0 N
19 29 0 2 N
19 28 1 1 N
23 26 0 0 N
23 3 2 1 N
23 24 1 2 N
26 1 2 1 N
26 30 0 2 N
26 14 1 0 N
1 27 2 1 N
1 13 0 2 N
1 21 1 0 N
27 28 1 0 N
27 7 0 1 N
27 3 2 2 N
28 16 1 2 N
28 14 0 1 N
28 21 2 0 N
16 30 2 0 N
16 17 1 2 N
16 23 0 1 N
30 4 1 2 N
30 25 2 1 N
30 2 0 0 N
4 31 0 0 N
4 3 2 2 N
4 32 1 1 N
31 13 0 2 N
31 9 1 1 N
31 31 2 0 N
13 6 2 2 N
13 28 1 0 N
13 29 0 1 N
6 20 2 2 N
6 19 1 0 N
6 21 0 1 N
20 22 1 2 N
20 15 0 1 N
20 9 2 0 N
22 10 1 1 N
22 27 2 0 N
22 0 0 2 N
10 17 1 0 N
10 6 2 1 N
10 6 0 2 N
17 5 0 1 N
17 27 1 2 N
17 14 2 0 N
5 25 1 0 N
5 9 0 1 N
5 6 2 2 N
25 18 0 0 N
25 31 1 1 N
25 9 2 2 N
18 0 0 1 N
18 31 1 2 N
18 13 2 0 N
