7 15 1 0 S
7 0 0 2 S
7 18 2 1 S
15 14 0 2 N
15 18 2 0 N
15 29 1 1 N
14 21 1 1 N
14 0 2 0 N
14 18 0 2 N
21 12 2 0 N
21 27 1 2 N
21 29 0 1 N
12 10 1 0 N
12 16 0 2 N
12 24 2 1 N
10 26 1 2 N
10 7 2 0 N
10 26 0 1 N
26 27 2 1 N
26 7 1 2 N
26 22 0 0 N
27 1 0 1 N
27 26 1 0 N
27 11 2 2 N
1 31 2 0 N
1 9 1 1 N
1 12 0 2 N
31 30 2 0 N
31 1 1 2 N
31 29 0 1 N
30 28 2 0 N
30 28 1 2 N
30 16 0 1 N
28 23 0 1 N
28 16 1 2 N
28 13 2 0 N
23 32 2 1 N
23 24 1 2 N
23 9 0 0 N
32 20 2 1 N
32 18 1 0 N
32 29 0 2 N
20 24 1 0 N
20 32 0 1 N
20 23 2 2 N
24 6 1 0 N
24 26 2 1 N
24 29 0 2 N
6 22 1 2 N
6 15 0 1 N
6 13 2 0 N
22 18 1 1 N
22 15 0 2 N
22 22 2 0 N
18 13 2 2 N
18 1 1 0 N
18 2 0 1 N
13 2 1 2 N
13 17 0 0 N
13 9 2 1 N
2 5 1 2 N
2 32 0 0 N
2 24 2 1 N
5 4 0 0 N
5 15 2 1 N
5 26 1 2 N
4 17 0 1 N
4 29 2 2 N
4 12 1 0 N
17 3 0 2 N
17 12 2 1 N
17 8 1 0 N
3 11 2 1 N
3 29 1 2 N
3 11 0 0 N
11 0 1 1 N
11 10 0 0 N
11 18 2 2 N
0 25 1 2 N
0 8 0 0 N
0 22 2 1 N
25 19 2 0 N
25 0 1 2 N
25 18 0 1 N
19 9 1 2 N
19 2 2 1 N
19 32 0 0 N
9 8 2 1 N
9 4 0 2 N
9 22 1 0 N
8 16 1 2 N
8 1 2 1 N
8 16 0 0 N
16 29 1 0 N
16 2 0 1 N
16 22 2 2 N
29 8 0 1 N
29 18 2 2 N
29 22 1 0 N
