9 21 1 1 S
9 1 2 2 S
9 26 0 0 S
21 14 2 2 N
21 32 0 1 N
21 1 1 0 N
14 12 0 2 N
14 25 2 1 N
14 2 1 0 N
12 4 0 1 N
12 1 1 0 N
12 24 2 2 N
4 6 1 2 N
4 9 0 0 N
4 29 2 1 N
6 20 0 2 N
6 31 2 1 N
6 18 1 0 N
20 29 2 0 N
20 23 1 1 N
20 14 0 2 N
29 10 0 1 N
29 27 2 0 N
29 0 1 2 N
10 26 2 0 N
10 0 0 1 N
10 24 1 2 N
26 7 0 0 N
26 12 2 2 N
26 12 1 1 N
7 5 0 1 N
7 8 1 0 N
7 28 2 2 N
5 13 1 2 N
5 15 2 1 N
5 29 0 0 N
13 32 0 1 N
13 6 2 2 N
13 24 1 0 N
32 19 1 2 N
32 23 0 0 N
32 12 2 1 N
19 2 2 1 N
19 32 0 0 N
19 4 1 2 N
2 3 2 0 N
2 10 0 2 N
2 24 1 1 N
3 15 2 1 N
3 32 0 2 N
3 10 1 0 N
15 11 1 0 N
15 13 0 2 N
15 4 2 1 N
11 23 1 2 N
11 26 0 1 N
11 12 2 0 N
23 28 0 0 N
23 10 2 2 N
23 26 1 1 N
28 31 0 1 N
28 3 1 2 N
28 32 2 0 N
31 1 0 1 N
31 12 1 0 N
31 23 2 2 N
1 16 1 0 N
1 2 2 1 N
1 10 0 2 N
16 24 2 1 N
16 4 1 2 N
16 2 0 0 N
24 17 0 2 N
24 2 2 1 N
24 0 1 0 N
17 25 0 2 N
17 18 2 1 N
17 18 1 0 N
25 30 1 2 N
25 10 0 0 N
25 2 2 1 N
30 27 0 1 N
30 5 1 2 N
30 2 2 0 N
27 22 1 1 N
27 12 0 2 N
27 28 2 0 N
22 8 0 0 N
22 23 1 2 N
22 15 2 1 N
8 18 0 1 N
8 4 1 0 N
8 1 2 2 N
18 0 1 0 N
18 16 2 1 N
18 1 0 2 N
0 0 0 0 N
0 0 2 1 N
0 0 1 2 N
