23 1 0 1 S
23 13 2 0 S
23 0 1 2 S
1 9 2 0 N
1 18 1 1 N
1 31 0 2 N
9 28 2 0 N
9 12 1 1 N
9 12 0 2 N
28 13 2 1 N
28 18 0 0 N
28 14 1 2 N
13 0 2 1 N
13 29 1 2 N
13 30 0 0 N
0 12 2 0 N
0 26 0 1 N
0 27 1 2 N
12 6 2 0 N
12 17 1 1 N
12 32 0 2 N
6 32 0 1 N
6 19 2 0 N
6 17 1 2 N
32 16 0 1 N
32 24 1 2 N
32 7 2 0 N
16 31 1 0 N
16 3 0 2 N
16 7 2 1 N
31 17 1 0 N
31 27 2 2 N
31 3 0 1 N
17 30 0 1 N
17 3 2 0 N
17 7 1 2 N
30 20 0 0 N
30 29 2 1 N
30 17 1 2 N
20 8 0 2 N
20 18 1 0 N
20 13 2 1 N
8 26 0 1 N
8 26 2 2 N
8 15 1 0 N
26 7 0 2 N
26 5 2 0 N
26 10 1 1 N
7 2 0 0 N
7 12 1 2 N
7 7 2 1 N
2 11 1 1 N
2 27 0 0 N
2 14 2 2 N
11 3 1 2 N
11 21 2 0 N
11 31 0 1 N
3 10 1 0 N
3 27 2 1 N
3 21 0 2 N
10 22 2 1 N
10 27 0 2 N
10 7 1 0 N
22 18 2 2 N
22 21 0 0 N
22 15 1 1 N
18 4 0 0 N
18 7 2 2 N
18 25 1 1 N
4 5 2 2 N
4 16 0 0 N
4 10 1 1 N
5 29 0 0 N
5 7 1 1 N
5 21 2 2 N
29 21 1 1 N
29 11 0 0 N
29 25 2 2 N
21 24 1 0 N
21 32 2 2 N
21 12 0 1 N
24 19 0 0 N
24 1 2 1 N
24 9 1 2 N
19 14 1 2 N
19 18 0 1 N
19 26 2 0 N
14 15 0 2 N
14 5 2 0 N
14 21 1 1 N
15 25 1 2 N
15 17 2 1 N
15 16 0 0 N
25 27 2 1 N
25 12 1 0 N
25 17 0 2 N
27 17 0 2 N
27 12 2 0 N
27 7 1 1 N
