20 19 2 2 S
20 1 0 1 S
20 1 1 0 S
19 12 1 1 N
19 2 0 0 N
19 0 2 2 N
12 18 0 1 N
12 21 2 0 N
12 23 1 2 N
18 13 2 2 N
18 32 1 1 N
18 0 0 0 N
13 26 0 0 N
13 12 2 2 N
13 11 1 1 N
26 11 0 0 N
26 0 1 2 N
26 31 2 1 N
11 10 1 1 N
11 31 2 2 N
11 31 0 0 N
10 31 1 1 N
10 15 2 2 N
10 15 0 0 N
31 5 2 2 N
31 9 0 1 N
31 31 1 0 N
5 25 2 0 N
5 6 1 2 N
5 29 0 1 N
25 30 1 2 N
25 26 2 0 N
25 9 0 1 N
30 22 0 0 N
30 9 2 2 N
30 31 1 1 N
22 23 1 0 N
22 7 2 2 N
22 14 0 1 N
23 24 2 0 N
23 32 1 1 N
23 30 0 2 N
24 4 1 0 N
24 10 0 1 N
24 0 2 2 N
4 9 2 2 N
4 21 0 1 N
4 19 1 0 N
9 1 0 1 N
9 16 2 2 N
9 18 1 0 N
1 14 2 2 N
1 2 1 0 N
1 16 0 1 N
14 2 2 2 N
14 3 1 1 N
14 28 0 0 N
2 32 2 1 N
2 14 1 2 N
2 31 0 0 N
32 7 2 0 N
32 10 0 2 N
32 5 1 1 N
7 28 1 2 N
7 26 0 1 N
7 26 2 0 N
28 8 1 2 N
28 0 2 0 N
28 31 0 1 N
8 27 1 2 N
8 5 0 1 N
8 5 2 0 N
27 6 2 0 N
27 13 1 1 N
27 0 0 2 N
6 0 0 2 N
6 26 1 1 N
6 27 2 0 N
0 3 1 0 N
0 14 2 2 N
0 26 0 1 N
3 16 2 0 N
3 31 1 1 N
3 29 0 2 N
16 29 2 1 N
16 9 1 2 N
16 11 0 0 N
29 21 1 1 N
29 28 0 2 N
29 26 2 0 N
21 17 1 0 N
21 9 2 2 N
21 2 0 1 N
17 15 1 1 N
17 15 2 2 N
17 29 0 0 N
15 16 2 2 N
15 10 0 0 N
15 7 1 1 N
