14 13 2 0 S
14 30 1 1 S
14 21 0 2 S
13 19 0 2 N
13 15 1 0 N
13 30 2 1 N
19 9 2 0 N
19 31 0 2 N
19 5 1 1 N
9 1 0 0 N
9 3 1 1 N
9 28 2 2 N
1 21 1 0 N
1 17 0 2 N
1 17 2 1 N
21 26 0 2 N
21 17 1 1 N
21 28 2 0 N
26 12 2 0 N
26 2 1 1 N
26 28 0 2 N
12 10 2 1 N
12 32 0 2 N
12 10 1 0 N
10 18 2 0 N
10 28 1 1 N
10 32 0 2 N
18 0 2 1 N
18 9 0 2 N
18 11 1 0 N
0 29 2 0 N
0 12 1 2 N
0 17 0 1 N
29 31 2 0 N
29 17 1 2 N
29 32 0 1 N
31 23 2 1 N
31 16 1 0 N
31 32 0 2 N
23 27 2 2 N
23 4 1 1 N
23 14 0 0 N
27 8 0 0 N
27 17 1 1 N
27 22 2 2 N
8 7 0 2 N
8 22 1 0 N
8 28 2 1 N
7 4 2 0 N
7 25 1 2 N
7 26 0 1 N
4 20 1 0 N
4 6 2 1 N
4 28 0 2 N
20 32 1 1 N
20 8 0 0 N
20 26 2 2 N
32 24 2 1 N
32 31 1 0 N
32 21 0 2 N
24 2 0 2 N
24 32 1 0 N
24 23 2 1 N
2 6 2 2 N
2 32 0 1 N
2 16 1 0 N
6 30 0 1 N
6 32 1 2 N
6 12 2 0 N
30 3 2 0 N
30 24 0 1 N
30 21 1 2 N
3 17 0 0 N
3 32 1 1 N
3 14 2 2 N
17 11 0 1 N
17 10 1 0 N
17 4 2 2 N
11 5 1 1 N
11 26 0 0 N
11 4 2 2 N
5 22 0 1 N
5 32 2 2 N
5 26 1 0 N
22 16 0 2 N
22 9 2 0 N
22 32 1 1 N
16 28 2 0 N
16 10 1 2 N
16 21 0 1 N
28 25 0 2 N
28 28 1 0 N
28 28 2 1 N
25 15 1 2 N
25 2 0 1 N
25 26 2 0 N
15 5 0 2 N
15 30 1 0 N
15 18 2 1 N
