0 11 1 1 S
0 8 2 0 S
0 30 0 2 S
11 13 0 1 N
11 25 2 0 N
11 1 1 2 N
13 16 2 2 N
13 0 0 1 N
13 29 1 0 N
16 31 1 2 N
16 2 2 1 N
16 5 0 0 N
31 19 1 1 N
31 8 2 0 N
31 12 0 2 N
19 32 1 0 N
19 7 2 1 N
19 30 0 2 N
32 4 2 0 N
32 0 1 1 N
32 6 0 2 N
4 21 1 0 N
4 26 0 1 N
4 18 2 2 N
21 15 1 1 N
21 1 0 2 N
21 5 2 0 N
15 29 1 0 N
15 8 2 2 N
15 27 0 1 N
29 9 1 1 N
29 11 2 2 N
29 22 0 0 N
9 22 2 2 N
9 31 0 0 N
9 29 1 1 N
22 2 1 2 N
22 30 0 1 N
22 18 2 0 N
2 14 0 1 N
2 20 2 0 N
2 14 1 2 N
14 12 1 0 N
14 18 0 2 N
14 22 2 1 N
12 18 2 2 N
12 17 0 1 N
12 19 1 0 N
18 24 1 1 N
18 27 2 2 N
18 30 0 0 N
24 20 1 2 N
24 22 0 1 N
24 15 2 0 N
20 6 1 0 N
20 1 0 1 N
20 11 2 2 N
6 23 1 1 N
6 19 0 2 N
6 30 2 0 N
23 17 0 2 N
23 13 1 1 N
23 27 2 0 N
17 27 1 2 N
17 29 0 0 N
17 0 2 1 N
27 25 0 1 N
27 0 1 2 N
27 0 2 0 N
25 26 0 2 N
25 13 1 1 N
25 29 2 0 N
26 28 1 1 N
26 2 0 2 N
26 8 2 0 N
28 7 1 2 N
28 3 0 0 N
28 22 2 1 N
7 30 1 1 N
7 13 0 0 N
7 15 2 2 N
30 10 2 2 N
30 22 0 0 N
30 30 1 1 N
10 8 2 1 N
10 23 1 2 N
10 4 0 0 N
8 3 2 0 N
8 18 1 1 N
8 0 0 2 N
3 5 2 0 N
3 21 0 2 N
3 9 1 1 N
5 1 2 2 N
5 7 0 1 N
5 30 1 0 N
1 17 1 0 N
1 24 0 2 N
1 19 2 1 N
