26 30 0 0 S
26 17 2 1 S
26 16 1 2 S
30 12 2 2 N
30 17 0 1 N
30 8 1 0 N
12 17 0 2 N
12 25 2 0 N
12 25 1 1 N
17 14 0 2 N
17 22 2 0 N
17 25 1 1 N
14 9 0 2 N
14 20 1 1 N
14 4 2 0 N
9 31 0 2 N
9 25 1 1 N
9 12 2 0 N
31 19 1 1 N
31 26 0 0 N
31 32 2 2 N
19 2 1 0 N
19 12 2 2 N
19 3 0 1 N
2 15 0 2 N
2 1 1 0 N
2 25 2 1 N
15 4 1 1 N
15 16 0 0 N
15 19 2 2 N
4 29 0 1 N
4 19 2 0 N
4 9 1 2 N
29 13 2 2 N
29 24 1 1 N
29 26 0 0 N
13 0 2 0 N
13 25 0 2 N
13 9 1 1 N
0 28 1 0 N
0 10 2 2 N
0 1 0 1 N
28 27 0 2 N
28 25 1 1 N
28 20 2 0 N
27 22 2 1 N
27 18 1 0 N
27 25 0 2 N
22 18 0 1 N
22 12 2 2 N
22 12 1 0 N
18 8 1 1 N
18 11 0 2 N
18 1 2 0 N
8 25 2 2 N
8 24 1 0 N
8 25 0 1 N
25 5 0 2 N
25 12 2 0 N
25 25 1 1 N
5 10 0 0 N
5 22 1 2 N
5 1 2 1 N
10 7 0 2 N
10 4 2 0 N
10 14 1 1 N
7 32 2 0 N
7 2 0 1 N
7 25 1 2 N
32 21 1 1 N
32 22 2 2 N
32 20 0 0 N
21 20 1 0 N
21 32 2 2 N
21 25 0 1 N
20 23 2 2 N
20 7 0 0 N
20 12 1 1 N
23 11 0 2 N
23 18 2 0 N
23 11 1 1 N
11 24 1 1 N
11 28 0 2 N
11 22 2 0 N
24 3 2 1 N
24 6 0 2 N
24 4 1 0 N
3 6 1 1 N
3 30 2 2 N
3 22 0 0 N
6 1 0 0 N
6 10 2 1 N
6 2 1 2 N
1 16 2 2 N
1 25 0 0 N
1 16 1 1 N
16 8 0 2 N
16 15 1 1 N
16 8 2 0 N
