31 2 2 2 S
31 0 1 0 S
31 23 0 1 S
2 26 2 2 N
2 16 0 1 N
2 8 1 0 N
26 15 0 2 N
26 27 2 0 N
26 23 1 1 N
15 25 1 2 N
15 12 2 1 N
15 23 0 0 N
25 29 2 0 N
25 11 0 2 N
25 24 1 1 N
29 10 2 1 N
29 10 0 2 N
29 10 1 0 N
10 1 2 2 N
10 1 1 1 N
10 3 0 0 N
1 6 0 2 N
1 13 1 0 N
1 0 2 1 N
6 13 0 2 N
6 5 1 1 N
6 5 2 0 N
13 20 0 2 N
13 15 1 0 N
13 3 2 1 N
20 8 1 0 N
20 28 0 1 N
20 10 2 2 N
8 9 0 2 N
8 10 1 1 N
8 3 2 0 N
9 7 1 2 N
9 8 0 0 N
9 6 2 1 N
7 16 1 0 N
7 10 2 1 N
7 6 0 2 N
16 3 2 2 N
16 5 0 0 N
16 10 1 1 N
3 5 2 0 N
3 6 1 1 N
3 12 0 2 N
5 23 1 2 N
5 6 0 0 N
5 5 2 1 N
23 14 0 2 N
23 6 2 0 N
23 12 1 1 N
14 19 0 2 N
14 27 1 0 N
14 23 2 1 N
19 12 1 2 N
19 7 0 0 N
19 8 2 1 N
12 28 1 1 N
12 15 0 0 N
12 5 2 2 N
28 32 1 0 N
28 9 0 1 N
28 12 2 2 N
32 24 0 1 N
32 5 1 0 N
32 22 2 2 N
24 30 2 0 N
24 18 1 1 N
24 0 0 2 N
30 27 2 1 N
30 12 1 0 N
30 23 0 2 N
27 11 2 1 N
27 7 1 0 N
27 18 0 2 N
11 18 1 0 N
11 5 0 2 N
11 4 2 1 N
18 21 1 2 N
18 10 2 1 N
18 14 0 0 N
21 4 1 1 N
21 27 0 2 N
21 32 2 0 N
4 0 2 1 N
4 13 0 0 N
4 22 1 2 N
0 17 2 2 N
0 6 1 0 N
0 3 0 1 N
17 22 1 2 N
17 13 2 1 N
17 6 0 0 N
22 1 0 1 N
22 23 2 2 N
22 5 1 0 N
