21 9 1 2 S
21 7 2 1 S
21 28 0 0 S
9 18 1 2 N
9 1 0 0 N
9 29 2 1 N
18 10 2 0 N
18 31 0 1 N
18 5 1 2 N
10 26 0 1 N
10 7 2 0 N
10 27 1 2 N
26 8 0 2 N
26 18 2 1 N
26 22 1 0 N
8 4 0 1 N
8 10 1 0 N
8 5 2 2 N
4 27 1 0 N
4 8 0 1 N
4 14 2 2 N
27 13 0 0 N
27 28 2 2 N
27 29 1 1 N
13 28 2 0 N
13 29 0 1 N
13 16 1 2 N
28 3 2 1 N
28 19 1 2 N
28 9 0 0 N
3 12 2 0 N
3 1 0 2 N
3 4 1 1 N
12 1 2 2 N
12 14 0 1 N
12 5 1 0 N
1 11 1 0 N
1 12 2 1 N
1 29 0 2 N
11 19 2 1 N
11 22 0 2 N
11 31 1 0 N
19 0 1 0 N
19 8 2 2 N
19 18 0 1 N
0 25 2 2 N
0 11 1 0 N
0 4 0 1 N
25 6 0 2 N
25 14 1 0 N
25 22 2 1 N
6 14 0 2 N
6 2 1 0 N
6 28 2 1 N
14 15 0 0 N
14 9 1 2 N
14 9 2 1 N
15 22 2 1 N
15 23 1 0 N
15 1 0 2 N
22 7 2 2 N
22 14 1 1 N
22 28 0 0 N
7 20 1 2 N
7 29 2 0 N
7 9 0 1 N
20 17 2 2 N
20 32 0 0 N
20 22 1 1 N
17 29 2 0 N
17 29 1 1 N
17 16 0 2 N
29 31 2 2 N
29 4 0 0 N
29 29 1 1 N
31 30 1 0 N
31 30 0 2 N
31 12 2 1 N
30 32 1 0 N
30 14 0 2 N
30 12 2 1 N
32 16 1 2 N
32 7 0 0 N
32 7 2 1 N
16 5 0 0 N
16 10 2 2 N
16 22 1 1 N
5 24 2 1 N
5 26 1 2 N
5 27 0 0 N
24 2 2 2 N
24 32 0 1 N
24 30 1 0 N
2 23 1 2 N
2 18 0 0 N
2 29 2 1 N
23 3 1 2 N
23 20 0 0 N
23 2 2 1 N
