41 3 1 0 S
41 40 0 2 S
41 19 2 1 S
3 5 2 0 N
3 35 0 1 N
3 20 1 2 N
5 42 0 1 N
5 22 2 0 N
5 32 1 2 N
42 28 0 1 N
42 19 2 0 N
42 30 1 2 N
28 0 0 0 N
28 17 1 1 N
28 26 2 2 N
0 8 1 0 N
0 26 2 1 N
0 13 0 2 N
8 18 0 1 N
8 4 2 2 N
8 17 1 0 N
18 27 1 2 N
18 19 2 0 N
18 14 0 1 N
27 20 1 2 N
27 31 2 0 N
27 26 0 1 N
20 39 2 1 N
20 9 1 0 N
20 0 0 2 N
39 13 2 0 N
39 18 0 1 N
39 9 1 2 N
13 19 1 2 N
13 36 0 0 N
13 13 2 1 N
19 37 0 1 N
19 34 1 2 N
19 36 2 0 N
37 4 1 1 N
37 14 0 2 N
37 42 2 0 N
4 1 1 0 N
4 7 0 1 N
4 34 2 2 N
1 10 1 0 N
1 36 0 2 N
1 33 2 1 N
10 36 0 2 N
10 20 1 1 N
10 31 2 0 N
36 21 2 2 N
36 21 0 0 N
36 21 1 1 N
21 2 2 0 N
21 23 0 2 N
21 13 1 1 N
2 43 0 1 N
2 36 2 2 N
2 27 1 0 N
43 15 0 1 N
43 4 2 2 N
43 35 1 0 N
15 29 1 1 N
15 3 2 2 N
15 31 0 0 N
29 35 1 2 N
29 2 0 1 N
29 10 2 0 N
35 7 0 1 N
35 36 1 2 N
35 9 2 0 N
7 12 1 1 N
7 25 2 0 N
7 43 0 2 N
12 25 2 0 N
12 31 1 2 N
12 23 0 1 N
25 33 1 2 N
25 11 2 1 N
25 36 0 0 N
33 6 1 2 N
33 0 0 0 N
33 35 2 1 N
6 23 1 0 N
6 20 0 2 N
6 24 2 1 N
23 11 1 0 N
23 31 2 2 N
23 27 0 1 N
11 24 2 2 N
11 26 1 0 N
11 25 0 1 N
24 31 1 0 N
24 6 2 1 N
24 17 0 2 N
31 40 2 1 N
31 0 1 0 N
31 17 0 2 N
40 32 1 0 N
40 24 0 1 N
40 9 2 2 N
32 26 0 1 N
32 21 1 2 N
32 6 2 0 N
26 14 2 0 N
26 35 1 1 N
26 21 0 2 N
14 34 2 2 N
14 0 1 0 N
14 4 0 1 N
34 9 0 2 N
34 21 2 0 N
34 26 1 1 N
9 30 0 2 N
9 34 1 0 N
9 36 2 1 N
30 38 2 0 N
30 43 1 2 N
30 28 0 1 N
38 22 0 1 N
38 11 2 2 N
38 30 1 0 N
22 16 1 0 N
22 30 0 1 N
22 19 2 2 N
16 17 1 2 N
16 28 2 1 N
16 14 0 0 N
17 35 2 0 N
17 21 1 1 N
17 36 0 2 N
