7 9 1 2 S
7 1 2 0 S
7 17 0 1 S
9 18 2 0 N
9 1 1 2 N
9 3 0 1 N
18 39 2 1 N
18 3 0 0 N
18 38 1 2 N
39 29 1 1 N
39 17 0 0 N
39 23 2 2 N
29 32 0 0 N
29 38 1 2 N
29 42 2 1 N
32 17 2 2 N
32 22 0 1 N
32 33 1 0 N
17 27 0 0 N
17 23 2 1 N
17 11 1 2 N
27 3 2 1 N
27 15 0 2 N
27 10 1 0 N
3 22 0 0 N
3 0 2 2 N
3 6 1 1 N
22 37 2 1 N
22 0 1 2 N
22 40 0 0 N
37 36 2 0 N
37 25 0 1 N
37 26 1 2 N
36 23 1 0 N
36 2 0 2 N
36 14 2 1 N
23 13 0 0 N
23 14 1 1 N
23 6 2 2 N
13 6 2 2 N
13 32 1 1 N
13 14 0 0 N
6 43 0 1 N
6 15 1 0 N
6 6 2 2 N
43 41 2 0 N
43 25 1 2 N
43 11 0 1 N
41 40 0 0 N
41 37 2 1 N
41 8 1 2 N
40 12 0 1 N
40 39 2 0 N
40 39 1 2 N
12 33 2 1 N
12 43 1 0 N
12 5 0 2 N
33 26 1 2 N
33 34 2 0 N
33 22 0 1 N
26 20 1 1 N
26 31 2 2 N
26 15 0 0 N
20 0 0 1 N
20 43 2 2 N
20 22 1 0 N
0 11 0 0 N
0 24 1 2 N
0 21 2 1 N
11 21 0 0 N
11 38 2 2 N
11 23 1 1 N
21 14 1 1 N
21 5 0 2 N
21 2 2 0 N
14 19 2 2 N
14 6 0 0 N
14 6 1 1 N
19 15 2 1 N
19 37 1 2 N
19 25 0 0 N
15 10 2 2 N
15 2 0 1 N
15 6 1 0 N
10 34 0 0 N
10 22 1 2 N
10 5 2 1 N
34 42 2 0 N
34 39 1 2 N
34 2 0 1 N
42 8 2 2 N
42 25 0 1 N
42 6 1 0 N
8 35 2 0 N
8 17 0 1 N
8 15 1 2 N
35 25 2 1 N
35 14 1 0 N
35 11 0 2 N
25 30 2 2 N
25 35 0 0 N
25 6 1 1 N
30 38 1 1 N
30 39 0 2 N
30 6 2 0 N
38 31 2 0 N
38 33 1 1 N
38 6 0 2 N
31 28 0 1 N
31 2 2 2 N
31 11 1 0 N
28 24 1 0 N
28 24 0 1 N
28 6 2 2 N
24 4 2 0 N
24 30 1 1 N
24 21 0 2 N
4 5 1 1 N
4 35 0 0 N
4 1 2 2 N
5 16 2 0 N
5 23 0 1 N
5 17 1 2 N
16 1 1 2 N
16 25 0 1 N
16 11 2 0 N
1 2 0 2 N
1 12 1 0 N
1 28 2 1 N
2 13 2 1 N
2 11 0 0 N
2 11 1 2 N
