5 14 2 1 S
5 34 0 2 S
5 35 1 0 S
14 28 0 2 N
14 21 2 1 N
14 13 1 0 N
28 8 1 0 N
28 2 0 2 N
28 1 2 1 N
8 19 0 2 N
8 9 2 0 N
8 22 1 1 N
19 27 1 0 N
19 31 2 1 N
19 31 0 2 N
27 29 1 2 N
27 42 2 1 N
27 43 0 0 N
29 25 2 0 N
29 5 1 1 N
29 41 0 2 N
25 26 1 1 N
25 30 2 0 N
25 4 0 2 N
26 40 2 1 N
26 19 1 0 N
26 20 0 2 N
40 43 2 1 N
40 32 1 0 N
40 1 0 2 N
43 32 1 2 N
43 21 2 0 N
43 4 0 1 N
32 10 2 1 N
32 8 0 0 N
32 11 1 2 N
10 12 0 0 N
10 40 2 1 N
10 28 1 2 N
12 2 1 2 N
12 19 2 0 N
12 2 0 1 N
2 39 0 1 N
2 5 2 0 N
2 1 1 2 N
39 4 2 2 N
39 17 0 1 N
39 36 1 0 N
4 16 0 0 N
4 26 1 1 N
4 0 2 2 N
16 18 1 0 N
16 1 0 1 N
16 40 2 2 N
18 1 0 1 N
18 19 2 2 N
18 11 1 0 N
1 17 1 0 N
1 32 2 1 N
1 33 0 2 N
17 41 1 1 N
17 26 0 2 N
17 37 2 0 N
41 37 2 1 N
41 25 1 2 N
41 15 0 0 N
37 31 2 2 N
37 22 1 0 N
37 35 0 1 N
31 11 2 2 N
31 22 0 1 N
31 22 1 0 N
11 13 0 1 N
11 38 1 0 N
11 31 2 2 N
13 30 2 0 N
13 14 1 1 N
13 22 0 2 N
30 3 1 1 N
30 9 0 2 N
30 11 2 0 N
3 22 1 2 N
3 30 0 1 N
3 12 2 0 N
22 0 0 0 N
22 22 2 2 N
22 22 1 1 N
0 21 2 1 N
0 41 1 0 N
0 11 0 2 N
21 6 2 2 N
21 2 0 0 N
21 11 1 1 N
6 9 2 1 N
6 5 1 0 N
6 32 0 2 N
9 7 1 2 N
9 30 2 1 N
9 43 0 0 N
7 33 2 1 N
7 19 1 2 N
7 11 0 0 N
33 36 1 0 N
33 4 0 2 N
33 31 2 1 N
36 38 2 1 N
36 16 0 2 N
36 32 1 0 N
38 23 1 1 N
38 19 0 2 N
38 13 2 0 N
23 24 0 0 N
23 1 1 2 N
23 31 2 1 N
24 34 1 0 N
24 35 2 1 N
24 16 0 2 N
34 42 2 0 N
34 18 0 1 N
34 32 1 2 N
42 35 1 2 N
42 2 0 0 N
42 2 2 1 N
35 15 2 0 N
35 7 0 2 N
35 22 1 1 N
15 20 2 0 N
15 20 1 2 N
15 22 0 1 N
20 23 0 0 N
20 40 2 2 N
20 31 1 1 N
