1 6 2 2 S
1 18 1 0 S
1 22 0 1 S
6 38 1 0 N
6 32 2 1 N
6 35 0 2 N
38 32 1 2 N
38 5 2 1 N
38 18 0 0 N
32 4 2 0 N
32 18 1 2 N
32 11 0 1 N
4 11 1 2 N
4 16 2 1 N
4 35 0 0 N
11 33 0 1 N
11 23 2 2 N
11 22 1 0 N
33 7 0 2 N
33 6 2 1 N
33 37 1 0 N
7 17 2 1 N
7 32 1 2 N
7 10 0 0 N
17 19 0 1 N
17 25 1 2 N
17 4 2 0 N
19 42 0 0 N
19 11 1 1 N
19 22 2 2 N
42 20 2 0 N
42 9 0 2 N
42 37 1 1 N
20 0 0 0 N
20 35 2 1 N
20 14 1 2 N
0 30 0 0 N
0 8 2 1 N
0 11 1 2 N
30 25 0 0 N
30 10 2 2 N
30 14 1 1 N
25 2 1 1 N
25 39 0 0 N
25 30 2 2 N
2 15 2 0 N
2 1 1 1 N
2 18 0 2 N
15 40 0 2 N
15 8 1 0 N
15 18 2 1 N
40 43 0 2 N
40 42 1 0 N
40 0 2 1 N
43 9 1 1 N
43 26 0 0 N
43 22 2 2 N
9 31 1 2 N
9 16 0 1 N
9 33 2 0 N
31 8 2 1 N
31 24 0 0 N
31 9 1 2 N
8 21 1 0 N
8 14 2 2 N
8 10 0 1 N
21 3 1 1 N
21 12 0 2 N
21 27 2 0 N
3 22 2 1 N
3 41 0 2 N
3 24 1 0 N
22 35 2 2 N
22 35 0 0 N
22 10 1 1 N
35 18 0 1 N
35 7 2 0 N
35 10 1 2 N
18 28 1 0 N
18 26 0 1 N
18 8 2 2 N
28 36 1 1 N
28 37 2 0 N
28 11 0 2 N
36 29 0 0 N
36 35 2 1 N
36 28 1 2 N
29 39 0 2 N
29 39 1 1 N
29 0 2 0 N
39 16 0 0 N
39 25 2 2 N
39 34 1 1 N
16 23 2 0 N
16 4 0 1 N
16 32 1 2 N
23 41 1 2 N
23 35 2 1 N
23 14 0 0 N
41 12 0 2 N
41 0 2 1 N
41 4 1 0 N
12 13 1 2 N
12 42 0 0 N
12 42 2 1 N
13 37 0 0 N
13 33 1 2 N
13 11 2 1 N
37 26 2 1 N
37 23 0 2 N
37 8 1 0 N
26 34 0 2 N
26 21 2 1 N
26 14 1 0 N
34 14 0 2 N
34 26 2 0 N
34 41 1 1 N
14 10 2 1 N
14 27 1 2 N
14 10 0 0 N
10 5 2 0 N
10 22 1 1 N
10 10 0 2 N
5 24 2 2 N
5 13 1 1 N
5 35 0 0 N
24 27 2 1 N
24 38 0 2 N
24 0 1 0 N
27 41 0 0 N
27 23 2 2 N
27 10 1 1 N
