23 10 0 1 S
23 39 2 2 S
23 8 1 0 S
10 25 0 1 N
10 32 2 0 N
10 2 1 2 N
25 21 0 0 N
25 10 1 1 N
25 30 2 2 N
21 28 0 1 N
21 12 1 2 N
21 37 2 0 N
28 40 2 0 N
28 5 0 2 N
28 15 1 1 N
40 29 0 2 N
40 31 1 0 N
40 31 2 1 N
29 31 1 0 N
29 39 2 2 N
29 15 0 1 N
31 2 2 0 N
31 25 0 2 N
31 33 1 1 N
2 41 1 2 N
2 3 2 0 N
2 27 0 1 N
41 43 1 1 N
41 33 2 2 N
41 28 0 0 N
43 37 2 0 N
43 33 1 1 N
43 15 0 2 N
37 20 1 0 N
37 7 2 2 N
37 20 0 1 N
20 11 0 0 N
20 16 1 1 N
20 20 2 2 N
11 32 2 2 N
11 31 1 1 N
11 15 0 0 N
32 42 2 1 N
32 9 1 2 N
32 38 0 0 N
42 33 1 0 N
42 37 2 1 N
42 41 0 2 N
33 27 1 2 N
33 26 0 1 N
33 37 2 0 N
27 12 0 2 N
27 30 1 0 N
27 8 2 1 N
12 39 2 0 N
12 37 1 1 N
12 37 0 2 N
39 19 2 0 N
39 5 1 2 N
39 37 0 1 N
19 15 2 2 N
19 6 0 1 N
19 0 1 0 N
15 7 1 0 N
15 41 0 2 N
15 37 2 1 N
7 30 0 1 N
7 40 1 0 N
7 27 2 2 N
30 17 1 0 N
30 12 2 2 N
30 8 0 1 N
17 6 0 1 N
17 41 1 0 N
17 40 2 2 N
6 14 2 2 N
6 11 1 0 N
6 38 0 1 N
14 0 0 2 N
14 34 1 1 N
14 26 2 0 N
0 24 1 0 N
0 7 2 1 N
0 32 0 2 N
24 5 2 1 N
24 12 1 2 N
24 16 0 0 N
5 35 2 0 N
5 39 1 2 N
5 12 0 1 N
35 22 1 0 N
35 13 2 2 N
35 33 0 1 N
22 1 0 0 N
22 14 2 2 N
22 4 1 1 N
1 36 2 0 N
1 9 0 2 N
1 7 1 1 N
36 13 1 2 N
36 28 0 0 N
36 43 2 1 N
13 3 1 0 N
13 39 0 1 N
13 39 2 2 N
3 8 2 0 N
3 6 1 1 N
3 5 0 2 N
8 34 2 0 N
8 42 1 1 N
8 41 0 2 N
34 38 0 0 N
34 5 2 2 N
34 6 1 1 N
38 9 1 1 N
38 41 2 2 N
38 31 0 0 N
9 16 2 1 N
9 42 1 0 N
9 42 0 2 N
16 26 0 0 N
16 18 1 1 N
16 35 2 2 N
26 4 1 1 N
26 37 2 0 N
26 39 0 2 N
4 18 2 1 N
4 24 0 0 N
4 32 1 2 N
18 30 1 2 N
18 39 2 1 N
18 26 0 0 N
