27 13 2 1 S
27 38 1 2 S
27 6 0 0 S
13 16 0 0 N
13 19 2 2 N
13 25 1 1 N
16 41 1 0 N
16 17 0 2 N
16 41 2 1 N
41 35 1 0 N
41 33 2 2 N
41 30 0 1 N
35 1 0 2 N
35 14 1 0 N
35 11 2 1 N
1 39 2 0 N
1 28 1 1 N
1 6 0 2 N
39 5 2 0 N
39 35 1 2 N
39 30 0 1 N
5 21 1 1 N
5 24 2 0 N
5 0 0 2 N
21 2 2 2 N
21 28 1 0 N
21 41 0 1 N
2 22 1 1 N
2 37 2 0 N
2 29 0 2 N
22 20 2 2 N
22 36 0 1 N
22 11 1 0 N
20 42 0 1 N
20 19 1 2 N
20 23 2 0 N
42 31 0 1 N
42 24 1 2 N
42 40 2 0 N
31 28 1 1 N
31 24 0 0 N
31 15 2 2 N
28 7 0 1 N
28 34 2 2 N
28 24 1 0 N
7 17 1 1 N
7 15 2 0 N
7 19 0 2 N
17 26 2 1 N
17 30 0 2 N
17 16 1 0 N
26 34 0 0 N
26 27 1 1 N
26 24 2 2 N
34 19 0 0 N
34 7 1 2 N
34 29 2 1 N
19 23 2 1 N
19 15 1 0 N
19 8 0 2 N
23 33 1 1 N
23 31 0 2 N
23 43 2 0 N
33 10 1 0 N
33 34 0 2 N
33 5 2 1 N
10 40 1 1 N
10 21 0 0 N
10 24 2 2 N
40 37 0 0 N
40 24 2 1 N
40 15 1 2 N
37 18 2 0 N
37 28 0 2 N
37 0 1 1 N
18 8 2 1 N
18 24 0 2 N
18 26 1 0 N
8 14 0 0 N
8 11 2 2 N
8 29 1 1 N
14 36 1 0 N
14 27 2 1 N
14 28 0 2 N
36 11 1 2 N
36 17 0 0 N
36 31 2 1 N
11 24 2 0 N
11 41 0 1 N
11 8 1 2 N
24 12 0 2 N
24 30 1 0 N
24 40 2 1 N
12 25 1 0 N
12 39 0 2 N
12 42 2 1 N
25 30 0 2 N
25 14 2 1 N
25 26 1 0 N
30 15 1 2 N
30 15 0 1 N
30 30 2 0 N
15 6 2 0 N
15 29 1 2 N
15 30 0 1 N
6 43 2 0 N
6 7 0 1 N
6 17 1 2 N
43 29 0 1 N
43 33 1 0 N
43 24 2 2 N
29 9 1 2 N
29 6 2 0 N
29 5 0 1 N
9 0 1 0 N
9 40 0 2 N
9 4 2 1 N
0 3 2 0 N
0 41 1 2 N
0 30 0 1 N
3 4 2 1 N
3 4 0 2 N
3 1 1 0 N
4 38 1 2 N
4 41 0 0 N
4 30 2 1 N
38 32 1 2 N
38 39 0 1 N
38 10 2 0 N
32 26 1 1 N
32 28 2 2 N
32 29 0 0 N
