8 40 0 2 S
8 21 1 0 S
8 18 2 1 S
40 28 2 0 N
40 19 0 1 N
40 18 1 2 N
28 41 2 2 N
28 30 0 1 N
28 30 1 0 N
41 5 2 1 N
41 11 0 0 N
41 43 1 2 N
5 6 2 2 N
5 1 1 0 N
5 20 0 1 N
6 21 1 2 N
6 0 2 1 N
6 16 0 0 N
21 42 2 2 N
21 37 0 0 N
21 13 1 1 N
42 22 2 1 N
42 10 0 2 N
42 36 1 0 N
22 10 2 2 N
22 37 0 1 N
22 22 1 0 N
10 12 1 2 N
10 24 0 0 N
10 0 2 1 N
12 25 1 1 N
12 13 2 0 N
12 6 0 2 N
25 1 2 1 N
25 22 0 2 N
25 34 1 0 N
1 27 1 1 N
1 8 0 2 N
1 4 2 0 N
27 24 2 0 N
27 4 0 2 N
27 18 1 1 N
24 17 2 1 N
24 5 0 2 N
24 11 1 0 N
17 26 1 1 N
17 41 0 0 N
17 8 2 2 N
26 39 1 0 N
26 0 2 1 N
26 0 0 2 N
39 9 1 1 N
39 16 2 2 N
39 6 0 0 N
9 3 0 0 N
9 29 2 1 N
9 6 1 2 N
3 33 2 0 N
3 25 1 2 N
3 23 0 1 N
33 23 0 2 N
33 0 1 0 N
33 3 2 1 N
23 13 1 1 N
23 42 0 2 N
23 25 2 0 N
13 7 2 2 N
13 12 1 0 N
13 29 0 1 N
7 14 2 1 N
7 25 0 2 N
7 12 1 0 N
14 19 0 1 N
14 10 2 0 N
14 43 1 2 N
19 32 1 0 N
19 32 2 2 N
19 11 0 1 N
32 43 1 0 N
32 23 2 1 N
32 28 0 2 N
43 29 1 0 N
43 15 0 1 N
43 22 2 2 N
29 34 2 0 N
29 34 1 1 N
29 27 0 2 N
34 35 1 0 N
34 20 2 1 N
34 18 0 2 N
35 37 1 0 N
35 30 0 1 N
35 27 2 2 N
37 38 0 2 N
37 41 2 1 N
37 31 1 0 N
38 18 1 1 N
38 32 0 0 N
38 15 2 2 N
18 0 2 1 N
18 22 0 0 N
18 22 1 2 N
0 31 0 2 N
0 15 2 0 N
0 4 1 1 N
31 15 0 1 N
31 16 2 0 N
31 20 1 2 N
15 20 0 1 N
15 40 2 2 N
15 34 1 0 N
20 4 0 2 N
20 18 1 0 N
20 30 2 1 N
4 16 2 1 N
4 42 0 2 N
4 30 1 0 N
16 2 0 1 N
16 7 1 0 N
16 22 2 2 N
2 36 2 0 N
2 18 1 1 N
2 31 0 2 N
36 30 2 2 N
36 42 1 0 N
36 11 0 1 N
30 11 0 2 N
30 34 2 0 N
30 22 1 1 N
11 31 1 2 N
11 1 0 1 N
11 22 2 0 N
