10 28 1 0 S
10 21 2 2 S
10 5 0 1 S
28 12 0 2 N
28 6 1 1 N
28 6 2 0 N
12 1 1 1 N
12 10 2 0 N
12 42 0 2 N
1 2 2 2 N
1 16 1 1 N
1 21 0 0 N
2 39 0 0 N
2 41 1 2 N
2 42 2 1 N
39 26 1 0 N
39 35 0 1 N
39 17 2 2 N
26 29 1 0 N
26 29 0 2 N
26 14 2 1 N
29 31 1 0 N
29 7 0 2 N
29 42 2 1 N
31 27 1 2 N
31 33 2 1 N
31 16 0 0 N
27 18 0 2 N
27 2 1 1 N
27 25 2 0 N
18 34 2 2 N
18 29 1 1 N
18 38 0 0 N
34 32 1 1 N
34 17 2 0 N
34 35 0 2 N
32 22 1 0 N
32 1 2 2 N
32 11 0 1 N
22 16 1 0 N
22 36 0 2 N
22 1 2 1 N
16 15 0 1 N
16 5 2 0 N
16 21 1 2 N
15 43 0 2 N
15 2 2 1 N
15 20 1 0 N
43 33 1 2 N
43 10 2 0 N
43 14 0 1 N
33 38 2 1 N
33 29 0 0 N
33 12 1 2 N
38 20 0 0 N
38 25 2 1 N
38 29 1 2 N
20 40 0 1 N
20 24 2 0 N
20 10 1 2 N
40 9 0 1 N
40 32 2 0 N
40 6 1 2 N
9 6 2 0 N
9 11 1 2 N
9 41 0 1 N
6 5 0 1 N
6 2 1 0 N
6 10 2 2 N
5 23 1 1 N
5 10 0 0 N
5 21 2 2 N
23 4 0 2 N
23 2 1 1 N
23 29 2 0 N
4 0 0 0 N
4 25 2 2 N
4 39 1 1 N
0 25 1 1 N
0 6 0 2 N
0 21 2 0 N
25 30 1 0 N
25 21 2 1 N
25 29 0 2 N
30 11 2 0 N
30 33 0 2 N
30 4 1 1 N
11 42 0 2 N
11 42 1 0 N
11 33 2 1 N
42 24 1 2 N
42 15 0 1 N
42 21 2 0 N
24 19 2 0 N
24 5 0 2 N
24 39 1 1 N
19 21 0 1 N
19 16 1 2 N
19 35 2 0 N
21 7 2 0 N
21 16 0 1 N
21 21 1 2 N
7 14 1 0 N
7 42 2 2 N
7 31 0 1 N
14 3 1 1 N
14 4 2 0 N
14 20 0 2 N
3 37 0 0 N
3 31 1 1 N
3 24 2 2 N
37 36 2 0 N
37 4 0 1 N
37 43 1 2 N
36 41 2 1 N
36 42 0 0 N
36 42 1 2 N
41 13 1 0 N
41 31 0 2 N
41 17 2 1 N
13 35 0 1 N
13 38 1 2 N
13 10 2 0 N
35 8 1 2 N
35 21 0 0 N
35 10 2 1 N
8 17 1 2 N
8 25 0 0 N
8 16 2 1 N
17 9 1 0 N
17 39 2 1 N
17 27 0 2 N
