23 39 0 2 S
23 0 2 0 S
23 4 1 1 S
39 5 1 2 N
39 20 2 1 N
39 3 0 0 N
5 12 0 2 N
5 29 2 1 N
5 38 1 0 N
12 40 2 2 N
12 32 0 0 N
12 27 1 1 N
40 30 2 0 N
40 19 1 2 N
40 15 0 1 N
30 43 1 1 N
30 22 0 2 N
30 10 2 0 N
43 42 0 2 N
43 26 2 1 N
43 3 1 0 N
42 13 1 0 N
42 30 2 2 N
42 26 0 1 N
13 32 0 2 N
13 27 2 0 N
13 0 1 1 N
32 9 1 0 N
32 1 0 1 N
32 0 2 2 N
9 1 2 0 N
9 21 1 1 N
9 24 0 2 N
1 35 1 2 N
1 36 2 1 N
1 34 0 0 N
35 18 1 2 N
35 17 2 1 N
35 8 0 0 N
18 10 1 0 N
18 30 0 1 N
18 39 2 2 N
10 33 1 1 N
10 29 2 0 N
10 29 0 2 N
33 28 1 0 N
33 26 2 2 N
33 6 0 1 N
28 0 1 2 N
28 6 2 1 N
28 9 0 0 N
0 6 1 1 N
0 9 0 2 N
0 15 2 0 N
6 21 0 2 N
6 26 2 0 N
6 15 1 1 N
21 41 2 2 N
21 37 0 0 N
21 28 1 1 N
41 26 1 2 N
41 9 0 0 N
41 35 2 1 N
26 38 0 1 N
26 5 2 2 N
26 35 1 0 N
38 37 1 1 N
38 29 2 0 N
38 40 0 2 N
37 17 1 0 N
37 13 2 1 N
37 0 0 2 N
17 20 0 0 N
17 36 1 1 N
17 35 2 2 N
20 15 2 1 N
20 6 1 0 N
20 24 0 2 N
15 22 0 1 N
15 15 2 2 N
15 15 1 0 N
22 2 1 2 N
22 16 2 0 N
22 20 0 1 N
2 3 1 0 N
2 21 0 1 N
2 16 2 2 N
3 25 2 0 N
3 0 1 2 N
3 35 0 1 N
25 8 1 0 N
25 40 0 1 N
25 19 2 2 N
8 34 0 1 N
8 29 2 0 N
8 6 1 2 N
34 7 0 0 N
34 12 2 2 N
34 12 1 1 N
7 14 1 1 N
7 22 0 2 N
7 13 2 0 N
14 36 0 1 N
14 1 2 0 N
14 10 1 2 N
36 4 1 0 N
36 28 2 2 N
36 35 0 1 N
4 11 2 0 N
4 17 0 2 N
4 27 1 1 N
11 16 0 2 N
11 12 1 1 N
11 30 2 0 N
16 31 1 0 N
16 33 2 2 N
16 6 0 1 N
31 27 0 0 N
31 26 2 1 N
31 5 1 2 N
27 19 2 0 N
27 12 1 2 N
27 15 0 1 N
19 29 0 1 N
19 23 2 0 N
19 29 1 2 N
29 24 2 2 N
29 27 1 1 N
29 12 0 0 N
24 40 0 1 N
24 36 2 2 N
24 27 1 0 N
