1 34 0 0 S
1 37 1 2 S
1 19 2 1 S
34 43 1 0 N
34 2 2 2 N
34 1 0 1 N
43 39 2 0 N
43 7 0 1 N
43 18 1 2 N
39 29 2 0 N
39 10 1 2 N
39 8 0 1 N
29 3 0 1 N
29 0 2 2 N
29 2 1 0 N
3 19 1 2 N
3 41 2 0 N
3 21 0 1 N
19 41 2 0 N
19 42 1 2 N
19 29 0 1 N
41 6 1 1 N
41 9 2 2 N
41 7 0 0 N
6 18 1 2 N
6 10 0 0 N
6 38 2 1 N
18 31 1 2 N
18 10 0 0 N
18 4 2 1 N
31 35 1 0 N
31 37 2 2 N
31 39 0 1 N
35 24 0 1 N
35 5 2 0 N
35 38 1 2 N
24 22 2 1 N
24 27 1 0 N
24 7 0 2 N
22 25 2 1 N
22 35 0 0 N
22 2 1 2 N
25 23 0 1 N
25 20 2 2 N
25 22 1 0 N
23 2 1 2 N
23 40 0 1 N
23 5 2 0 N
2 0 2 2 N
2 2 1 1 N
2 2 0 0 N
0 42 0 0 N
0 6 1 2 N
0 24 2 1 N
42 15 2 1 N
42 19 1 2 N
42 18 0 0 N
15 4 0 1 N
15 14 1 0 N
15 7 2 2 N
4 32 2 1 N
4 22 1 0 N
4 8 0 2 N
32 36 0 0 N
32 28 2 1 N
32 4 1 2 N
36 38 0 0 N
36 26 2 2 N
36 3 1 1 N
38 9 2 2 N
38 30 1 1 N
38 18 0 0 N
9 21 0 1 N
9 1 2 0 N
9 43 1 2 N
21 14 0 2 N
21 42 2 0 N
21 37 1 1 N
14 40 0 0 N
14 10 1 2 N
14 39 2 1 N
40 33 2 1 N
40 20 1 0 N
40 24 0 2 N
33 12 0 0 N
33 5 1 1 N
33 38 2 2 N
12 30 1 0 N
12 18 2 1 N
12 31 0 2 N
30 10 2 0 N
30 25 1 2 N
30 7 0 1 N
10 26 0 0 N
10 37 1 1 N
10 37 2 2 N
26 20 1 0 N
26 8 2 2 N
26 17 0 1 N
20 16 2 0 N
20 38 1 2 N
20 29 0 1 N
16 11 1 1 N
16 41 2 0 N
16 1 0 2 N
11 37 2 0 N
11 38 0 2 N
11 14 1 1 N
37 27 1 0 N
37 35 0 2 N
37 5 2 1 N
27 5 1 0 N
27 37 0 1 N
27 38 2 2 N
5 17 0 0 N
5 39 2 1 N
5 2 1 2 N
17 28 1 0 N
17 15 0 1 N
17 2 2 2 N
28 13 1 2 N
28 42 0 1 N
28 18 2 0 N
13 7 2 2 N
13 8 0 0 N
13 37 1 1 N
7 8 0 2 N
7 22 2 0 N
7 2 1 1 N
8 24 0 1 N
8 5 1 2 N
8 2 2 0 N
