12 10 2 2 S
12 30 1 1 S
12 37 0 0 S
10 4 2 1 N
10 11 1 2 N
10 1 0 0 N
4 9 2 1 N
4 41 0 0 N
4 8 1 2 N
9 26 1 0 N
9 27 0 1 N
9 22 2 2 N
26 42 0 2 N
26 6 2 1 N
26 9 1 0 N
42 40 0 1 N
42 36 1 2 N
42 38 2 0 N
40 2 1 1 N
40 37 2 0 N
40 28 0 2 N
2 28 1 1 N
2 11 2 0 N
2 40 0 2 N
28 24 1 0 N
28 7 2 1 N
28 36 0 2 N
24 35 1 2 N
24 25 0 1 N
24 8 2 0 N
35 39 1 2 N
35 5 2 0 N
35 36 0 1 N
39 19 1 2 N
39 15 0 1 N
39 43 2 0 N
19 17 2 1 N
19 28 0 0 N
19 9 1 2 N
17 13 0 1 N
17 27 2 2 N
17 23 1 0 N
13 23 1 1 N
13 28 0 2 N
13 36 2 0 N
23 31 2 2 N
23 17 1 1 N
23 27 0 0 N
31 38 2 2 N
31 29 1 1 N
31 43 0 0 N
38 20 1 0 N
38 32 0 2 N
38 37 2 1 N
20 27 1 0 N
20 38 2 2 N
20 9 0 1 N
27 11 1 1 N
27 35 0 2 N
27 27 2 0 N
11 15 1 0 N
11 38 0 1 N
11 1 2 2 N
15 16 2 1 N
15 23 1 2 N
15 17 0 0 N
16 37 0 2 N
16 22 2 0 N
16 23 1 1 N
37 30 1 0 N
37 35 2 1 N
37 9 0 2 N
30 22 0 0 N
30 16 2 1 N
30 13 1 2 N
22 8 1 2 N
22 42 0 1 N
22 27 2 0 N
8 3 1 1 N
8 34 0 2 N
8 11 2 0 N
3 25 2 1 N
3 23 0 2 N
3 29 1 0 N
25 34 2 1 N
25 5 1 2 N
25 29 0 0 N
34 33 2 0 N
34 1 0 2 N
34 4 1 1 N
33 18 1 1 N
33 3 2 0 N
33 32 0 2 N
18 14 1 0 N
18 4 0 2 N
18 43 2 1 N
14 6 2 1 N
14 17 1 2 N
14 27 0 0 N
6 0 2 2 N
6 40 0 1 N
6 22 1 0 N
0 5 2 1 N
0 35 0 2 N
0 6 1 0 N
5 7 0 1 N
5 37 2 0 N
5 22 1 2 N
7 21 2 2 N
7 37 0 1 N
7 27 1 0 N
21 41 2 1 N
21 17 0 0 N
21 42 1 2 N
41 29 2 2 N
41 5 0 1 N
41 12 1 0 N
29 1 1 1 N
29 27 0 2 N
29 16 2 0 N
1 32 1 1 N
1 36 2 0 N
1 36 0 2 N
32 36 1 1 N
32 37 2 2 N
32 19 0 0 N
36 43 1 2 N
36 12 0 1 N
36 16 2 0 N
43 37 2 1 N
43 36 0 0 N
43 28 1 2 N
