19 18 0 2 S
19 31 2 0 S
19 4 1 1 S
18 42 0 2 N
18 32 2 1 N
18 30 1 0 N
42 4 0 0 N
42 9 2 1 N
42 14 1 2 N
4 12 0 2 N
4 7 1 0 N
4 8 2 1 N
12 11 2 1 N
12 32 0 2 N
12 4 1 0 N
11 10 1 0 N
11 7 0 2 N
11 43 2 1 N
10 34 1 1 N
10 32 2 2 N
10 32 0 0 N
34 8 0 0 N
34 32 1 1 N
34 15 2 2 N
8 17 1 2 N
8 4 0 0 N
8 32 2 1 N
17 33 0 1 N
17 3 2 2 N
17 11 1 0 N
33 5 2 2 N
33 30 1 0 N
33 1 0 1 N
5 24 0 0 N
5 9 2 2 N
5 20 1 1 N
24 3 2 1 N
24 18 1 0 N
24 14 0 2 N
3 20 2 1 N
3 23 1 2 N
3 7 0 0 N
20 26 0 0 N
20 7 2 1 N
20 35 1 2 N
26 30 2 2 N
26 25 1 0 N
26 27 0 1 N
30 7 2 0 N
30 15 0 1 N
30 7 1 2 N
7 25 1 1 N
7 32 2 2 N
7 32 0 0 N
25 41 2 1 N
25 19 1 2 N
25 32 0 0 N
41 32 1 2 N
41 6 0 0 N
41 29 2 1 N
32 28 0 0 N
32 32 1 2 N
32 32 2 1 N
28 13 2 1 N
28 37 0 2 N
28 43 1 0 N
13 36 0 0 N
13 24 2 1 N
13 2 1 2 N
36 31 0 2 N
36 2 1 0 N
36 18 2 1 N
31 2 0 2 N
31 33 1 1 N
31 30 2 0 N
2 38 1 0 N
2 0 2 1 N
2 30 0 2 N
38 0 1 1 N
38 21 2 0 N
38 8 0 2 N
0 35 0 2 N
0 7 1 1 N
0 7 2 0 N
35 29 0 2 N
35 9 2 0 N
35 32 1 1 N
29 22 1 1 N
29 0 2 0 N
29 4 0 2 N
22 43 0 1 N
22 5 1 2 N
22 37 2 0 N
43 16 1 0 N
43 35 2 1 N
43 4 0 2 N
16 1 2 2 N
16 5 1 1 N
16 15 0 0 N
1 21 0 0 N
1 31 2 2 N
1 19 1 1 N
21 39 1 0 N
21 24 2 1 N
21 27 0 2 N
39 27 1 1 N
39 9 2 0 N
39 42 0 2 N
27 14 2 1 N
27 1 0 0 N
27 7 1 2 N
14 15 2 2 N
14 21 1 0 N
14 31 0 1 N
15 40 1 0 N
15 35 0 1 N
15 12 2 2 N
40 37 1 1 N
40 30 0 2 N
40 14 2 0 N
37 23 0 1 N
37 27 2 0 N
37 10 1 2 N
23 9 1 0 N
23 6 2 1 N
23 16 0 2 N
9 6 0 2 N
9 30 1 0 N
9 28 2 1 N
6 0 2 1 N
6 9 0 0 N
6 28 1 2 N
