0 4 1 2 S
0 8 2 1 S
0 23 0 0 S
4 31 1 1 N
4 2 0 0 N
4 38 2 2 N
31 26 2 0 N
31 39 0 2 N
31 15 1 1 N
26 10 0 1 N
26 12 2 0 N
26 38 1 2 N
10 17 0 0 N
10 37 1 1 N
10 12 2 2 N
17 20 2 1 N
17 23 0 2 N
17 12 1 0 N
20 25 1 0 N
20 25 0 1 N
20 3 2 2 N
25 28 1 1 N
25 27 2 0 N
25 8 0 2 N
28 6 1 0 N
28 23 0 1 N
28 1 2 2 N
6 2 2 1 N
6 7 1 2 N
6 34 0 0 N
2 37 1 1 N
2 23 0 2 N
2 8 2 0 N
37 8 1 2 N
37 32 2 0 N
37 40 0 1 N
8 42 1 1 N
8 9 0 2 N
8 38 2 0 N
42 19 2 1 N
42 22 0 2 N
42 5 1 0 N
19 24 0 2 N
19 24 1 0 N
19 40 2 1 N
24 18 2 1 N
24 4 0 2 N
24 21 1 0 N
18 40 2 1 N
18 9 1 0 N
18 22 0 2 N
40 3 0 0 N
40 10 2 2 N
40 13 1 1 N
3 16 1 2 N
3 22 0 0 N
3 31 2 1 N
16 27 2 1 N
16 20 1 0 N
16 29 0 2 N
27 41 0 2 N
27 19 1 0 N
27 32 2 1 N
41 1 2 0 N
41 10 0 1 N
41 9 1 2 N
1 7 0 0 N
1 13 2 2 N
1 39 1 1 N
7 23 1 0 N
7 36 2 2 N
7 15 0 1 N
23 39 1 0 N
23 3 0 2 N
23 29 2 1 N
39 9 2 1 N
39 39 1 2 N
39 39 0 0 N
9 29 1 2 N
9 24 0 1 N
9 22 2 0 N
29 13 2 2 N
29 39 1 1 N
29 39 0 0 N
13 15 2 2 N
13 30 1 1 N
13 29 0 0 N
15 43 2 1 N
15 8 1 0 N
15 17 0 2 N
43 34 2 1 N
43 5 1 0 N
43 11 0 2 N
34 22 0 0 N
34 37 1 2 N
34 21 2 1 N
22 14 1 2 N
22 21 2 0 N
22 23 0 1 N
14 33 0 0 N
14 10 1 2 N
14 39 2 1 N
33 21 1 0 N
33 30 2 1 N
33 24 0 2 N
21 12 1 2 N
21 26 0 0 N
21 26 2 1 N
12 38 0 2 N
12 0 2 0 N
12 13 1 1 N
38 35 0 0 N
38 8 1 1 N
38 0 2 2 N
35 36 2 0 N
35 32 1 1 N
35 26 0 2 N
36 5 1 0 N
36 11 2 2 N
36 29 0 1 N
5 11 1 1 N
5 38 2 2 N
5 10 0 0 N
11 30 0 0 N
11 16 1 2 N
11 26 2 1 N
30 32 1 1 N
30 15 0 0 N
30 31 2 2 N
32 24 0 1 N
32 33 1 2 N
32 12 2 0 N
