16 25 2 0 S
16 13 0 2 S
16 1 1 1 S
25 35 0 2 N
25 12 1 0 N
25 17 2 1 N
35 24 0 1 N
35 17 2 2 N
35 5 1 0 N
24 0 0 0 N
24 17 1 2 N
24 19 2 1 N
0 22 2 0 N
0 38 0 2 N
0 22 1 1 N
22 34 0 2 N
22 15 1 1 N
22 7 2 0 N
34 27 2 1 N
34 38 0 0 N
34 12 1 2 N
27 2 1 1 N
27 39 0 2 N
27 2 2 0 N
2 15 1 1 N
2 23 2 0 N
2 25 0 2 N
15 18 2 2 N
15 7 1 1 N
15 1 0 0 N
18 43 0 0 N
18 25 2 1 N
18 34 1 2 N
43 38 2 2 N
43 26 1 0 N
43 40 0 1 N
38 39 2 0 N
38 26 0 1 N
38 17 1 2 N
39 8 0 2 N
39 17 2 1 N
39 40 1 0 N
8 13 0 1 N
8 2 1 2 N
8 12 2 0 N
13 10 0 1 N
13 28 2 0 N
13 17 1 2 N
10 21 0 2 N
10 12 2 0 N
10 17 1 1 N
21 29 0 1 N
21 15 2 2 N
21 23 1 0 N
29 1 1 0 N
29 30 0 1 N
29 41 2 2 N
1 12 0 2 N
1 3 2 0 N
1 39 1 1 N
12 31 1 1 N
12 4 0 0 N
12 12 2 2 N
31 26 1 0 N
31 13 0 1 N
31 42 2 2 N
26 11 1 1 N
26 16 0 0 N
26 34 2 2 N
11 5 2 1 N
11 5 0 0 N
11 28 1 2 N
5 20 2 0 N
5 41 1 2 N
5 25 0 1 N
20 33 1 2 N
20 28 0 0 N
20 39 2 1 N
33 40 1 1 N
33 41 0 0 N
33 29 2 2 N
40 37 0 1 N
40 7 2 2 N
40 25 1 0 N
37 32 0 1 N
37 32 1 2 N
37 40 2 0 N
32 23 2 0 N
32 0 0 2 N
32 4 1 1 N
23 36 0 1 N
23 20 1 2 N
23 7 2 0 N
36 42 2 0 N
36 1 0 2 N
36 13 1 1 N
42 6 0 0 N
42 4 2 2 N
42 1 1 1 N
6 4 1 0 N
6 19 0 1 N
6 9 2 2 N
4 19 2 0 N
4 8 1 2 N
4 7 0 1 N
19 3 0 2 N
19 12 2 0 N
19 17 1 1 N
3 28 2 0 N
3 8 1 2 N
3 18 0 1 N
28 7 2 2 N
28 12 1 1 N
28 34 0 0 N
7 41 2 1 N
7 12 0 0 N
7 5 1 2 N
41 14 1 0 N
41 23 2 1 N
41 25 0 2 N
14 17 1 2 N
14 22 2 1 N
14 17 0 0 N
17 9 1 0 N
17 39 0 2 N
17 34 2 1 N
9 30 0 0 N
9 17 1 1 N
9 8 2 2 N
30 43 1 1 N
30 23 2 0 N
30 1 0 2 N
