15 35 1 1 S
15 6 2 2 S
15 6 0 0 S
35 14 2 1 N
35 18 1 2 N
35 33 0 0 N
14 36 2 0 N
14 31 1 2 N
14 18 0 1 N
36 29 2 1 N
36 15 1 0 N
36 43 0 2 N
29 1 1 1 N
29 22 2 0 N
29 23 0 2 N
1 21 1 2 N
1 43 2 1 N
1 43 0 0 N
21 20 1 2 N
21 32 0 0 N
21 0 2 1 N
20 32 0 1 N
20 13 1 2 N
20 43 2 0 N
32 5 2 1 N
32 28 0 2 N
32 34 1 0 N
5 22 1 2 N
5 13 0 0 N
5 34 2 1 N
22 6 0 2 N
22 36 2 0 N
22 13 1 1 N
6 0 2 1 N
6 3 0 0 N
6 0 1 2 N
0 3 2 1 N
0 0 1 2 N
0 0 0 0 N
3 41 0 0 N
3 19 2 2 N
3 6 1 1 N
41 24 0 2 N
41 9 2 1 N
41 32 1 0 N
24 8 0 0 N
24 15 1 1 N
24 5 2 2 N
8 19 0 1 N
8 15 1 0 N
8 3 2 2 N
19 9 1 0 N
19 9 0 1 N
19 17 2 2 N
9 26 2 1 N
9 31 1 2 N
9 0 0 0 N
26 13 1 2 N
26 7 0 0 N
26 3 2 1 N
13 27 1 1 N
13 21 2 0 N
13 15 0 2 N
27 23 2 1 N
27 17 1 0 N
27 21 0 2 N
23 30 1 0 N
23 8 0 1 N
23 8 2 2 N
30 34 1 0 N
30 34 2 1 N
30 36 0 2 N
34 28 2 2 N
34 9 1 1 N
34 6 0 0 N
28 2 2 2 N
28 3 0 1 N
28 43 1 0 N
2 38 1 0 N
2 21 2 1 N
2 34 0 2 N
38 25 0 1 N
38 13 1 2 N
38 22 2 0 N
25 17 0 0 N
25 35 1 1 N
25 36 2 2 N
17 42 1 2 N
17 15 0 1 N
17 0 2 0 N
42 39 0 0 N
42 5 1 1 N
42 15 2 2 N
39 7 0 1 N
39 32 2 2 N
39 38 1 0 N
7 43 1 0 N
7 21 2 1 N
7 25 0 2 N
43 4 0 2 N
43 6 2 0 N
43 8 1 1 N
4 18 0 1 N
4 0 1 0 N
4 5 2 2 N
18 16 0 0 N
18 43 1 1 N
18 8 2 2 N
16 12 1 2 N
16 17 2 0 N
16 5 0 1 N
12 31 2 2 N
12 0 0 0 N
12 15 1 1 N
31 37 2 2 N
31 2 0 0 N
31 1 1 1 N
37 10 1 0 N
37 21 0 1 N
37 18 2 2 N
10 11 1 0 N
10 4 0 1 N
10 43 2 2 N
11 40 0 1 N
11 39 1 2 N
11 13 2 0 N
40 33 2 0 N
40 34 1 2 N
40 15 0 1 N
33 23 0 2 N
33 14 2 0 N
33 22 1 1 N
