14 27 1 1 S
14 10 2 2 S
14 0 0 0 S
27 1 0 0 N
27 20 2 1 N
27 0 1 2 N
1 5 0 1 N
1 6 1 0 N
1 2 2 2 N
5 34 1 1 N
5 8 2 0 N
5 2 0 2 N
34 11 2 2 N
34 39 1 1 N
34 37 0 0 N
11 2 2 0 N
11 21 0 2 N
11 35 1 1 N
2 16 1 2 N
2 14 0 1 N
2 9 2 0 N
16 23 1 0 N
16 2 2 2 N
16 27 0 1 N
23 26 0 1 N
23 2 2 0 N
23 25 1 2 N
26 10 2 0 N
26 36 0 1 N
26 9 1 2 N
10 40 2 2 N
10 29 1 0 N
10 9 0 1 N
40 20 0 0 N
40 13 1 2 N
40 10 2 1 N
20 33 1 2 N
20 40 2 1 N
20 36 0 0 N
33 36 2 1 N
33 27 1 2 N
33 40 0 0 N
36 31 0 1 N
36 40 1 0 N
36 26 2 2 N
31 12 2 0 N
31 40 0 1 N
31 19 1 2 N
12 4 2 0 N
12 31 1 2 N
12 21 0 1 N
4 19 2 0 N
4 13 0 2 N
4 26 1 1 N
19 21 1 2 N
19 26 2 1 N
19 26 0 0 N
21 22 0 0 N
21 27 1 2 N
21 2 2 1 N
22 8 1 2 N
22 32 0 0 N
22 20 2 1 N
8 29 2 1 N
8 9 1 2 N
8 2 0 0 N
29 3 1 2 N
29 19 0 1 N
29 30 2 0 N
3 42 2 2 N
3 15 0 1 N
3 21 1 0 N
42 37 2 1 N
42 16 0 0 N
42 15 1 2 N
37 38 0 0 N
37 9 1 1 N
37 24 2 2 N
38 39 1 0 N
38 31 2 1 N
38 6 0 2 N
39 35 0 2 N
39 29 2 0 N
39 0 1 1 N
35 18 1 1 N
35 9 0 2 N
35 14 2 0 N
18 7 0 1 N
18 38 1 2 N
18 5 2 0 N
7 41 2 1 N
7 13 1 0 N
7 15 0 2 N
41 17 1 2 N
41 32 0 0 N
41 26 2 1 N
17 9 2 2 N
17 24 0 0 N
17 36 1 1 N
9 13 0 2 N
9 19 2 0 N
9 9 1 1 N
13 43 1 2 N
13 19 2 0 N
13 20 0 1 N
43 24 0 2 N
43 1 2 0 N
43 11 1 1 N
24 25 2 2 N
24 5 0 1 N
24 32 1 0 N
25 32 1 1 N
25 14 2 2 N
25 27 0 0 N
32 15 1 2 N
32 13 2 0 N
32 0 0 1 N
15 30 2 0 N
15 16 0 2 N
15 2 1 1 N
30 28 0 1 N
30 41 2 2 N
30 0 1 0 N
28 6 1 2 N
28 30 0 0 N
28 20 2 1 N
6 0 0 1 N
6 25 1 2 N
6 32 2 0 N
0 26 2 1 N
0 9 1 2 N
0 19 0 0 N
