22 38 0 1 S
22 24 2 2 S
22 29 1 0 S
38 27 1 1 N
38 21 0 2 N
38 4 2 0 N
27 17 1 0 N
27 8 2 1 N
27 20 0 2 N
17 42 1 1 N
17 1 0 2 N
17 21 2 0 N
42 12 0 2 N
42 11 2 1 N
42 38 1 0 N
12 32 2 2 N
12 22 1 0 N
12 43 0 1 N
32 37 1 0 N
32 1 0 1 N
32 42 2 2 N
37 43 2 2 N
37 28 0 0 N
37 22 1 1 N
43 26 1 0 N
43 34 0 1 N
43 29 2 2 N
26 8 2 2 N
26 8 0 1 N
26 40 1 0 N
8 28 1 2 N
8 4 0 1 N
8 41 2 0 N
28 23 2 1 N
28 0 1 2 N
28 30 0 0 N
23 2 0 2 N
23 43 1 0 N
23 36 2 1 N
2 29 1 0 N
2 5 0 2 N
2 30 2 1 N
29 5 0 2 N
29 30 2 1 N
29 6 1 0 N
5 25 1 1 N
5 15 2 0 N
5 6 0 2 N
25 15 2 2 N
25 15 1 0 N
25 29 0 1 N
15 18 1 1 N
15 41 2 0 N
15 28 0 2 N
18 40 0 1 N
18 34 1 2 N
18 20 2 0 N
40 4 2 2 N
40 19 1 1 N
40 16 0 0 N
4 19 1 2 N
4 20 0 1 N
4 30 2 0 N
19 7 1 2 N
19 20 0 1 N
19 15 2 0 N
7 34 2 2 N
7 26 1 1 N
7 29 0 0 N
34 20 2 2 N
34 41 1 0 N
34 29 0 1 N
20 31 1 2 N
20 4 2 1 N
20 28 0 0 N
31 16 2 0 N
31 4 0 2 N
31 10 1 1 N
16 9 1 2 N
16 1 2 1 N
16 29 0 0 N
9 21 0 2 N
9 29 1 0 N
9 21 2 1 N
21 36 2 1 N
21 19 0 2 N
21 21 1 0 N
36 35 1 0 N
36 43 2 2 N
36 6 0 1 N
35 41 1 1 N
35 37 2 0 N
35 41 0 2 N
41 6 0 2 N
41 22 1 1 N
41 22 2 0 N
6 10 0 0 N
6 21 2 2 N
6 21 1 1 N
10 24 1 1 N
10 1 2 0 N
10 3 0 2 N
24 39 1 2 N
24 29 0 1 N
24 34 2 0 N
39 33 0 2 N
39 12 2 1 N
39 27 1 0 N
33 11 0 0 N
33 17 1 2 N
33 36 2 1 N
11 0 2 0 N
11 41 0 2 N
11 36 1 1 N
0 14 0 1 N
0 5 1 2 N
0 30 2 0 N
14 30 1 1 N
14 4 0 2 N
14 43 2 0 N
30 1 1 1 N
30 9 0 2 N
30 6 2 0 N
1 3 1 0 N
1 20 2 2 N
1 20 0 1 N
3 13 1 0 N
3 15 0 1 N
3 6 2 2 N
13 21 2 1 N
13 41 1 2 N
13 29 0 0 N
