15 16 2 0 S
15 7 0 1 S
15 23 1 2 S
16 23 2 0 N
16 9 0 1 N
16 9 1 2 N
23 0 0 1 N
23 18 1 2 N
23 30 2 0 N
0 12 0 1 N
0 40 2 2 N
0 4 1 0 N
12 33 0 0 N
12 35 1 2 N
12 30 2 1 N
33 25 2 1 N
33 7 1 2 N
33 5 0 0 N
25 37 0 1 N
25 17 1 2 N
25 0 2 0 N
37 28 1 1 N
37 17 2 2 N
37 23 0 0 N
28 9 1 1 N
28 9 0 0 N
28 4 2 2 N
9 14 0 2 N
9 32 2 1 N
9 9 1 0 N
14 21 1 2 N
14 42 2 1 N
14 21 0 0 N
21 26 2 2 N
21 34 1 1 N
21 19 0 0 N
26 13 0 2 N
26 12 2 0 N
26 36 1 1 N
13 10 0 2 N
13 41 1 0 N
13 2 2 1 N
10 17 0 2 N
10 4 1 1 N
10 18 2 0 N
17 39 2 0 N
17 15 1 1 N
17 0 0 2 N
39 34 2 2 N
39 8 1 0 N
39 15 0 1 N
34 7 1 1 N
34 9 0 2 N
34 9 2 0 N
7 38 0 0 N
7 8 1 1 N
7 37 2 2 N
38 29 2 2 N
38 22 1 0 N
38 13 0 1 N
29 30 1 1 N
29 30 2 2 N
29 25 0 0 N
30 42 2 2 N
30 5 0 1 N
30 9 1 0 N
42 4 1 1 N
42 6 2 0 N
42 24 0 2 N
4 40 2 0 N
4 32 0 2 N
4 30 1 1 N
40 3 2 1 N
40 24 1 0 N
40 37 0 2 N
3 5 2 0 N
3 31 1 1 N
3 33 0 2 N
5 24 2 1 N
5 0 0 0 N
5 23 1 2 N
24 27 0 2 N
24 16 1 1 N
24 4 2 0 N
27 19 2 2 N
27 40 0 0 N
27 18 1 1 N
19 35 1 1 N
19 12 0 0 N
19 5 2 2 N
35 43 2 2 N
35 2 0 1 N
35 16 1 0 N
43 18 1 2 N
43 15 2 0 N
43 6 0 1 N
18 41 2 1 N
18 17 0 0 N
18 7 1 2 N
41 31 2 2 N
41 32 1 1 N
41 1 0 0 N
31 6 0 1 N
31 16 2 0 N
31 2 1 2 N
6 2 1 0 N
6 40 0 2 N
6 2 2 1 N
2 1 2 2 N
2 37 0 0 N
2 0 1 1 N
1 8 0 1 N
1 6 1 0 N
1 29 2 2 N
8 36 2 2 N
8 30 0 1 N
8 12 1 0 N
36 11 0 2 N
36 8 2 0 N
36 7 1 1 N
11 20 1 2 N
11 15 2 0 N
11 24 0 1 N
20 32 2 0 N
20 16 0 2 N
20 21 1 1 N
32 22 2 2 N
32 17 1 0 N
32 8 0 1 N
22 19 1 2 N
22 13 2 0 N
22 33 0 1 N
