26 41 2 0 S
26 22 0 1 S
26 31 1 2 S
41 1 0 0 N
41 26 1 1 N
41 25 2 2 N
1 34 1 0 N
1 16 2 2 N
1 34 0 1 N
34 36 0 0 N
34 29 1 1 N
34 25 2 2 N
36 13 2 2 N
36 21 1 0 N
36 19 0 1 N
13 25 1 2 N
13 36 0 0 N
13 20 2 1 N
25 3 1 2 N
25 4 2 1 N
25 26 0 0 N
3 19 0 0 N
3 37 2 1 N
3 43 1 2 N
19 37 2 1 N
19 10 1 2 N
19 9 0 0 N
37 20 2 0 N
37 20 0 2 N
37 5 1 1 N
20 12 0 0 N
20 17 2 1 N
20 18 1 2 N
12 31 0 0 N
12 9 1 2 N
12 26 2 1 N
31 16 2 0 N
31 29 0 1 N
31 31 1 2 N
16 14 1 0 N
16 26 2 2 N
16 26 0 1 N
14 27 0 1 N
14 10 2 2 N
14 2 1 0 N
27 24 0 2 N
27 9 1 0 N
27 6 2 1 N
24 28 2 1 N
24 35 1 2 N
24 22 0 0 N
28 32 0 0 N
28 34 1 2 N
28 31 2 1 N
32 21 1 1 N
32 34 2 0 N
32 16 0 2 N
21 43 2 2 N
21 26 1 0 N
21 10 0 1 N
43 33 2 1 N
43 25 1 0 N
43 35 0 2 N
33 0 2 1 N
33 1 0 0 N
33 28 1 2 N
0 6 0 0 N
0 1 1 1 N
0 25 2 2 N
6 22 1 1 N
6 28 0 2 N
6 2 2 0 N
22 4 2 0 N
22 18 1 1 N
22 34 0 2 N
4 11 0 0 N
4 23 1 2 N
4 10 2 1 N
11 23 2 1 N
11 41 1 0 N
11 13 0 2 N
23 9 0 2 N
23 9 1 0 N
23 22 2 1 N
9 40 0 0 N
9 29 1 1 N
9 12 2 2 N
40 7 2 1 N
40 38 0 2 N
40 28 1 0 N
7 39 1 1 N
7 31 0 2 N
7 31 2 0 N
39 5 1 1 N
39 9 0 0 N
39 41 2 2 N
5 8 1 2 N
5 12 0 0 N
5 34 2 1 N
8 42 0 0 N
8 1 1 1 N
8 9 2 2 N
42 35 0 2 N
42 15 1 1 N
42 33 2 0 N
35 29 0 1 N
35 4 1 0 N
35 41 2 2 N
29 15 2 0 N
29 34 1 2 N
29 25 0 1 N
15 30 1 1 N
15 12 2 2 N
15 6 0 0 N
30 2 2 1 N
30 33 0 0 N
30 33 1 2 N
2 17 0 0 N
2 9 1 2 N
2 12 2 1 N
17 10 0 2 N
17 29 2 0 N
17 13 1 1 N
10 38 2 2 N
10 7 0 0 N
10 29 1 1 N
38 18 2 2 N
38 13 0 1 N
38 37 1 0 N
18 12 2 2 N
18 26 1 1 N
18 25 0 0 N
