10 21 0 2 S
10 26 2 0 S
10 42 1 1 S
21 15 0 0 N
21 14 1 1 N
21 25 2 2 N
15 39 0 0 N
15 3 2 1 N
15 5 1 2 N
39 6 1 0 N
39 20 0 1 N
39 17 2 2 N
6 8 2 0 N
6 12 0 2 N
6 23 1 1 N
8 26 2 1 N
8 29 0 0 N
8 33 1 2 N
26 4 0 0 N
26 43 1 1 N
26 8 2 2 N
4 36 2 0 N
4 25 0 2 N
4 14 1 1 N
36 24 1 2 N
36 5 0 0 N
36 4 2 1 N
24 7 2 0 N
24 35 1 1 N
24 28 0 2 N
7 22 0 1 N
7 2 2 0 N
7 41 1 2 N
22 0 1 0 N
22 25 2 2 N
22 12 0 1 N
0 27 1 1 N
0 22 2 2 N
0 13 0 0 N
27 12 0 1 N
27 8 2 0 N
27 21 1 2 N
12 16 0 0 N
12 36 2 2 N
12 40 1 1 N
16 35 0 0 N
16 1 2 2 N
16 32 1 1 N
35 14 0 0 N
35 2 1 1 N
35 5 2 2 N
14 17 1 2 N
14 5 2 0 N
14 1 0 1 N
17 18 2 1 N
17 42 0 0 N
17 3 1 2 N
18 3 1 0 N
18 33 2 2 N
18 21 0 1 N
3 28 0 1 N
3 34 1 0 N
3 1 2 2 N
28 2 0 2 N
28 5 1 0 N
28 25 2 1 N
2 43 0 2 N
2 21 1 1 N
2 8 2 0 N
43 5 0 0 N
43 14 1 1 N
43 35 2 2 N
5 23 1 2 N
5 30 0 1 N
5 25 2 0 N
23 1 0 2 N
23 3 1 1 N
23 13 2 0 N
1 38 0 0 N
1 3 1 2 N
1 1 2 1 N
38 32 1 1 N
38 43 2 2 N
38 23 0 0 N
32 31 1 2 N
32 42 2 1 N
32 37 0 0 N
31 25 0 2 N
31 20 2 0 N
31 23 1 1 N
25 30 2 0 N
25 33 1 2 N
25 1 0 1 N
30 19 0 1 N
30 38 2 0 N
30 1 1 2 N
19 37 2 0 N
19 42 1 2 N
19 43 0 1 N
37 41 0 0 N
37 16 1 2 N
37 7 2 1 N
41 42 2 1 N
41 19 1 0 N
41 14 0 2 N
42 29 2 1 N
42 40 0 2 N
42 8 1 0 N
29 11 0 2 N
29 40 1 0 N
29 14 2 1 N
11 9 1 1 N
11 26 0 2 N
11 42 2 0 N
9 13 1 0 N
9 13 2 1 N
9 8 0 2 N
13 34 2 0 N
13 23 1 1 N
13 4 0 2 N
34 40 1 1 N
34 16 0 0 N
34 13 2 2 N
40 20 0 1 N
40 5 1 0 N
40 1 2 2 N
20 33 2 1 N
20 15 1 2 N
20 31 0 0 N
33 21 2 1 N
33 28 0 0 N
33 23 1 2 N
