5 7 1 0 S
5 9 2 2 S
5 11 0 1 S
7 24 1 0 N
7 12 2 2 N
7 2 0 1 N
24 19 2 1 N
24 40 0 2 N
24 18 1 0 N
19 15 0 1 N
19 31 2 2 N
19 34 1 0 N
15 35 1 0 N
15 9 0 1 N
15 9 2 2 N
35 13 0 2 N
35 23 1 0 N
35 10 2 1 N
13 42 0 1 N
13 36 2 2 N
13 2 1 0 N
42 29 0 2 N
42 13 2 1 N
42 27 1 0 N
29 2 0 1 N
29 18 1 0 N
29 9 2 2 N
2 38 2 0 N
2 1 0 2 N
2 23 1 1 N
38 1 1 0 N
38 10 0 2 N
38 23 2 1 N
1 6 0 0 N
1 10 1 2 N
1 23 2 1 N
6 10 0 2 N
6 37 1 1 N
6 16 2 0 N
10 4 1 2 N
10 8 0 1 N
10 12 2 0 N
4 3 1 1 N
4 6 0 0 N
4 26 2 2 N
3 37 2 2 N
3 15 1 1 N
3 10 0 0 N
37 34 1 0 N
37 9 2 2 N
37 1 0 1 N
34 22 0 2 N
34 31 1 1 N
34 13 2 0 N
22 30 1 0 N
22 41 2 2 N
22 35 0 1 N
30 36 0 1 N
30 9 2 2 N
30 23 1 0 N
36 16 0 2 N
36 1 2 0 N
36 9 1 1 N
16 31 2 0 N
16 12 1 2 N
16 8 0 1 N
31 11 0 1 N
31 29 2 2 N
31 20 1 0 N
11 40 0 2 N
11 18 1 1 N
11 32 2 0 N
40 8 2 0 N
40 32 0 1 N
40 16 1 2 N
8 27 0 0 N
8 37 1 1 N
8 0 2 2 N
27 26 2 0 N
27 30 0 1 N
27 0 1 2 N
26 32 0 1 N
26 35 2 0 N
26 12 1 2 N
32 33 1 1 N
32 37 2 0 N
32 13 0 2 N
33 17 0 0 N
33 20 2 1 N
33 27 1 2 N
17 20 2 1 N
17 14 1 2 N
17 7 0 0 N
20 9 1 1 N
20 41 2 2 N
20 8 0 0 N
9 0 0 1 N
9 3 2 0 N
9 23 1 2 N
0 21 0 0 N
0 3 2 1 N
0 2 1 2 N
21 18 2 2 N
21 8 0 1 N
21 11 1 0 N
18 12 2 1 N
18 13 1 2 N
18 2 0 0 N
12 43 2 1 N
12 34 1 2 N
12 12 0 0 N
43 39 0 0 N
43 27 2 1 N
43 42 1 2 N
39 25 1 1 N
39 25 0 0 N
39 1 2 2 N
25 14 0 0 N
25 15 2 1 N
25 26 1 2 N
14 28 0 2 N
14 41 2 0 N
14 7 1 1 N
28 23 2 1 N
28 29 0 2 N
28 39 1 0 N
23 41 2 0 N
23 25 0 1 N
23 12 1 2 N
41 40 1 2 N
41 35 2 0 N
41 37 0 1 N
