18 7 1 0 S
18 37 2 2 S
18 32 0 1 S
7 8 0 1 N
7 35 1 0 N
7 41 2 2 N
8 15 2 2 N
8 24 1 0 N
8 12 0 1 N
15 41 0 0 N
15 13 2 1 N
15 23 1 2 N
41 37 0 1 N
41 34 2 2 N
41 31 1 0 N
37 25 1 0 N
37 30 0 2 N
37 32 2 1 N
25 13 2 2 N
25 42 0 1 N
25 13 1 0 N
13 29 2 2 N
13 10 1 1 N
13 26 0 0 N
29 10 0 1 N
29 17 2 2 N
29 4 1 0 N
10 3 0 0 N
10 1 1 2 N
10 1 2 1 N
3 16 0 0 N
3 41 1 2 N
3 18 2 1 N
16 9 0 2 N
16 32 1 1 N
16 16 2 0 N
9 35 0 1 N
9 7 1 2 N
9 18 2 0 N
35 32 1 0 N
35 5 2 1 N
35 16 0 2 N
32 42 0 2 N
32 23 1 0 N
32 16 2 1 N
42 5 1 0 N
42 19 0 1 N
42 23 2 2 N
5 26 1 1 N
5 41 2 0 N
5 16 0 2 N
26 6 0 0 N
26 19 1 2 N
26 35 2 1 N
6 21 0 2 N
6 40 2 0 N
6 31 1 1 N
21 36 1 0 N
21 43 2 1 N
21 5 0 2 N
36 19 2 0 N
36 21 0 2 N
36 5 1 1 N
19 4 2 2 N
19 38 0 0 N
19 34 1 1 N
4 0 2 2 N
4 0 1 0 N
4 39 0 1 N
0 33 1 1 N
0 27 2 2 N
0 1 0 0 N
33 38 0 1 N
33 27 1 0 N
33 37 2 2 N
38 34 2 2 N
38 14 1 0 N
38 43 0 1 N
34 22 0 1 N
34 32 1 0 N
34 5 2 2 N
22 28 2 1 N
22 7 1 2 N
22 32 0 0 N
28 1 1 0 N
28 30 2 1 N
28 32 0 2 N
1 24 0 1 N
1 27 2 2 N
1 3 1 0 N
24 12 0 2 N
24 4 1 1 N
24 41 2 0 N
12 17 1 0 N
12 42 0 2 N
12 16 2 1 N
17 20 0 0 N
17 3 1 1 N
17 32 2 2 N
20 39 0 2 N
20 14 2 0 N
20 32 1 1 N
39 40 1 0 N
39 18 0 1 N
39 32 2 2 N
40 11 0 1 N
40 16 2 2 N
40 30 1 0 N
11 43 2 2 N
11 3 1 1 N
11 12 0 0 N
43 31 2 0 N
43 38 0 1 N
43 19 1 2 N
31 27 0 1 N
31 16 2 2 N
31 34 1 0 N
27 23 1 1 N
27 35 2 0 N
27 43 0 2 N
23 30 2 0 N
23 38 0 1 N
23 32 1 2 N
30 2 2 2 N
30 6 0 0 N
30 34 1 1 N
2 14 2 1 N
2 32 1 0 N
2 17 0 2 N
14 34 0 0 N
14 15 1 1 N
14 19 2 2 N
