40 1 2 1 S
40 39 0 2 S
40 5 1 0 S
1 33 2 0 N
1 19 0 2 N
1 5 1 1 N
33 8 0 1 N
33 3 1 0 N
33 4 2 2 N
8 2 2 1 N
8 1 1 2 N
8 17 0 0 N
2 34 2 0 N
2 23 0 1 N
2 4 1 2 N
34 6 0 0 N
34 42 2 2 N
34 5 1 1 N
6 41 2 0 N
6 4 1 1 N
6 13 0 2 N
41 4 0 2 N
41 39 2 1 N
41 19 1 0 N
4 12 0 1 N
4 17 1 0 N
4 13 2 2 N
12 19 0 1 N
12 40 1 2 N
12 20 2 0 N
19 26 0 1 N
19 13 2 0 N
19 9 1 2 N
26 35 1 1 N
26 25 0 2 N
26 39 2 0 N
35 16 2 1 N
35 43 1 0 N
35 9 0 2 N
16 10 2 2 N
16 27 1 0 N
16 20 0 1 N
10 42 0 1 N
10 1 2 0 N
10 6 1 2 N
42 17 2 1 N
42 6 1 0 N
42 42 0 2 N
17 30 0 2 N
17 24 1 1 N
17 2 2 0 N
30 5 1 2 N
30 6 0 0 N
30 0 2 1 N
5 20 0 1 N
5 15 1 2 N
5 15 2 0 N
20 27 0 0 N
20 4 1 2 N
20 13 2 1 N
27 31 2 2 N
27 13 1 1 N
27 6 0 0 N
31 28 0 0 N
31 27 1 2 N
31 15 2 1 N
28 32 1 2 N
28 25 0 0 N
28 12 2 1 N
32 37 1 1 N
32 37 0 2 N
32 13 2 0 N
37 13 1 0 N
37 6 0 1 N
37 6 2 2 N
13 24 1 0 N
13 42 2 1 N
13 42 0 2 N
24 39 2 0 N
24 31 0 1 N
24 16 1 2 N
39 23 2 0 N
39 13 1 1 N
39 9 0 2 N
23 0 1 2 N
23 9 2 1 N
23 6 0 0 N
0 14 2 0 N
0 33 1 2 N
0 41 0 1 N
14 22 0 2 N
14 10 2 1 N
14 0 1 0 N
22 25 0 1 N
22 7 2 0 N
22 11 1 2 N
25 36 2 0 N
25 16 1 1 N
25 10 0 2 N
36 43 2 1 N
36 7 0 2 N
36 42 1 0 N
43 21 1 1 N
43 20 0 0 N
43 27 2 2 N
21 38 2 0 N
21 6 1 1 N
21 26 0 2 N
38 11 0 1 N
38 31 2 0 N
38 4 1 2 N
11 29 0 0 N
11 0 2 1 N
11 33 1 2 N
29 7 2 2 N
29 34 1 0 N
29 37 0 1 N
7 3 0 1 N
7 19 2 2 N
7 15 1 0 N
3 18 1 2 N
3 26 0 0 N
3 42 2 1 N
18 9 0 0 N
18 14 2 1 N
18 29 1 2 N
9 15 1 0 N
9 23 0 1 N
9 6 2 2 N
15 13 0 0 N
15 41 2 1 N
15 13 1 2 N
