19 8 2 1 S
19 35 1 0 S
19 15 0 2 S
8 28 0 2 N
8 35 2 0 N
8 0 1 1 N
28 4 2 2 N
28 2 0 1 N
28 29 1 0 N
4 7 2 1 N
4 30 0 2 N
4 16 1 0 N
7 29 1 2 N
7 11 0 0 N
7 38 2 1 N
29 43 0 2 N
29 0 2 0 N
29 17 1 1 N
43 9 1 2 N
43 30 0 0 N
43 38 2 1 N
9 6 0 1 N
9 24 2 0 N
9 17 1 2 N
6 39 2 2 N
6 41 0 1 N
6 23 1 0 N
39 14 1 2 N
39 25 0 1 N
39 40 2 0 N
14 37 1 1 N
14 40 2 0 N
14 39 0 2 N
37 23 1 2 N
37 41 2 1 N
37 23 0 0 N
23 18 1 0 N
23 38 2 2 N
23 23 0 1 N
18 2 1 1 N
18 14 2 2 N
18 37 0 0 N
2 0 0 0 N
2 6 2 2 N
2 17 1 1 N
0 11 0 2 N
0 33 1 0 N
0 13 2 1 N
11 26 1 2 N
11 39 2 0 N
11 15 0 1 N
26 21 2 2 N
26 38 0 0 N
26 23 1 1 N
21 16 1 1 N
21 2 2 2 N
21 17 0 0 N
16 33 0 2 N
16 40 2 0 N
16 40 1 1 N
33 20 0 0 N
33 15 1 2 N
33 23 2 1 N
20 3 0 1 N
20 41 2 0 N
20 32 1 2 N
3 40 0 0 N
3 16 1 2 N
3 17 2 1 N
40 38 0 1 N
40 34 1 2 N
40 6 2 0 N
38 5 1 2 N
38 0 0 0 N
38 23 2 1 N
5 42 0 1 N
5 28 1 0 N
5 2 2 2 N
42 32 0 2 N
42 4 2 1 N
42 5 1 0 N
32 10 2 0 N
32 18 0 1 N
32 23 1 2 N
10 1 0 1 N
10 20 2 0 N
10 3 1 2 N
1 31 2 1 N
1 9 0 0 N
1 36 1 2 N
31 36 1 0 N
31 13 2 2 N
31 15 0 1 N
36 35 1 2 N
36 19 2 1 N
36 23 0 0 N
35 30 0 1 N
35 19 1 0 N
35 21 2 2 N
30 17 0 0 N
30 12 2 2 N
30 41 1 1 N
17 13 0 1 N
17 31 2 0 N
17 23 1 2 N
13 34 1 0 N
13 38 2 2 N
13 40 0 1 N
34 25 2 2 N
34 19 0 1 N
34 12 1 0 N
25 12 0 0 N
25 21 2 2 N
25 40 1 1 N
12 27 0 2 N
12 5 1 0 N
12 2 2 1 N
27 15 1 0 N
27 9 2 2 N
27 2 0 1 N
15 22 0 2 N
15 37 2 1 N
15 23 1 0 N
22 24 0 2 N
22 6 1 1 N
22 28 2 0 N
24 41 0 0 N
24 14 2 2 N
24 17 1 1 N
41 15 2 1 N
41 19 0 0 N
41 15 1 2 N
