40 14 0 1 S
40 26 2 0 S
40 2 1 2 S
14 32 1 2 N
14 27 0 1 N
14 10 2 0 N
32 43 2 1 N
32 36 0 0 N
32 28 1 2 N
43 2 0 1 N
43 33 2 2 N
43 2 1 0 N
2 22 1 1 N
2 15 2 0 N
2 29 0 2 N
22 7 2 2 N
22 26 1 1 N
22 26 0 0 N
7 23 1 0 N
7 9 0 1 N
7 3 2 2 N
23 37 2 2 N
23 15 0 0 N
23 15 1 1 N
37 11 0 0 N
37 30 2 1 N
37 26 1 2 N
11 34 0 1 N
11 34 2 0 N
11 1 1 2 N
34 19 0 1 N
34 18 1 2 N
34 36 2 0 N
19 25 2 1 N
19 17 0 2 N
19 41 1 0 N
25 26 0 1 N
25 38 1 2 N
25 29 2 0 N
26 6 0 1 N
26 41 1 2 N
26 21 2 0 N
6 30 0 1 N
6 41 1 0 N
6 25 2 2 N
30 36 1 1 N
30 34 2 2 N
30 43 0 0 N
36 42 2 2 N
36 21 0 1 N
36 2 1 0 N
42 20 2 0 N
42 39 0 1 N
42 26 1 2 N
20 38 1 0 N
20 9 0 1 N
20 39 2 2 N
38 27 0 0 N
38 32 2 1 N
38 19 1 2 N
27 13 0 1 N
27 1 1 0 N
27 2 2 2 N
13 17 0 2 N
13 12 1 1 N
13 38 2 0 N
17 4 0 1 N
17 19 2 2 N
17 10 1 0 N
4 9 0 0 N
4 15 2 1 N
4 13 1 2 N
9 3 2 1 N
9 2 0 2 N
9 9 1 0 N
3 28 0 2 N
3 36 1 0 N
3 36 2 1 N
28 10 2 0 N
28 23 1 2 N
28 21 0 1 N
10 1 0 0 N
10 6 2 1 N
10 16 1 2 N
1 5 2 2 N
1 23 0 1 N
1 36 1 0 N
5 12 2 2 N
5 37 1 1 N
5 22 0 0 N
12 0 1 2 N
12 19 2 0 N
12 22 0 1 N
0 31 1 0 N
0 41 0 1 N
0 24 2 2 N
31 18 2 0 N
31 37 0 1 N
31 17 1 2 N
18 24 1 0 N
18 21 2 1 N
18 22 0 2 N
24 41 2 2 N
24 18 1 1 N
24 2 0 0 N
41 29 2 1 N
41 3 0 0 N
41 9 1 2 N
29 21 0 0 N
29 9 2 2 N
29 20 1 1 N
21 8 0 2 N
21 29 1 1 N
21 20 2 0 N
8 39 2 1 N
8 15 0 2 N
8 27 1 0 N
39 33 2 2 N
39 9 0 1 N
39 9 1 0 N
33 15 1 0 N
33 39 2 2 N
33 2 0 1 N
15 35 1 1 N
15 20 2 2 N
15 21 0 0 N
35 16 1 1 N
35 32 0 0 N
35 41 2 2 N
16 3 0 1 N
16 24 2 0 N
16 1 1 2 N
