41 0 0 2 S
41 17 2 1 S
41 22 1 0 S
0 14 1 0 N
0 27 2 2 N
0 28 0 1 N
14 6 1 1 N
14 36 0 0 N
14 36 2 2 N
6 21 1 1 N
6 25 2 2 N
6 7 0 0 N
21 26 2 0 N
21 27 0 2 N
21 13 1 1 N
26 29 1 2 N
26 37 0 1 N
26 4 2 0 N
29 3 2 2 N
29 2 1 0 N
29 1 0 1 N
3 27 0 1 N
3 14 1 2 N
3 37 2 0 N
27 23 2 2 N
27 0 1 1 N
27 3 0 0 N
23 28 0 0 N
23 4 2 1 N
23 34 1 2 N
28 35 0 2 N
28 37 2 1 N
28 32 1 0 N
35 19 2 2 N
35 12 0 0 N
35 27 1 1 N
19 11 1 1 N
19 3 2 2 N
19 3 0 0 N
11 18 2 1 N
11 21 1 0 N
11 39 0 2 N
18 4 2 0 N
18 26 1 1 N
18 38 0 2 N
4 2 1 1 N
4 16 2 0 N
4 36 0 2 N
2 40 2 2 N
2 40 1 0 N
2 4 0 1 N
40 32 0 1 N
40 13 2 2 N
40 28 1 0 N
32 13 1 0 N
32 28 0 2 N
32 32 2 1 N
13 30 0 0 N
13 28 1 2 N
13 0 2 1 N
30 1 1 0 N
30 9 2 1 N
30 19 0 2 N
1 8 2 0 N
1 7 1 1 N
1 3 0 2 N
8 43 2 2 N
8 14 0 1 N
8 32 1 0 N
43 15 1 2 N
43 6 2 1 N
43 8 0 0 N
15 36 2 1 N
15 8 1 2 N
15 32 0 0 N
36 5 1 0 N
36 35 2 2 N
36 15 0 1 N
5 42 1 2 N
5 0 2 0 N
5 4 0 1 N
42 17 1 1 N
42 20 2 2 N
42 8 0 0 N
17 7 1 0 N
17 6 2 2 N
17 9 0 1 N
7 20 0 2 N
7 38 1 0 N
7 15 2 1 N
20 24 1 2 N
20 7 0 0 N
20 38 2 1 N
24 10 2 0 N
24 3 1 2 N
24 3 0 1 N
10 16 1 1 N
10 15 0 0 N
10 36 2 2 N
16 39 0 0 N
16 33 1 2 N
16 14 2 1 N
39 33 0 1 N
39 3 2 2 N
39 28 1 0 N
33 34 2 0 N
33 0 1 2 N
33 7 0 1 N
34 22 2 1 N
34 36 0 0 N
34 32 1 2 N
22 37 2 0 N
22 1 0 2 N
22 42 1 1 N
37 9 0 0 N
37 28 1 2 N
37 32 2 1 N
9 12 2 0 N
9 32 1 1 N
9 39 0 2 N
12 25 2 2 N
12 24 1 1 N
12 7 0 0 N
25 31 0 2 N
25 3 2 1 N
25 3 1 0 N
31 38 2 0 N
31 8 0 1 N
31 32 1 2 N
38 18 2 2 N
38 43 1 0 N
38 37 0 1 N
