20 1 0 1 S
20 42 2 0 S
20 12 1 2 S
1 30 0 1 N
1 14 1 0 N
1 18 2 2 N
30 18 2 1 N
30 12 0 2 N
30 18 1 0 N
18 37 2 0 N
18 40 0 2 N
18 40 1 1 N
37 10 1 0 N
37 13 0 2 N
37 10 2 1 N
10 11 2 1 N
10 39 0 2 N
10 16 1 0 N
11 0 2 0 N
11 28 1 1 N
11 1 0 2 N
0 26 2 1 N
0 10 0 2 N
0 30 1 0 N
26 39 1 1 N
26 17 2 0 N
26 43 0 2 N
39 7 1 1 N
39 6 0 0 N
39 36 2 2 N
7 34 1 1 N
7 34 0 0 N
7 10 2 2 N
34 40 0 0 N
34 33 1 1 N
34 40 2 2 N
40 33 2 2 N
40 25 1 1 N
40 40 0 0 N
33 29 1 0 N
33 10 0 2 N
33 1 2 1 N
29 15 1 2 N
29 8 0 0 N
29 32 2 1 N
15 3 1 1 N
15 23 0 0 N
15 1 2 2 N
3 8 2 0 N
3 42 1 2 N
3 18 0 1 N
8 36 2 2 N
8 30 1 0 N
8 37 0 1 N
36 6 2 0 N
36 26 0 2 N
36 18 1 1 N
6 32 2 0 N
6 26 1 2 N
6 10 0 1 N
32 35 2 0 N
32 37 1 1 N
32 0 0 2 N
35 41 0 2 N
35 13 1 1 N
35 1 2 0 N
41 17 0 0 N
41 34 2 1 N
41 6 1 2 N
17 13 2 1 N
17 16 1 2 N
17 32 0 0 N
13 2 0 2 N
13 37 1 1 N
13 24 2 0 N
2 5 2 0 N
2 42 0 2 N
2 38 1 1 N
5 28 0 2 N
5 25 1 1 N
5 40 2 0 N
28 16 2 0 N
28 40 1 1 N
28 17 0 2 N
16 25 2 0 N
16 40 1 2 N
16 24 0 1 N
25 23 1 0 N
25 40 0 1 N
25 10 2 2 N
23 27 0 1 N
23 17 2 0 N
23 12 1 2 N
27 22 1 2 N
27 9 2 0 N
27 24 0 1 N
22 31 2 1 N
22 26 1 2 N
22 3 0 0 N
31 12 2 2 N
31 39 1 1 N
31 9 0 0 N
12 24 0 1 N
12 16 1 0 N
12 26 2 2 N
24 38 2 2 N
24 37 0 1 N
24 40 1 0 N
38 19 1 0 N
38 5 2 2 N
38 6 0 1 N
19 4 0 1 N
19 5 2 2 N
19 28 1 0 N
4 9 2 0 N
4 39 0 1 N
4 16 1 2 N
9 43 2 2 N
9 6 0 0 N
9 40 1 1 N
43 21 0 1 N
43 11 1 2 N
43 16 2 0 N
21 14 2 0 N
21 17 0 2 N
21 37 1 1 N
14 42 2 2 N
14 16 0 0 N
14 30 1 1 N
42 9 0 1 N
42 2 1 2 N
42 1 2 0 N
