34 26 0 0 S
34 12 1 1 S
34 18 2 2 S
26 3 2 1 N
26 0 0 2 N
26 27 1 0 N
3 12 2 0 N
3 15 1 2 N
3 13 0 1 N
12 29 1 0 N
12 19 0 2 N
12 41 2 1 N
29 10 2 0 N
29 4 1 2 N
29 10 0 1 N
10 30 2 0 N
10 27 1 1 N
10 23 0 2 N
30 28 2 2 N
30 37 1 0 N
30 31 0 1 N
28 7 2 1 N
28 23 0 0 N
28 27 1 2 N
7 13 2 1 N
7 26 1 2 N
7 39 0 0 N
13 2 0 1 N
13 20 2 0 N
13 18 1 2 N
2 40 0 1 N
2 41 1 0 N
2 17 2 2 N
40 11 0 0 N
40 4 1 1 N
40 0 2 2 N
11 16 2 1 N
11 36 0 0 N
11 36 1 2 N
16 22 1 1 N
16 30 0 0 N
16 36 2 2 N
22 19 0 2 N
22 28 2 1 N
22 26 1 0 N
19 4 0 0 N
19 4 2 1 N
19 26 1 2 N
4 38 2 2 N
4 25 0 0 N
4 6 1 1 N
38 36 1 0 N
38 24 0 1 N
38 2 2 2 N
36 37 2 2 N
36 5 0 0 N
36 36 1 1 N
37 39 2 0 N
37 17 1 1 N
37 27 0 2 N
39 9 2 1 N
39 7 0 0 N
39 36 1 2 N
9 24 1 1 N
9 25 0 0 N
9 18 2 2 N
24 43 1 1 N
24 41 2 2 N
24 10 0 0 N
43 8 2 1 N
43 3 1 2 N
43 7 0 0 N
8 5 1 1 N
8 14 0 2 N
8 34 2 0 N
5 6 2 1 N
5 36 0 2 N
5 39 1 0 N
6 42 2 2 N
6 27 1 1 N
6 37 0 0 N
42 32 0 2 N
42 32 1 0 N
42 31 2 1 N
32 31 1 1 N
32 28 0 0 N
32 7 2 2 N
31 25 1 2 N
31 40 2 1 N
31 33 0 0 N
25 41 1 1 N
25 14 0 2 N
25 10 2 0 N
41 21 0 1 N
41 35 2 2 N
41 27 1 0 N
21 17 0 0 N
21 29 2 1 N
21 9 1 2 N
17 27 1 2 N
17 36 0 1 N
17 35 2 0 N
27 1 1 2 N
27 39 0 1 N
27 11 2 0 N
1 23 0 1 N
1 7 2 0 N
1 9 1 2 N
23 18 2 0 N
23 26 0 2 N
23 39 1 1 N
18 14 2 1 N
18 16 0 2 N
18 6 1 0 N
14 35 2 2 N
14 19 0 0 N
14 24 1 1 N
35 15 1 2 N
35 6 0 0 N
35 33 2 1 N
15 20 2 2 N
15 43 0 0 N
15 39 1 1 N
20 0 0 0 N
20 8 2 1 N
20 42 1 2 N
0 33 2 0 N
0 13 0 2 N
0 37 1 1 N
33 11 2 2 N
33 27 1 0 N
33 18 0 1 N
