26 27 0 2 S
26 9 1 0 S
26 25 2 1 S
27 5 2 0 N
27 18 0 1 N
27 18 1 2 N
5 24 0 0 N
5 16 2 2 N
5 37 1 1 N
24 35 2 0 N
24 14 0 2 N
24 19 1 1 N
35 25 1 1 N
35 24 2 2 N
35 41 0 0 N
25 14 2 2 N
25 12 0 1 N
25 39 1 0 N
14 42 1 1 N
14 36 0 0 N
14 37 2 2 N
42 43 1 0 N
42 3 2 1 N
42 31 0 2 N
43 2 0 0 N
43 10 1 1 N
43 10 2 2 N
2 3 2 0 N
2 15 0 2 N
2 8 1 1 N
3 32 2 0 N
3 6 1 1 N
3 7 0 2 N
32 20 2 0 N
32 39 0 2 N
32 9 1 1 N
20 17 2 1 N
20 35 1 0 N
20 1 0 2 N
17 31 2 0 N
17 4 0 1 N
17 4 1 2 N
31 0 1 1 N
31 27 2 0 N
31 36 0 2 N
0 34 0 0 N
0 26 1 2 N
0 18 2 1 N
34 37 1 2 N
34 36 0 0 N
34 9 2 1 N
37 13 2 2 N
37 36 1 0 N
37 29 0 1 N
13 40 2 1 N
13 12 0 2 N
13 15 1 0 N
40 30 1 2 N
40 26 0 1 N
40 21 2 0 N
30 38 0 0 N
30 37 2 1 N
30 9 1 2 N
38 41 2 1 N
38 8 0 0 N
38 18 1 2 N
41 1 0 1 N
41 33 1 2 N
41 9 2 0 N
1 23 1 0 N
1 14 0 2 N
1 43 2 1 N
23 29 2 0 N
23 38 1 2 N
23 28 0 1 N
29 12 2 0 N
29 15 1 2 N
29 10 0 1 N
12 7 0 1 N
12 36 1 0 N
12 43 2 2 N
7 6 0 2 N
7 21 2 1 N
7 12 1 0 N
6 28 0 1 N
6 10 1 0 N
6 19 2 2 N
28 9 0 0 N
28 26 1 1 N
28 19 2 2 N
9 19 2 2 N
9 30 0 0 N
9 18 1 1 N
19 16 1 1 N
19 41 2 2 N
19 12 0 0 N
16 8 1 2 N
16 14 2 1 N
16 14 0 0 N
8 33 2 0 N
8 2 0 2 N
8 43 1 1 N
33 10 2 1 N
33 39 0 2 N
33 0 1 0 N
10 39 1 1 N
10 18 0 2 N
10 10 2 0 N
39 22 2 1 N
39 10 1 2 N
39 10 0 0 N
22 4 0 0 N
22 42 1 2 N
22 34 2 1 N
4 18 2 1 N
4 13 0 0 N
4 3 1 2 N
18 11 1 2 N
18 29 0 1 N
18 8 2 0 N
11 21 0 1 N
11 37 2 2 N
11 10 1 0 N
21 15 0 1 N
21 1 2 0 N
21 20 1 2 N
15 36 0 0 N
15 43 2 2 N
15 18 1 1 N
36 19 0 2 N
36 2 1 1 N
36 12 2 0 N
