13 16 2 0 S
13 24 0 2 S
13 32 1 1 S
16 31 1 1 N
16 33 2 2 N
16 29 0 0 N
31 30 1 2 N
31 29 2 0 N
31 32 0 1 N
30 15 0 1 N
30 22 2 2 N
30 13 1 0 N
15 22 2 1 N
15 9 1 0 N
15 28 0 2 N
22 19 2 2 N
22 3 1 1 N
22 31 0 0 N
19 8 0 1 N
19 6 1 0 N
19 7 2 2 N
8 3 2 2 N
8 33 1 0 N
8 31 0 1 N
3 28 0 0 N
3 20 1 2 N
3 22 2 1 N
28 2 2 0 N
28 33 1 2 N
28 30 0 1 N
2 24 1 1 N
2 34 2 0 N
2 0 0 2 N
24 10 2 1 N
24 19 0 0 N
24 11 1 2 N
10 1 2 0 N
10 24 0 1 N
10 28 1 2 N
1 20 0 0 N
1 7 2 2 N
1 27 1 1 N
20 0 1 0 N
20 23 0 2 N
20 26 2 1 N
0 27 2 0 N
0 1 0 2 N
0 31 1 1 N
27 14 1 2 N
27 22 0 0 N
27 26 2 1 N
14 26 0 2 N
14 11 1 1 N
14 30 2 0 N
26 33 1 2 N
26 13 2 1 N
26 26 0 0 N
33 11 1 2 N
33 22 0 1 N
33 22 2 0 N
11 32 0 0 N
11 13 1 2 N
11 13 2 1 N
32 12 0 2 N
32 13 2 1 N
32 26 1 0 N
12 34 0 2 N
12 29 1 1 N
12 27 2 0 N
34 9 0 0 N
34 11 2 2 N
34 33 1 1 N
9 25 0 1 N
9 15 2 2 N
9 32 1 0 N
25 18 0 0 N
25 27 2 1 N
25 29 1 2 N
18 4 0 1 N
18 8 1 0 N
18 29 2 2 N
4 21 2 0 N
4 1 1 1 N
4 31 0 2 N
21 23 0 2 N
21 16 2 1 N
21 11 1 0 N
23 5 1 0 N
23 32 2 2 N
23 0 0 1 N
5 7 2 1 N
5 13 0 2 N
5 0 1 0 N
7 17 2 0 N
7 16 0 2 N
7 14 1 1 N
17 29 1 0 N
17 24 2 2 N
17 13 0 1 N
29 6 2 1 N
29 32 0 0 N
29 31 1 2 N
6 8 1 0 N
6 1 0 2 N
6 3 2 1 N
