13 23 2 2 S
13 16 1 1 S
13 30 0 0 S
23 9 0 2 N
23 26 1 1 N
23 17 2 0 N
9 10 1 2 N
9 11 2 1 N
9 8 0 0 N
10 27 2 0 N
10 12 1 2 N
10 16 0 1 N
27 14 1 1 N
27 16 2 2 N
27 16 0 0 N
14 20 1 0 N
14 0 0 1 N
14 30 2 2 N
20 32 1 2 N
20 21 0 1 N
20 4 2 0 N
32 15 2 2 N
32 31 0 1 N
32 22 1 0 N
15 21 2 0 N
15 24 1 1 N
15 2 0 2 N
21 0 1 0 N
21 17 0 2 N
21 8 2 1 N
0 2 1 1 N
0 3 2 0 N
0 8 0 2 N
2 22 0 2 N
2 3 2 1 N
2 11 1 0 N
22 26 1 2 N
22 17 0 1 N
22 10 2 0 N
26 18 1 0 N
26 20 0 1 N
26 32 2 2 N
18 31 2 2 N
18 7 1 1 N
18 29 0 0 N
31 6 0 1 N
31 9 1 2 N
31 27 2 0 N
6 28 0 1 N
6 12 1 0 N
6 33 2 2 N
28 4 1 1 N
28 8 2 2 N
28 18 0 0 N
4 12 2 0 N
4 23 1 1 N
4 23 0 2 N
12 3 1 0 N
12 33 0 2 N
12 12 2 1 N
3 19 2 2 N
3 0 1 0 N
3 5 0 1 N
19 5 1 0 N
19 33 0 2 N
19 16 2 1 N
5 25 0 0 N
5 16 1 1 N
5 29 2 2 N
25 30 2 1 N
25 13 0 2 N
25 12 1 0 N
30 33 2 0 N
30 27 0 2 N
30 24 1 1 N
33 1 2 2 N
33 12 0 0 N
33 25 1 1 N
1 24 0 2 N
1 23 2 0 N
1 7 1 1 N
24 34 2 2 N
24 5 0 1 N
24 33 1 0 N
34 8 0 1 N
34 31 2 0 N
34 29 1 2 N
8 29 2 1 N
8 17 0 0 N
8 33 1 2 N
29 16 0 2 N
29 5 1 1 N
29 24 2 0 N
16 7 1 2 N
16 27 0 1 N
16 33 2 0 N
7 17 1 1 N
7 13 2 2 N
7 16 0 0 N
17 11 1 2 N
17 30 0 1 N
17 12 2 0 N
11 29 0 1 N
11 33 2 0 N
11 33 1 2 N
