16 26 0 1 S
16 31 2 0 S
16 3 1 2 S
26 32 1 2 N
26 7 2 0 N
26 19 0 1 N
32 27 1 0 N
32 24 0 2 N
32 24 2 1 N
27 21 0 2 N
27 8 1 1 N
27 2 2 0 N
21 6 1 0 N
21 32 0 2 N
21 7 2 1 N
6 5 0 2 N
6 5 1 0 N
6 25 2 1 N
5 0 2 2 N
5 2 0 1 N
5 34 1 0 N
0 30 1 1 N
0 10 0 2 N
0 31 2 0 N
30 14 1 2 N
30 20 2 0 N
30 25 0 1 N
14 12 2 1 N
14 34 0 2 N
14 29 1 0 N
12 17 1 0 N
12 0 2 2 N
12 16 0 1 N
17 33 2 1 N
17 32 0 0 N
17 34 1 2 N
33 13 0 0 N
33 4 2 2 N
33 11 1 1 N
13 20 2 2 N
13 25 0 1 N
13 34 1 0 N
20 25 0 1 N
20 16 2 0 N
20 24 1 2 N
25 18 1 2 N
25 24 2 1 N
25 34 0 0 N
18 19 2 0 N
18 20 1 1 N
18 1 0 2 N
19 22 2 0 N
19 24 0 1 N
19 24 1 2 N
22 15 0 1 N
22 19 2 2 N
22 7 1 0 N
15 4 2 2 N
15 8 0 0 N
15 22 1 1 N
4 31 1 2 N
4 34 2 0 N
4 24 0 1 N
31 8 1 0 N
31 11 0 2 N
31 34 2 1 N
8 10 2 1 N
8 15 0 2 N
8 7 1 0 N
10 2 2 0 N
10 18 1 2 N
10 21 0 1 N
2 3 2 1 N
2 3 1 0 N
2 31 0 2 N
3 23 1 0 N
3 31 0 1 N
3 34 2 2 N
23 29 1 0 N
23 6 0 1 N
23 1 2 2 N
29 34 0 2 N
29 27 2 1 N
29 25 1 0 N
34 24 2 1 N
34 25 1 2 N
34 34 0 0 N
24 9 1 0 N
24 18 0 2 N
24 34 2 1 N
9 1 2 2 N
9 29 1 0 N
9 17 0 1 N
1 28 1 2 N
1 4 2 1 N
1 5 0 0 N
28 11 0 2 N
28 25 1 0 N
28 33 2 1 N
11 7 1 1 N
11 18 2 0 N
11 24 0 2 N
7 25 1 0 N
7 21 2 2 N
7 34 0 1 N
