11 1 0 2 S
11 19 1 1 S
11 4 2 0 S
1 5 1 1 N
1 21 2 0 N
1 13 0 2 N
5 12 1 0 N
5 31 2 2 N
5 13 0 1 N
12 4 2 2 N
12 27 1 0 N
12 33 0 1 N
4 26 2 2 N
4 31 0 1 N
4 13 1 0 N
26 25 2 1 N
26 28 1 0 N
26 4 0 2 N
25 27 1 1 N
25 0 0 0 N
25 18 2 2 N
27 17 0 0 N
27 28 2 1 N
27 23 1 2 N
17 23 0 2 N
17 1 2 0 N
17 29 1 1 N
23 20 1 2 N
23 3 0 1 N
23 4 2 0 N
20 9 1 2 N
20 33 2 0 N
20 12 0 1 N
9 6 2 1 N
9 33 1 0 N
9 0 0 2 N
6 29 0 0 N
6 18 2 1 N
6 9 1 2 N
29 0 1 0 N
29 20 0 1 N
29 21 2 2 N
0 13 1 1 N
0 1 0 0 N
0 1 2 2 N
13 2 0 0 N
13 4 2 1 N
13 21 1 2 N
2 24 0 2 N
2 15 2 1 N
2 21 1 0 N
24 30 2 0 N
24 22 0 1 N
24 11 1 2 N
30 32 0 0 N
30 23 2 1 N
30 31 1 2 N
32 15 1 2 N
32 3 2 0 N
32 13 0 1 N
15 18 0 0 N
15 1 1 2 N
15 13 2 1 N
18 19 1 1 N
18 29 2 2 N
18 12 0 0 N
19 34 0 2 N
19 20 1 1 N
19 28 2 0 N
34 16 1 2 N
34 31 0 0 N
34 23 2 1 N
16 33 0 2 N
16 23 1 0 N
16 4 2 1 N
33 22 2 2 N
33 16 0 0 N
33 13 1 1 N
22 10 1 0 N
22 17 0 1 N
22 15 2 2 N
10 21 0 2 N
10 3 2 0 N
10 18 1 1 N
21 14 2 2 N
21 4 1 1 N
21 21 0 0 N
14 7 2 1 N
14 31 1 2 N
14 13 0 0 N
7 31 0 1 N
7 19 2 0 N
7 28 1 2 N
31 8 2 2 N
31 33 1 0 N
31 13 0 1 N
8 28 2 2 N
8 1 0 0 N
8 4 1 1 N
28 3 2 1 N
28 33 0 0 N
28 1 1 2 N
3 29 1 1 N
3 4 2 0 N
3 13 0 2 N
