28 18 1 1 S
28 31 0 0 S
28 11 2 2 S
18 0 1 0 N
18 12 0 1 N
18 28 2 2 N
0 7 1 1 N
0 9 0 0 N
0 7 2 2 N
7 30 2 1 N
7 3 1 2 N
7 15 0 0 N
30 23 1 2 N
30 34 2 0 N
30 25 0 1 N
23 19 1 1 N
23 30 0 2 N
23 0 2 0 N
19 5 0 2 N
19 30 1 1 N
19 6 2 0 N
5 8 1 0 N
5 23 2 2 N
5 17 0 1 N
8 11 0 0 N
8 12 2 1 N
8 14 1 2 N
11 24 2 0 N
11 7 1 2 N
11 15 0 1 N
24 27 1 0 N
24 28 2 2 N
24 34 0 1 N
27 1 1 2 N
27 18 2 1 N
27 6 0 0 N
1 34 1 0 N
1 3 0 1 N
1 0 2 2 N
34 12 1 2 N
34 4 0 1 N
34 30 2 0 N
12 6 1 2 N
12 2 0 0 N
12 3 2 1 N
6 16 1 2 N
6 27 0 1 N
6 15 2 0 N
16 10 2 1 N
16 23 0 2 N
16 4 1 0 N
10 20 0 1 N
10 17 2 0 N
10 30 1 2 N
20 29 2 0 N
20 6 1 1 N
20 25 0 2 N
29 32 0 2 N
29 14 1 1 N
29 17 2 0 N
32 22 2 0 N
32 34 1 2 N
32 4 0 1 N
22 25 0 2 N
22 12 2 1 N
22 25 1 0 N
25 13 0 2 N
25 5 2 1 N
25 0 1 0 N
13 14 0 0 N
13 11 2 2 N
13 6 1 1 N
14 3 0 0 N
14 12 2 2 N
14 6 1 1 N
3 31 2 0 N
3 23 1 2 N
3 4 0 1 N
31 2 1 0 N
31 17 0 2 N
31 12 2 1 N
2 4 0 1 N
2 33 1 0 N
2 3 2 2 N
4 9 1 1 N
4 20 0 0 N
4 15 2 2 N
9 26 1 2 N
9 2 2 0 N
9 0 0 1 N
26 21 1 1 N
26 8 2 0 N
26 33 0 2 N
21 17 2 2 N
21 27 0 0 N
21 31 1 1 N
17 33 0 1 N
17 7 2 0 N
17 4 1 2 N
33 15 1 1 N
33 10 0 2 N
33 12 2 0 N
15 27 2 2 N
15 27 0 0 N
15 15 1 1 N
