4 17 1 0 S
4 16 0 2 S
4 25 2 1 S
17 26 2 0 N
17 2 1 1 N
17 15 0 2 N
26 12 1 2 N
26 29 2 0 N
26 2 0 1 N
12 14 2 2 N
12 4 0 0 N
12 1 1 1 N
14 11 0 0 N
14 28 2 2 N
14 17 1 1 N
11 10 0 2 N
11 0 1 0 N
11 31 2 1 N
10 34 0 1 N
10 26 2 2 N
10 2 1 0 N
34 15 2 0 N
34 17 0 2 N
34 11 1 1 N
15 7 2 1 N
15 10 1 0 N
15 1 0 2 N
7 5 1 0 N
7 10 2 2 N
7 25 0 1 N
5 19 2 2 N
5 11 1 1 N
5 21 0 0 N
19 13 0 2 N
19 7 2 0 N
19 2 1 1 N
13 21 1 2 N
13 5 2 0 N
13 29 0 1 N
21 33 0 1 N
21 8 1 0 N
21 2 2 2 N
33 6 0 2 N
33 28 2 1 N
33 0 1 0 N
6 1 2 2 N
6 22 0 0 N
6 19 1 1 N
1 23 0 1 N
1 19 2 0 N
1 10 1 2 N
23 16 0 1 N
23 15 1 0 N
23 33 2 2 N
16 31 0 1 N
16 22 2 0 N
16 23 1 2 N
31 25 1 2 N
31 29 0 1 N
31 1 2 0 N
25 24 1 1 N
25 2 0 2 N
25 33 2 0 N
24 18 0 2 N
24 32 2 1 N
24 28 1 0 N
18 27 0 1 N
18 14 2 2 N
18 9 1 0 N
27 28 0 0 N
27 10 1 1 N
27 23 2 2 N
28 9 1 0 N
28 26 0 2 N
28 17 2 1 N
9 8 2 2 N
9 34 0 1 N
9 3 1 0 N
8 2 0 2 N
8 17 2 0 N
8 2 1 1 N
2 32 1 1 N
2 2 2 2 N
2 2 0 0 N
32 22 0 1 N
32 22 2 2 N
32 1 1 0 N
22 20 0 1 N
22 10 1 2 N
22 13 2 0 N
20 3 1 1 N
20 33 2 2 N
20 12 0 0 N
3 30 2 0 N
3 9 1 2 N
3 12 0 1 N
30 0 2 0 N
30 9 1 2 N
30 15 0 1 N
0 29 1 0 N
0 12 0 2 N
0 1 2 1 N
29 25 2 2 N
29 10 0 1 N
29 2 1 0 N
