25 32 1 0 S
25 9 2 2 S
25 21 0 1 S
32 18 0 0 N
32 29 2 2 N
32 10 1 1 N
18 11 1 1 N
18 10 2 0 N
18 7 0 2 N
11 1 2 1 N
11 5 1 2 N
11 10 0 0 N
1 15 2 2 N
1 24 1 0 N
1 21 0 1 N
15 34 2 2 N
15 27 0 1 N
15 22 1 0 N
34 24 2 1 N
34 30 1 2 N
34 10 0 0 N
24 6 2 2 N
24 27 1 1 N
24 10 0 0 N
6 22 2 1 N
6 11 1 0 N
6 11 0 2 N
22 14 2 2 N
22 32 1 0 N
22 12 0 1 N
14 21 2 2 N
14 18 1 0 N
14 5 0 1 N
21 5 2 2 N
21 22 1 1 N
21 2 0 0 N
5 17 0 2 N
5 20 1 0 N
5 34 2 1 N
17 30 1 2 N
17 15 2 0 N
17 11 0 1 N
30 23 1 0 N
30 34 0 1 N
30 6 2 2 N
23 20 0 1 N
23 32 2 0 N
23 24 1 2 N
20 13 2 1 N
20 19 0 0 N
20 29 1 2 N
13 4 2 1 N
13 10 1 2 N
13 10 0 0 N
4 26 1 2 N
4 7 0 1 N
4 2 2 0 N
26 29 1 1 N
26 8 2 2 N
26 24 0 0 N
29 0 1 0 N
29 19 0 2 N
29 2 2 1 N
0 28 1 0 N
0 18 0 2 N
0 13 2 1 N
28 33 1 0 N
28 13 2 1 N
28 31 0 2 N
33 10 1 2 N
33 12 2 1 N
33 5 0 0 N
10 16 1 0 N
10 13 0 2 N
10 10 2 1 N
16 9 1 2 N
16 34 0 1 N
16 2 2 0 N
9 8 2 2 N
9 20 1 1 N
9 18 0 0 N
8 3 0 2 N
8 16 2 0 N
8 16 1 1 N
3 12 1 1 N
3 14 0 2 N
3 12 2 0 N
12 2 1 2 N
12 5 2 0 N
12 13 0 1 N
2 31 2 0 N
2 34 1 2 N
2 13 0 1 N
31 19 2 1 N
31 0 0 0 N
31 22 1 2 N
19 7 1 0 N
19 16 0 1 N
19 32 2 2 N
7 27 1 2 N
7 33 0 0 N
7 10 2 1 N
27 28 2 0 N
27 29 0 2 N
27 11 1 1 N
