26 23 2 0 S
26 19 1 1 S
26 33 0 2 S
23 16 1 1 N
23 31 0 0 N
23 20 2 2 N
16 33 1 2 N
16 34 2 1 N
16 9 0 0 N
33 11 2 1 N
33 19 0 2 N
33 11 1 0 N
11 28 1 1 N
11 11 2 0 N
11 11 0 2 N
28 18 1 2 N
28 9 0 1 N
28 1 2 0 N
18 0 0 2 N
18 4 1 1 N
18 15 2 0 N
0 19 1 0 N
0 33 2 1 N
0 11 0 2 N
19 15 1 1 N
19 4 0 2 N
19 24 2 0 N
15 29 0 0 N
15 4 2 1 N
15 24 1 2 N
29 13 1 2 N
29 33 2 0 N
29 8 0 1 N
13 4 2 1 N
13 33 1 2 N
13 24 0 0 N
4 27 1 2 N
4 9 2 0 N
4 33 0 1 N
27 25 1 1 N
27 33 0 2 N
27 8 2 0 N
25 7 1 1 N
25 14 0 0 N
25 16 2 2 N
7 22 2 1 N
7 19 0 2 N
7 15 1 0 N
22 21 0 0 N
22 26 1 2 N
22 26 2 1 N
21 17 1 2 N
21 7 2 1 N
21 1 0 0 N
17 2 2 1 N
17 9 0 2 N
17 3 1 0 N
2 12 0 1 N
2 14 1 2 N
2 15 2 0 N
12 32 2 0 N
12 9 1 1 N
12 11 0 2 N
32 10 2 0 N
32 23 1 2 N
32 27 0 1 N
10 6 1 1 N
10 12 2 0 N
10 12 0 2 N
6 1 1 2 N
6 16 2 0 N
6 5 0 1 N
1 31 1 2 N
1 26 2 0 N
1 29 0 1 N
31 20 0 1 N
31 11 1 0 N
31 0 2 2 N
20 9 2 2 N
20 12 1 1 N
20 7 0 0 N
9 24 1 1 N
9 0 0 2 N
9 29 2 0 N
24 30 1 2 N
24 5 2 0 N
24 0 0 1 N
30 5 0 1 N
30 16 1 2 N
30 5 2 0 N
5 8 0 1 N
5 1 2 2 N
5 15 1 0 N
8 14 2 2 N
8 33 0 0 N
8 24 1 1 N
14 34 2 0 N
14 31 1 1 N
14 24 0 2 N
34 3 0 2 N
34 16 2 0 N
34 11 1 1 N
3 7 0 0 N
3 29 2 1 N
3 5 1 2 N
