14 28 1 2 S
14 15 0 1 S
14 30 2 0 S
28 10 0 1 N
28 14 2 2 N
28 7 1 0 N
10 4 0 1 N
10 6 2 2 N
10 21 1 0 N
4 34 0 2 N
4 0 1 0 N
4 13 2 1 N
34 16 2 0 N
34 15 0 2 N
34 28 1 1 N
16 2 0 2 N
16 5 2 0 N
16 8 1 1 N
2 12 2 2 N
2 22 1 1 N
2 29 0 0 N
12 29 2 1 N
12 16 1 0 N
12 24 0 2 N
29 1 1 0 N
29 17 2 2 N
29 25 0 1 N
1 17 0 2 N
1 27 2 0 N
1 29 1 1 N
17 22 1 2 N
17 1 0 1 N
17 25 2 0 N
22 8 2 1 N
22 11 0 2 N
22 15 1 0 N
8 3 2 1 N
8 28 1 2 N
8 5 0 0 N
3 20 1 1 N
3 1 2 2 N
3 6 0 0 N
20 27 1 1 N
20 34 0 2 N
20 8 2 0 N
27 13 1 0 N
27 13 2 1 N
27 7 0 2 N
13 0 2 1 N
13 27 1 2 N
13 23 0 0 N
0 15 0 2 N
0 28 1 0 N
0 29 2 1 N
15 23 0 0 N
15 20 1 1 N
15 8 2 2 N
23 5 1 1 N
23 25 0 0 N
23 30 2 2 N
5 7 1 0 N
5 27 0 1 N
5 10 2 2 N
7 6 1 0 N
7 1 2 1 N
7 8 0 2 N
6 24 0 0 N
6 28 1 1 N
6 10 2 2 N
24 9 0 0 N
24 12 2 1 N
24 33 1 2 N
9 19 2 0 N
9 13 1 2 N
9 11 0 1 N
19 18 0 0 N
19 14 1 2 N
19 14 2 1 N
18 32 2 0 N
18 7 0 2 N
18 14 1 1 N
32 31 1 1 N
32 27 2 0 N
32 29 0 2 N
31 21 2 2 N
31 4 0 0 N
31 7 1 1 N
21 26 2 0 N
21 10 0 1 N
21 21 1 2 N
26 11 0 0 N
26 9 1 1 N
26 34 2 2 N
11 30 2 2 N
11 27 1 1 N
11 25 0 0 N
30 33 2 1 N
30 8 1 0 N
30 21 0 2 N
33 25 1 0 N
33 26 0 1 N
33 5 2 2 N
25 8 2 0 N
25 29 1 2 N
25 21 0 1 N
