32 16 0 0 S
32 17 2 1 S
32 2 1 2 S
16 0 1 0 N
16 3 0 1 N
16 17 2 2 N
0 17 2 2 N
0 16 1 0 N
0 4 0 1 N
17 6 2 0 N
17 2 1 2 N
17 10 0 1 N
6 25 1 1 N
6 15 2 2 N
6 24 0 0 N
25 12 2 2 N
25 17 1 1 N
25 30 0 0 N
12 11 0 0 N
12 11 2 2 N
12 27 1 1 N
11 1 2 0 N
11 15 0 2 N
11 22 1 1 N
1 15 1 0 N
1 0 2 1 N
1 26 0 2 N
15 23 1 2 N
15 16 0 0 N
15 25 2 1 N
23 26 2 2 N
23 30 1 1 N
23 3 0 0 N
26 9 0 1 N
26 10 2 0 N
26 10 1 2 N
9 8 2 2 N
9 1 1 0 N
9 30 0 1 N
8 13 0 0 N
8 17 1 2 N
8 17 2 1 N
13 2 0 1 N
13 27 2 2 N
13 4 1 0 N
2 10 0 1 N
2 15 2 2 N
2 17 1 0 N
10 14 2 0 N
10 34 0 2 N
10 30 1 1 N
14 7 2 2 N
14 24 1 1 N
14 24 0 0 N
7 27 1 0 N
7 27 2 2 N
7 34 0 1 N
27 21 0 0 N
27 3 1 2 N
27 4 2 1 N
21 24 1 1 N
21 0 0 2 N
21 0 2 0 N
24 3 2 2 N
24 30 1 0 N
24 30 0 1 N
3 31 1 0 N
3 7 2 1 N
3 7 0 2 N
31 34 2 1 N
31 1 0 0 N
31 7 1 2 N
34 30 2 1 N
34 27 0 0 N
34 24 1 2 N
30 5 2 2 N
30 10 1 0 N
30 30 0 1 N
5 28 1 2 N
5 11 2 1 N
5 4 0 0 N
28 4 2 0 N
28 24 0 1 N
28 30 1 2 N
4 33 2 2 N
4 7 0 1 N
4 30 1 0 N
33 20 1 1 N
33 3 0 0 N
33 2 2 2 N
20 18 0 2 N
20 31 2 0 N
20 25 1 1 N
18 19 1 2 N
18 11 0 1 N
18 25 2 0 N
19 29 0 1 N
19 8 1 2 N
19 34 2 0 N
29 22 0 0 N
29 4 1 2 N
29 18 2 1 N
22 14 0 1 N
22 26 1 0 N
22 10 2 2 N
