13 34 0 1 S
13 14 1 0 S
13 28 2 2 S
34 0 1 0 N
34 21 0 2 N
34 6 2 1 N
0 7 0 1 N
0 34 1 0 N
0 29 2 2 N
7 4 1 1 N
7 4 2 0 N
7 1 0 2 N
4 30 2 2 N
4 15 1 0 N
4 1 0 1 N
30 24 1 1 N
30 8 0 0 N
30 8 2 2 N
24 18 0 0 N
24 14 1 2 N
24 14 2 1 N
18 2 0 2 N
18 26 2 1 N
18 21 1 0 N
2 28 1 1 N
2 28 0 0 N
2 10 2 2 N
28 12 2 1 N
28 14 0 0 N
28 6 1 2 N
12 8 2 1 N
12 22 1 0 N
12 14 0 2 N
8 20 0 0 N
8 8 1 1 N
8 8 2 2 N
20 11 0 1 N
20 9 2 0 N
20 1 1 2 N
11 19 2 1 N
11 30 0 0 N
11 1 1 2 N
19 25 1 0 N
19 20 0 2 N
19 10 2 1 N
25 10 2 0 N
25 1 0 2 N
25 33 1 1 N
10 16 0 1 N
10 6 2 2 N
10 8 1 0 N
16 32 0 2 N
16 8 1 0 N
16 1 2 1 N
32 27 1 2 N
32 8 0 0 N
32 30 2 1 N
27 5 2 1 N
27 18 0 0 N
27 34 1 2 N
5 15 1 2 N
5 12 2 1 N
5 10 0 0 N
15 33 1 2 N
15 7 0 1 N
15 17 2 0 N
33 14 0 0 N
33 5 2 2 N
33 6 1 1 N
14 22 1 2 N
14 28 2 0 N
14 10 0 1 N
22 9 2 1 N
22 27 0 2 N
22 34 1 0 N
9 17 1 1 N
9 6 2 0 N
9 3 0 2 N
17 21 0 0 N
17 24 1 2 N
17 28 2 1 N
21 26 2 1 N
21 30 1 2 N
21 10 0 0 N
26 31 1 1 N
26 34 2 2 N
26 30 0 0 N
31 23 0 1 N
31 3 1 2 N
31 10 2 0 N
23 3 1 0 N
23 0 2 2 N
23 21 0 1 N
3 29 0 0 N
3 30 1 2 N
3 26 2 1 N
29 1 2 2 N
29 8 0 0 N
29 3 1 1 N
1 6 2 2 N
1 2 1 0 N
1 3 0 1 N
6 2 1 2 N
6 1 2 1 N
6 10 0 0 N
