13 9 1 2 S
13 2 2 0 S
13 28 0 1 S
9 14 1 2 N
9 14 2 0 N
9 0 0 1 N
14 32 2 1 N
14 30 0 2 N
14 24 1 0 N
32 17 0 2 N
32 25 1 1 N
32 24 2 0 N
17 7 0 0 N
17 12 2 1 N
17 0 1 2 N
7 22 1 0 N
7 25 0 2 N
7 18 2 1 N
22 15 0 1 N
22 2 1 0 N
22 25 2 2 N
15 30 2 0 N
15 19 1 2 N
15 29 0 1 N
30 10 1 0 N
30 22 2 2 N
30 4 0 1 N
10 19 2 0 N
10 12 0 2 N
10 25 1 1 N
19 20 2 2 N
19 9 0 0 N
19 0 1 1 N
20 24 2 1 N
20 22 0 0 N
20 1 1 2 N
24 18 0 0 N
24 10 1 1 N
24 0 2 2 N
18 29 1 2 N
18 11 2 0 N
18 0 0 1 N
29 12 0 1 N
29 1 1 2 N
29 33 2 0 N
12 11 0 0 N
12 5 2 2 N
12 32 1 1 N
11 23 0 1 N
11 8 1 2 N
11 27 2 0 N
23 33 0 1 N
23 17 2 2 N
23 25 1 0 N
33 1 2 1 N
33 10 0 0 N
33 28 1 2 N
1 25 2 1 N
1 28 1 0 N
1 28 0 2 N
25 8 1 2 N
25 28 2 0 N
25 9 0 1 N
8 3 1 0 N
8 28 0 1 N
8 17 2 2 N
3 4 2 0 N
3 32 1 1 N
3 0 0 2 N
4 2 1 0 N
4 14 0 1 N
4 11 2 2 N
2 21 1 2 N
2 3 2 1 N
2 25 0 0 N
21 5 1 0 N
21 27 0 2 N
21 32 2 1 N
5 6 2 2 N
5 17 0 1 N
5 11 1 0 N
6 28 0 2 N
6 33 1 1 N
6 22 2 0 N
28 16 0 2 N
28 19 2 1 N
28 0 1 0 N
16 26 0 1 N
16 2 2 0 N
16 33 1 2 N
26 31 1 2 N
26 7 2 1 N
26 13 0 0 N
31 34 0 2 N
31 14 1 0 N
31 0 2 1 N
34 0 0 0 N
34 26 2 1 N
34 29 1 2 N
0 27 1 2 N
0 9 0 1 N
0 0 2 0 N
27 29 1 0 N
27 24 2 1 N
27 9 0 2 N
