28 4 0 2 S
28 26 1 0 S
28 15 2 1 S
4 32 1 1 N
4 13 0 0 N
4 26 2 2 N
32 9 2 1 N
32 8 1 2 N
32 31 0 0 N
9 26 2 0 N
9 15 0 2 N
9 12 1 1 N
26 15 1 2 N
26 3 2 0 N
26 30 0 1 N
15 16 2 1 N
15 21 1 2 N
15 8 0 0 N
16 18 0 0 N
16 30 2 2 N
16 18 1 1 N
18 8 0 2 N
18 4 1 1 N
18 14 2 0 N
8 31 2 1 N
8 29 0 2 N
8 29 1 0 N
31 30 0 1 N
31 17 1 2 N
31 31 2 0 N
30 13 2 1 N
30 22 1 2 N
30 13 0 0 N
13 27 0 2 N
13 23 1 0 N
13 23 2 1 N
27 5 1 1 N
27 33 2 0 N
27 19 0 2 N
5 1 0 2 N
5 19 1 0 N
5 17 2 1 N
1 20 0 2 N
1 3 1 0 N
1 17 2 1 N
20 7 0 2 N
20 6 1 1 N
20 5 2 0 N
7 34 0 0 N
7 17 1 2 N
7 3 2 1 N
34 6 1 1 N
34 22 2 2 N
34 29 0 0 N
6 10 2 1 N
6 22 0 0 N
6 25 1 2 N
10 0 1 1 N
10 12 2 0 N
10 5 0 2 N
0 23 0 0 N
0 33 1 1 N
0 32 2 2 N
23 3 0 2 N
23 32 2 1 N
23 21 1 0 N
3 24 0 1 N
3 4 1 2 N
3 8 2 0 N
24 14 2 1 N
24 31 0 0 N
24 14 1 2 N
14 21 0 1 N
14 30 1 2 N
14 31 2 0 N
21 12 0 0 N
21 31 2 1 N
21 31 1 2 N
12 22 2 2 N
12 29 1 1 N
12 13 0 0 N
22 2 0 0 N
22 2 2 2 N
22 21 1 1 N
2 11 1 1 N
2 33 2 0 N
2 23 0 2 N
11 33 0 1 N
11 30 1 2 N
11 17 2 0 N
33 19 0 0 N
33 34 2 1 N
33 31 1 2 N
19 17 2 1 N
19 9 1 0 N
19 23 0 2 N
17 25 0 2 N
17 13 2 0 N
17 31 1 1 N
25 29 2 1 N
25 12 0 0 N
25 5 1 2 N
29 27 2 2 N
29 17 0 0 N
29 21 1 1 N
