5 3 2 0 S
5 30 0 2 S
5 4 1 1 S
3 0 1 1 N
3 6 0 2 N
3 5 2 0 N
0 27 1 1 N
0 25 2 0 N
0 23 0 2 N
27 1 1 2 N
27 14 0 0 N
27 9 2 1 N
1 25 0 1 N
1 3 2 2 N
1 32 1 0 N
25 28 2 0 N
25 8 0 1 N
25 34 1 2 N
28 24 0 2 N
28 20 1 1 N
28 21 2 0 N
24 20 1 1 N
24 3 0 0 N
24 26 2 2 N
20 17 2 2 N
20 12 1 0 N
20 14 0 1 N
17 22 1 0 N
17 18 2 1 N
17 26 0 2 N
22 26 1 0 N
22 34 2 2 N
22 24 0 1 N
26 11 0 2 N
26 24 1 0 N
26 5 2 1 N
11 18 0 0 N
11 25 1 2 N
11 31 2 1 N
18 30 2 0 N
18 34 1 1 N
18 29 0 2 N
30 13 2 1 N
30 4 1 0 N
30 4 0 2 N
13 9 0 0 N
13 24 1 1 N
13 30 2 2 N
9 7 1 0 N
9 13 0 2 N
9 26 2 1 N
7 15 1 1 N
7 33 2 2 N
7 15 0 0 N
15 33 1 1 N
15 14 2 2 N
15 14 0 0 N
33 29 2 0 N
33 19 0 1 N
33 8 1 2 N
29 23 0 2 N
29 7 1 1 N
29 4 2 0 N
23 34 0 2 N
23 17 1 1 N
23 6 2 0 N
34 2 1 2 N
34 13 2 0 N
34 33 0 1 N
2 19 2 0 N
2 7 1 2 N
2 5 0 1 N
19 32 0 1 N
19 16 2 2 N
19 4 1 0 N
32 8 0 2 N
32 27 2 0 N
32 30 1 1 N
8 21 2 2 N
8 7 0 1 N
8 26 1 0 N
21 12 1 0 N
21 25 0 1 N
21 33 2 2 N
12 14 1 2 N
12 10 0 1 N
12 9 2 0 N
14 31 2 1 N
14 7 1 0 N
14 8 0 2 N
31 16 1 2 N
31 23 2 0 N
31 30 0 1 N
16 6 0 0 N
16 12 2 1 N
16 13 1 2 N
6 10 1 1 N
6 20 2 2 N
6 3 0 0 N
10 4 0 1 N
10 29 1 2 N
10 16 2 0 N
4 30 1 2 N
4 30 2 1 N
4 4 0 0 N
