6 21 0 0 S
6 28 1 2 S
6 16 2 1 S
21 0 2 1 N
21 27 0 2 N
21 26 1 0 N
0 7 2 2 N
0 19 1 1 N
0 12 0 0 N
7 5 0 2 N
7 29 2 0 N
7 1 1 1 N
5 14 1 1 N
5 0 2 2 N
5 25 0 0 N
14 23 0 2 N
14 32 2 1 N
14 1 1 0 N
23 31 2 1 N
23 24 0 0 N
23 31 1 2 N
31 30 0 1 N
31 5 1 2 N
31 25 2 0 N
30 28 1 1 N
30 15 0 0 N
30 28 2 2 N
28 11 0 2 N
28 21 2 1 N
28 21 1 0 N
11 19 0 1 N
11 30 1 2 N
11 10 2 0 N
19 18 0 0 N
19 0 1 2 N
19 23 2 1 N
18 27 0 0 N
18 28 1 1 N
18 16 2 2 N
27 24 2 1 N
27 25 0 2 N
27 25 1 0 N
24 32 0 1 N
24 16 1 2 N
24 29 2 0 N
32 22 2 0 N
32 10 1 1 N
32 2 0 2 N
22 4 1 0 N
22 29 2 2 N
22 31 0 1 N
4 10 0 1 N
4 29 1 2 N
4 26 2 0 N
10 3 2 1 N
10 15 1 2 N
10 27 0 0 N
3 33 1 2 N
3 1 2 0 N
3 14 0 1 N
33 2 2 1 N
33 6 1 2 N
33 25 0 0 N
2 16 2 1 N
2 31 0 0 N
2 3 1 2 N
16 25 0 0 N
16 21 2 2 N
16 5 1 1 N
25 17 0 2 N
25 27 1 0 N
25 25 2 1 N
17 15 0 2 N
17 22 2 0 N
17 21 1 1 N
15 9 1 1 N
15 1 0 0 N
15 31 2 2 N
9 29 0 0 N
9 25 2 2 N
9 14 1 1 N
29 8 2 0 N
29 18 0 2 N
29 26 1 1 N
8 13 0 0 N
8 4 1 1 N
8 6 2 2 N
13 26 0 0 N
13 2 2 2 N
13 14 1 1 N
26 12 2 0 N
26 17 0 2 N
26 25 1 1 N
12 1 1 1 N
12 24 2 2 N
12 5 0 0 N
1 34 2 1 N
1 31 0 2 N
1 20 1 0 N
34 20 1 0 N
34 5 0 2 N
34 20 2 1 N
20 14 2 0 N
20 29 1 1 N
20 26 0 2 N
