25 19 0 2 S
25 6 1 0 S
25 26 2 1 S
19 17 2 0 N
19 11 0 1 N
19 22 1 2 N
17 0 2 0 N
17 1 0 1 N
17 22 1 2 N
0 2 0 0 N
0 26 2 1 N
0 4 1 2 N
2 30 0 1 N
2 32 2 2 N
2 27 1 0 N
30 9 2 0 N
30 19 0 1 N
30 1 1 2 N
9 21 2 1 N
9 12 1 2 N
9 10 0 0 N
21 33 2 1 N
21 2 0 2 N
21 17 1 0 N
33 26 0 2 N
33 11 1 1 N
33 1 2 0 N
26 12 1 1 N
26 2 2 0 N
26 16 0 2 N
12 31 0 2 N
12 17 1 0 N
12 16 2 1 N
31 23 0 0 N
31 3 1 1 N
31 4 2 2 N
23 22 1 1 N
23 11 0 2 N
23 19 2 0 N
22 5 0 2 N
22 19 2 0 N
22 22 1 1 N
5 15 1 0 N
5 24 2 1 N
5 15 0 2 N
15 28 1 0 N
15 11 0 1 N
15 34 2 2 N
28 7 1 0 N
28 16 2 1 N
28 34 0 2 N
7 18 2 2 N
7 32 1 0 N
7 3 0 1 N
18 6 2 2 N
18 24 1 1 N
18 15 0 0 N
6 27 0 1 N
6 25 1 2 N
6 4 2 0 N
27 11 2 0 N
27 23 0 1 N
27 1 1 2 N
11 3 1 2 N
11 0 0 1 N
11 19 2 0 N
3 34 2 0 N
3 34 1 2 N
3 22 0 1 N
34 20 2 0 N
34 4 0 1 N
34 1 1 2 N
20 29 0 0 N
20 16 1 1 N
20 10 2 2 N
29 14 1 0 N
29 30 2 2 N
29 3 0 1 N
14 8 0 0 N
14 32 1 2 N
14 32 2 1 N
8 16 1 0 N
8 25 0 1 N
8 3 2 2 N
16 32 0 2 N
16 24 2 0 N
16 32 1 1 N
32 10 1 2 N
32 28 2 0 N
32 22 0 1 N
10 1 2 0 N
10 9 0 2 N
10 4 1 1 N
1 13 1 0 N
1 28 2 1 N
1 32 0 2 N
13 24 1 0 N
13 22 2 1 N
13 22 0 2 N
24 4 2 1 N
24 33 0 0 N
24 16 1 2 N
4 27 0 1 N
4 14 1 2 N
4 19 2 0 N
