5 4 2 0 S
5 24 0 2 S
5 1 1 1 S
4 11 0 2 N
4 30 1 1 N
4 9 2 0 N
11 6 1 1 N
11 3 2 0 N
11 9 0 2 N
6 18 0 2 N
6 0 2 0 N
6 11 1 1 N
18 31 1 0 N
18 14 0 2 N
18 1 2 1 N
31 15 1 0 N
31 32 0 2 N
31 1 2 1 N
15 14 1 0 N
15 26 2 2 N
15 1 0 1 N
14 30 0 1 N
14 6 2 2 N
14 3 1 0 N
30 8 2 1 N
30 27 0 2 N
30 11 1 0 N
8 34 1 2 N
8 12 2 1 N
8 11 0 0 N
34 13 1 2 N
34 17 2 1 N
34 9 0 0 N
13 26 2 1 N
13 11 0 0 N
13 21 1 2 N
26 25 0 0 N
26 9 2 2 N
26 8 1 1 N
25 29 1 0 N
25 33 0 1 N
25 4 2 2 N
29 28 0 2 N
29 21 2 1 N
29 3 1 0 N
28 23 2 0 N
28 25 1 1 N
28 9 0 2 N
23 12 2 0 N
23 4 1 1 N
23 32 0 2 N
12 3 1 1 N
12 8 2 2 N
12 27 0 0 N
3 32 1 2 N
3 8 0 0 N
3 9 2 1 N
32 24 0 1 N
32 3 2 2 N
32 29 1 0 N
24 33 2 0 N
24 3 0 1 N
24 26 1 2 N
33 16 1 2 N
33 11 2 1 N
33 17 0 0 N
16 9 0 2 N
16 7 1 0 N
16 30 2 1 N
9 21 0 2 N
9 18 2 1 N
9 9 1 0 N
21 0 1 0 N
21 4 2 2 N
21 29 0 1 N
0 7 0 2 N
0 5 2 0 N
0 3 1 1 N
7 22 2 2 N
7 0 1 1 N
7 3 0 0 N
22 27 1 0 N
22 0 2 2 N
22 9 0 1 N
27 10 2 2 N
27 24 1 1 N
27 19 0 0 N
10 20 1 1 N
10 5 0 2 N
10 21 2 0 N
20 17 2 1 N
20 9 1 2 N
20 30 0 0 N
17 2 2 1 N
17 7 0 2 N
17 27 1 0 N
2 19 0 2 N
2 27 2 1 N
2 26 1 0 N
19 1 0 1 N
19 3 2 0 N
19 3 1 2 N
1 31 0 1 N
1 9 2 2 N
1 17 1 0 N
