31 11 2 1 S
31 22 1 2 S
31 18 0 0 S
11 0 2 2 N
11 12 0 1 N
11 30 1 0 N
0 7 0 1 N
0 30 2 0 N
0 27 1 2 N
7 5 1 1 N
7 11 2 2 N
7 11 0 0 N
5 25 1 1 N
5 19 2 2 N
5 2 0 0 N
25 34 0 0 N
25 0 2 1 N
25 14 1 2 N
34 18 1 1 N
34 15 2 0 N
34 10 0 2 N
18 6 2 0 N
18 19 0 1 N
18 11 1 2 N
6 8 0 2 N
6 5 2 1 N
6 10 1 0 N
8 3 1 0 N
8 30 2 2 N
8 14 0 1 N
3 15 1 2 N
3 33 0 1 N
3 18 2 0 N
15 21 1 2 N
15 9 0 0 N
15 2 2 1 N
21 19 0 0 N
21 34 2 1 N
21 27 1 2 N
19 28 1 0 N
19 0 2 2 N
19 14 0 1 N
28 24 2 0 N
28 19 0 1 N
28 26 1 2 N
24 27 0 2 N
24 26 2 0 N
24 19 1 1 N
27 2 2 0 N
27 11 0 2 N
27 19 1 1 N
2 12 1 0 N
2 12 2 2 N
2 32 0 1 N
12 32 2 1 N
12 27 0 0 N
12 29 1 2 N
32 1 1 1 N
32 17 0 0 N
32 14 2 2 N
1 33 0 0 N
1 14 1 1 N
1 15 2 2 N
33 23 1 2 N
33 3 0 1 N
33 12 2 0 N
23 30 0 0 N
23 28 2 2 N
23 9 1 1 N
30 10 2 0 N
30 2 1 2 N
30 22 0 1 N
10 14 1 0 N
10 30 0 1 N
10 22 2 2 N
14 4 2 1 N
14 22 0 0 N
14 14 1 2 N
4 16 0 1 N
4 10 1 0 N
4 0 2 2 N
16 9 0 0 N
16 11 1 1 N
16 5 2 2 N
9 17 1 2 N
9 23 2 0 N
9 8 0 1 N
17 20 2 2 N
17 32 0 0 N
17 8 1 1 N
20 22 2 1 N
20 15 1 0 N
20 18 0 2 N
22 29 0 1 N
22 33 2 0 N
22 14 1 2 N
29 26 1 2 N
29 6 0 0 N
29 14 2 1 N
26 13 1 0 N
26 14 0 1 N
26 14 2 2 N
13 20 0 2 N
13 30 2 0 N
13 14 1 1 N
