9 33 1 0 S
9 27 0 1 S
9 17 2 2 S
33 21 0 1 N
33 14 2 2 N
33 2 1 0 N
21 24 1 2 N
21 7 0 0 N
21 31 2 1 N
24 12 2 0 N
24 21 0 2 N
24 10 1 1 N
12 1 0 0 N
12 3 1 1 N
12 21 2 2 N
1 25 1 2 N
1 12 2 0 N
1 9 0 1 N
25 8 1 1 N
25 32 0 0 N
25 29 2 2 N
8 4 0 2 N
8 29 2 0 N
8 13 1 1 N
4 7 2 0 N
4 28 0 1 N
4 30 1 2 N
7 16 2 1 N
7 20 0 2 N
7 17 1 0 N
16 2 2 2 N
16 11 0 1 N
16 13 1 0 N
2 15 1 2 N
2 26 2 1 N
2 17 0 0 N
15 18 2 1 N
15 2 0 0 N
15 14 1 2 N
18 27 2 0 N
18 30 1 1 N
18 32 0 2 N
27 5 0 0 N
27 26 2 2 N
27 28 1 1 N
5 22 2 1 N
5 9 1 0 N
5 13 0 2 N
22 28 2 0 N
22 20 0 1 N
22 3 1 2 N
28 20 1 1 N
28 10 0 0 N
28 30 2 2 N
20 13 2 1 N
20 17 1 0 N
20 13 0 2 N
13 11 0 0 N
13 20 2 1 N
13 17 1 2 N
11 32 2 2 N
11 25 1 0 N
11 1 0 1 N
32 17 2 1 N
32 21 1 2 N
32 10 0 0 N
17 31 2 1 N
17 33 0 0 N
17 4 1 2 N
31 29 1 2 N
31 4 0 0 N
31 10 2 1 N
29 3 0 0 N
29 22 1 2 N
29 3 2 1 N
3 23 1 2 N
3 5 2 0 N
3 10 0 1 N
23 30 1 0 N
23 22 2 1 N
23 30 0 2 N
30 26 1 0 N
30 29 2 1 N
30 10 0 2 N
26 0 1 2 N
26 0 0 0 N
26 21 2 1 N
0 14 2 2 N
0 9 0 1 N
0 21 1 0 N
14 19 1 2 N
14 7 0 1 N
14 30 2 0 N
19 34 0 1 N
19 30 2 0 N
19 17 1 2 N
34 6 0 2 N
34 2 1 0 N
34 1 2 1 N
6 10 1 1 N
6 2 0 0 N
6 17 2 2 N
10 32 2 0 N
10 10 1 2 N
10 10 0 1 N
