33 13 0 0 S
33 27 2 1 S
33 31 1 2 S
13 16 0 2 N
13 3 2 1 N
13 9 1 0 N
16 9 2 0 N
16 29 0 2 N
16 5 1 1 N
9 24 1 2 N
9 14 0 1 N
9 33 2 0 N
24 22 2 1 N
24 8 0 2 N
24 0 1 0 N
22 17 2 2 N
22 16 0 1 N
22 5 1 0 N
17 25 0 2 N
17 18 2 0 N
17 9 1 1 N
25 21 0 2 N
25 22 2 1 N
25 6 1 0 N
21 11 0 2 N
21 8 1 0 N
21 18 2 1 N
11 15 0 1 N
11 33 1 0 N
11 14 2 2 N
15 1 0 1 N
15 6 1 0 N
15 11 2 2 N
1 5 0 0 N
1 14 1 1 N
1 9 2 2 N
5 26 2 2 N
5 14 1 0 N
5 14 0 1 N
26 34 0 1 N
26 0 1 0 N
26 11 2 2 N
34 28 2 1 N
34 27 0 2 N
34 9 1 0 N
28 4 1 0 N
28 18 2 2 N
28 31 0 1 N
4 23 1 0 N
4 12 0 2 N
4 14 2 1 N
23 6 0 1 N
23 32 2 0 N
23 15 1 2 N
6 18 1 2 N
6 9 2 0 N
6 21 0 1 N
18 30 2 2 N
18 21 0 0 N
18 14 1 1 N
30 32 2 2 N
30 29 1 1 N
30 22 0 0 N
32 19 1 2 N
32 15 2 1 N
32 9 0 0 N
19 29 0 0 N
19 10 2 2 N
19 7 1 1 N
29 2 0 0 N
29 31 2 2 N
29 12 1 1 N
2 27 0 0 N
2 34 1 1 N
2 31 2 2 N
27 7 2 2 N
27 13 1 1 N
27 14 0 0 N
7 14 2 0 N
7 9 0 2 N
7 0 1 1 N
14 20 2 1 N
14 3 1 2 N
14 14 0 0 N
20 8 2 2 N
20 13 0 1 N
20 26 1 0 N
8 0 1 1 N
8 15 0 2 N
8 10 2 0 N
0 10 1 1 N
0 5 0 0 N
0 21 2 2 N
10 3 0 2 N
10 26 1 0 N
10 18 2 1 N
3 12 0 1 N
3 16 2 2 N
3 13 1 0 N
12 31 0 0 N
12 26 1 1 N
12 23 2 2 N
31 11 2 1 N
31 14 0 2 N
31 18 1 0 N
