34 26 2 2 S
34 10 1 0 S
34 5 0 1 S
26 30 2 1 N
26 14 0 2 N
26 19 1 0 N
30 1 2 0 N
30 16 1 1 N
30 13 0 2 N
1 11 2 2 N
1 28 1 0 N
1 10 0 1 N
11 14 0 1 N
11 1 1 0 N
11 7 2 2 N
14 29 2 1 N
14 16 1 0 N
14 16 0 2 N
29 9 1 0 N
29 30 2 2 N
29 16 0 1 N
9 6 1 2 N
9 20 2 0 N
9 14 0 1 N
6 27 2 0 N
6 11 0 1 N
6 16 1 2 N
27 20 0 0 N
27 22 1 1 N
27 10 2 2 N
20 0 0 2 N
20 14 2 0 N
20 10 1 1 N
0 33 2 2 N
0 5 1 0 N
0 19 0 1 N
33 2 2 2 N
33 25 1 1 N
33 16 0 0 N
2 12 0 2 N
2 7 1 1 N
2 17 2 0 N
12 24 1 1 N
12 6 2 2 N
12 31 0 0 N
24 13 0 0 N
24 1 1 2 N
24 19 2 1 N
13 32 2 1 N
13 22 1 0 N
13 1 0 2 N
32 21 1 0 N
32 31 2 2 N
32 33 0 1 N
21 17 1 0 N
21 10 0 1 N
21 27 2 2 N
17 16 1 0 N
17 13 0 1 N
17 1 2 2 N
16 19 0 1 N
16 22 2 0 N
16 25 1 2 N
19 18 0 2 N
19 28 1 0 N
19 28 2 1 N
18 8 1 1 N
18 5 0 2 N
18 28 2 0 N
8 22 2 2 N
8 20 0 0 N
8 13 1 1 N
22 23 2 0 N
22 27 0 2 N
22 28 1 1 N
23 7 0 0 N
23 31 2 1 N
23 17 1 2 N
7 25 2 0 N
7 4 0 1 N
7 28 1 2 N
25 10 2 2 N
25 24 1 1 N
25 10 0 0 N
10 31 2 2 N
10 13 1 1 N
10 10 0 0 N
31 3 2 2 N
31 14 1 1 N
31 33 0 0 N
3 4 2 1 N
3 13 0 0 N
3 31 1 2 N
4 5 0 1 N
4 15 2 2 N
4 10 1 0 N
5 28 1 1 N
5 14 2 0 N
5 4 0 2 N
28 15 0 1 N
28 13 2 2 N
28 1 1 0 N
15 5 0 1 N
15 9 1 0 N
15 28 2 2 N
