9 22 1 1 S
9 2 2 2 S
9 1 0 0 S
22 18 2 0 N
22 6 0 2 N
22 29 1 1 N
18 0 2 1 N
18 21 0 0 N
18 28 1 2 N
0 13 1 1 N
0 28 2 2 N
0 33 0 0 N
13 27 2 1 N
13 5 0 2 N
13 28 1 0 N
27 1 2 0 N
27 2 1 1 N
27 0 0 2 N
1 6 1 0 N
1 8 2 2 N
1 3 0 1 N
6 19 2 1 N
6 8 1 2 N
6 8 0 0 N
19 25 2 0 N
19 3 0 1 N
19 19 1 2 N
25 16 1 2 N
25 32 2 1 N
25 12 0 0 N
16 3 1 0 N
16 20 0 2 N
16 0 2 1 N
3 33 2 2 N
3 28 0 0 N
3 12 1 1 N
33 20 1 1 N
33 28 2 0 N
33 19 0 2 N
20 5 1 2 N
20 8 2 0 N
20 19 0 1 N
5 31 1 0 N
5 8 0 2 N
5 4 2 1 N
31 30 1 1 N
31 33 0 2 N
31 12 2 0 N
30 10 2 2 N
30 12 0 1 N
30 16 1 0 N
10 21 0 2 N
10 4 2 1 N
10 20 1 0 N
21 11 1 1 N
21 34 0 2 N
21 31 2 0 N
11 7 1 1 N
11 18 2 2 N
11 18 0 0 N
7 15 0 2 N
7 28 1 1 N
7 32 2 0 N
15 4 2 1 N
15 30 1 2 N
15 28 0 0 N
4 32 0 1 N
4 27 2 2 N
4 31 1 0 N
32 24 0 1 N
32 19 1 2 N
32 25 2 0 N
24 8 2 2 N
24 27 0 1 N
24 26 1 0 N
8 26 2 1 N
8 24 0 2 N
8 19 1 0 N
26 34 1 1 N
26 3 2 2 N
26 28 0 0 N
34 23 1 1 N
34 11 0 2 N
34 27 2 0 N
23 2 1 0 N
23 0 2 2 N
23 1 0 1 N
2 28 2 2 N
2 5 0 0 N
2 0 1 1 N
28 12 0 1 N
28 33 2 2 N
28 12 1 0 N
12 29 1 0 N
12 15 0 1 N
12 19 2 2 N
29 14 0 0 N
29 19 2 1 N
29 28 1 2 N
14 17 1 2 N
14 12 2 0 N
14 6 0 1 N
17 3 1 1 N
17 34 0 2 N
17 7 2 0 N
