10 25 1 1 S
10 9 0 0 S
10 27 2 2 S
25 16 1 2 N
25 29 2 0 N
25 9 0 1 N
16 31 1 0 N
16 14 0 1 N
16 13 2 2 N
31 1 2 1 N
31 13 1 0 N
31 28 0 2 N
1 30 1 1 N
1 2 0 2 N
1 13 2 0 N
30 17 2 2 N
30 1 1 0 N
30 26 0 1 N
17 19 0 2 N
17 20 2 1 N
17 9 1 0 N
19 32 2 1 N
19 27 1 2 N
19 9 0 0 N
32 20 2 2 N
32 21 0 1 N
32 34 1 0 N
20 14 1 1 N
20 27 2 0 N
20 9 0 2 N
14 6 2 0 N
14 9 1 1 N
14 13 0 2 N
6 18 0 1 N
6 14 2 0 N
6 29 1 2 N
18 5 2 2 N
18 16 1 0 N
18 13 0 1 N
5 29 1 1 N
5 30 2 2 N
5 7 0 0 N
29 22 1 2 N
29 12 2 0 N
29 13 0 1 N
22 4 2 2 N
22 7 0 0 N
22 1 1 1 N
4 3 1 2 N
4 24 0 1 N
4 23 2 0 N
3 8 2 2 N
3 18 1 1 N
3 20 0 0 N
8 33 1 0 N
8 23 2 1 N
8 19 0 2 N
33 24 2 1 N
33 21 1 0 N
33 29 0 2 N
24 21 0 0 N
24 21 2 2 N
24 29 1 1 N
21 28 2 1 N
21 19 1 0 N
21 22 0 2 N
28 15 0 0 N
28 0 1 1 N
28 12 2 2 N
15 23 2 0 N
15 22 1 2 N
15 11 0 1 N
23 12 1 2 N
23 3 0 1 N
23 23 2 0 N
12 7 0 2 N
12 16 1 1 N
12 13 2 0 N
7 9 2 0 N
7 34 0 2 N
7 15 1 1 N
9 13 0 0 N
9 6 2 1 N
9 26 1 2 N
13 2 1 2 N
13 23 2 1 N
13 23 0 0 N
2 0 0 2 N
2 0 2 0 N
2 29 1 1 N
0 11 0 2 N
0 26 2 0 N
0 3 1 1 N
11 34 2 2 N
11 19 0 1 N
11 12 1 0 N
34 27 1 0 N
34 16 2 2 N
34 4 0 1 N
27 26 1 1 N
27 29 0 2 N
27 26 2 0 N
26 27 2 0 N
26 18 1 1 N
26 29 0 2 N
