21 14 1 0 S
21 17 2 1 S
21 7 0 2 S
14 9 1 1 N
14 29 2 2 N
14 5 0 0 N
9 13 1 0 N
9 1 0 1 N
9 29 2 2 N
13 26 1 1 N
13 8 2 2 N
13 31 0 0 N
26 20 1 1 N
26 11 0 2 N
26 11 2 0 N
20 8 1 1 N
20 32 0 0 N
20 11 2 2 N
8 23 0 0 N
8 10 1 1 N
8 33 2 2 N
23 22 1 2 N
23 8 2 1 N
23 0 0 0 N
22 25 2 2 N
22 14 1 0 N
22 31 0 1 N
25 10 1 2 N
25 3 0 0 N
25 20 2 1 N
10 7 1 0 N
10 27 2 2 N
10 6 0 1 N
7 33 0 1 N
7 11 1 0 N
7 1 2 2 N
33 28 0 0 N
33 12 1 2 N
33 12 2 1 N
28 18 1 2 N
28 7 2 0 N
28 11 0 1 N
18 19 0 0 N
18 6 1 1 N
18 1 2 2 N
19 30 2 1 N
19 12 0 0 N
19 0 1 2 N
30 5 2 0 N
30 34 1 1 N
30 5 0 2 N
5 15 2 0 N
5 8 0 2 N
5 9 1 1 N
15 4 0 1 N
15 2 2 0 N
15 11 1 2 N
4 29 1 0 N
4 11 2 2 N
4 29 0 1 N
29 0 1 2 N
29 16 2 0 N
29 13 0 1 N
0 11 1 0 N
0 12 0 1 N
0 31 2 2 N
11 17 2 2 N
11 12 0 0 N
11 11 1 1 N
17 12 2 1 N
17 14 0 0 N
17 21 1 2 N
12 31 2 2 N
12 0 0 1 N
12 11 1 0 N
31 1 2 2 N
31 1 0 0 N
31 11 1 1 N
1 6 1 1 N
1 31 2 2 N
1 33 0 0 N
6 3 1 0 N
6 13 0 2 N
6 9 2 1 N
3 32 1 2 N
3 14 2 0 N
3 13 0 1 N
32 16 1 2 N
32 1 0 1 N
32 4 2 0 N
16 34 0 1 N
16 10 2 0 N
16 11 1 2 N
34 27 1 1 N
34 24 0 2 N
34 19 2 0 N
27 2 2 0 N
27 29 0 1 N
27 2 1 2 N
2 24 1 1 N
2 3 2 2 N
2 26 0 0 N
24 31 1 1 N
24 4 0 0 N
24 4 2 2 N
