31 11 0 2 S
31 30 2 0 S
31 12 1 1 S
11 7 1 2 N
11 9 0 0 N
11 25 2 1 N
7 34 0 2 N
7 4 1 1 N
7 31 2 0 N
34 33 1 0 N
34 15 2 1 N
34 26 0 2 N
33 17 2 0 N
33 6 1 2 N
33 12 0 1 N
17 26 0 1 N
17 15 1 0 N
17 30 2 2 N
26 21 0 1 N
26 21 1 2 N
26 13 2 0 N
21 8 2 0 N
21 2 0 1 N
21 12 1 2 N
8 4 1 0 N
8 30 2 2 N
8 8 0 1 N
4 5 1 1 N
4 33 2 0 N
4 2 0 2 N
5 30 2 0 N
5 11 0 2 N
5 21 1 1 N
30 9 1 1 N
30 31 2 0 N
30 8 0 2 N
9 23 2 2 N
9 17 0 0 N
9 32 1 1 N
23 10 1 1 N
23 10 0 2 N
23 31 2 0 N
10 22 0 2 N
10 8 2 0 N
10 8 1 1 N
22 27 2 0 N
22 15 1 2 N
22 15 0 1 N
27 1 2 0 N
27 18 0 2 N
27 8 1 1 N
1 18 0 0 N
1 29 1 2 N
1 13 2 1 N
18 2 1 2 N
18 31 2 1 N
18 15 0 0 N
2 28 0 2 N
2 13 1 1 N
2 8 2 0 N
28 32 1 0 N
28 19 2 2 N
28 6 0 1 N
32 19 1 2 N
32 18 2 1 N
32 2 0 0 N
19 20 1 0 N
19 24 0 1 N
19 23 2 2 N
20 24 1 1 N
20 0 2 2 N
20 28 0 0 N
24 25 2 0 N
24 8 0 2 N
24 17 1 1 N
25 15 0 0 N
25 8 2 1 N
25 30 1 2 N
15 12 2 1 N
15 22 1 2 N
15 12 0 0 N
12 13 2 1 N
12 24 1 2 N
12 2 0 0 N
13 14 0 2 N
13 32 1 0 N
13 21 2 1 N
14 0 2 1 N
14 0 1 0 N
14 30 0 2 N
0 3 1 1 N
0 4 0 2 N
0 12 2 0 N
3 6 0 0 N
3 28 2 2 N
3 12 1 1 N
6 29 2 0 N
6 32 0 2 N
6 4 1 1 N
29 16 2 0 N
29 31 0 2 N
29 31 1 1 N
16 9 1 1 N
16 0 2 2 N
16 33 0 0 N
