27 29 0 2 S
27 25 1 0 S
27 6 2 1 S
29 12 0 0 N
29 11 2 2 N
29 1 1 1 N
12 32 1 2 N
12 1 0 0 N
12 4 2 1 N
32 24 0 0 N
32 33 1 1 N
32 12 2 2 N
24 7 0 2 N
24 12 2 1 N
24 18 1 0 N
7 26 0 0 N
7 12 2 2 N
7 31 1 1 N
26 30 0 2 N
26 31 1 1 N
26 22 2 0 N
30 18 2 2 N
30 25 0 0 N
30 29 1 1 N
18 25 1 1 N
18 21 2 0 N
18 21 0 2 N
25 3 1 1 N
25 8 2 0 N
25 34 0 2 N
3 16 1 1 N
3 23 0 2 N
3 4 2 0 N
16 23 1 1 N
16 11 2 0 N
16 21 0 2 N
23 22 0 1 N
23 5 2 0 N
23 21 1 2 N
22 1 1 1 N
22 10 0 0 N
22 28 2 2 N
1 9 0 1 N
1 4 1 0 N
1 21 2 2 N
9 14 0 1 N
9 6 1 0 N
9 18 2 2 N
14 31 0 0 N
14 12 1 1 N
14 23 2 2 N
31 34 1 0 N
31 24 2 2 N
31 0 0 1 N
34 11 2 1 N
34 19 0 0 N
34 14 1 2 N
11 5 1 2 N
11 34 2 0 N
11 29 0 1 N
5 0 2 2 N
5 14 0 1 N
5 14 1 0 N
0 28 2 1 N
0 8 0 2 N
0 15 1 0 N
28 20 2 1 N
28 13 1 2 N
28 4 0 0 N
20 21 1 2 N
20 24 0 0 N
20 8 2 1 N
21 33 1 2 N
21 4 0 1 N
21 21 2 0 N
33 13 0 2 N
33 23 2 0 N
33 21 1 1 N
13 19 0 0 N
13 3 1 1 N
13 21 2 2 N
19 4 1 0 N
19 2 0 2 N
19 23 2 1 N
4 10 2 0 N
4 22 0 2 N
4 21 1 1 N
10 2 0 2 N
10 28 1 0 N
10 13 2 1 N
2 17 0 0 N
2 14 2 1 N
2 18 1 2 N
17 15 2 2 N
17 2 1 0 N
17 28 0 1 N
15 8 1 2 N
15 4 2 1 N
15 27 0 0 N
8 6 0 2 N
8 29 2 1 N
8 3 1 0 N
6 29 0 1 N
6 27 2 2 N
6 1 1 0 N
