21 5 0 0 S
21 20 2 2 S
21 25 1 1 S
5 0 2 0 N
5 2 0 1 N
5 17 1 2 N
0 14 1 2 N
0 4 2 0 N
0 12 0 1 N
14 1 2 1 N
14 12 1 2 N
14 0 0 0 N
1 25 1 0 N
1 3 2 1 N
1 28 0 2 N
25 10 2 2 N
25 1 1 0 N
25 4 0 1 N
10 19 2 2 N
10 19 0 0 N
10 28 1 1 N
19 11 2 0 N
19 18 0 2 N
19 12 1 1 N
11 16 2 1 N
11 16 0 0 N
11 4 1 2 N
16 15 1 1 N
16 4 2 2 N
16 16 0 0 N
15 20 2 1 N
15 23 1 0 N
15 18 0 2 N
20 33 2 2 N
20 16 1 1 N
20 19 0 0 N
33 18 1 1 N
33 27 2 2 N
33 25 0 0 N
18 22 2 0 N
18 11 0 1 N
18 24 1 2 N
22 32 1 0 N
22 10 0 1 N
22 24 2 2 N
32 9 2 2 N
32 23 1 1 N
32 9 0 0 N
9 3 1 1 N
9 2 2 2 N
9 4 0 0 N
3 28 2 2 N
3 25 0 0 N
3 28 1 1 N
28 13 0 1 N
28 24 2 2 N
28 16 1 0 N
13 24 2 1 N
13 11 1 0 N
13 1 0 2 N
24 17 0 1 N
24 19 2 2 N
24 28 1 0 N
17 6 0 2 N
17 26 1 1 N
17 24 2 0 N
6 27 0 0 N
6 2 2 2 N
6 32 1 1 N
27 26 1 1 N
27 3 0 2 N
27 6 2 0 N
26 31 1 0 N
26 24 0 1 N
26 25 2 2 N
31 30 0 0 N
31 22 2 2 N
31 32 1 1 N
30 7 2 2 N
30 22 1 1 N
30 29 0 0 N
7 8 2 2 N
7 27 1 0 N
7 11 0 1 N
8 23 1 2 N
8 1 2 1 N
8 20 0 0 N
23 34 0 2 N
23 26 2 0 N
23 10 1 1 N
34 2 0 2 N
34 19 1 1 N
34 25 2 0 N
2 4 1 1 N
2 29 0 2 N
2 32 2 0 N
4 12 0 1 N
4 26 2 2 N
4 16 1 0 N
12 29 0 1 N
12 26 1 0 N
12 24 2 2 N
29 24 1 1 N
29 9 0 0 N
29 11 2 2 N
