0 11 0 1 S
0 5 1 0 S
0 24 2 2 S
11 26 1 1 N
11 14 2 0 N
11 20 0 2 N
26 18 2 2 N
26 20 1 0 N
26 21 0 1 N
18 28 1 1 N
18 21 2 2 N
18 24 0 0 N
28 12 0 0 N
28 20 2 1 N
28 16 1 2 N
12 1 1 1 N
12 18 0 2 N
12 21 2 0 N
1 25 1 2 N
1 5 0 0 N
1 17 2 1 N
25 4 2 1 N
25 30 0 0 N
25 23 1 2 N
4 2 2 1 N
4 1 1 2 N
4 17 0 0 N
2 7 1 1 N
2 4 0 0 N
2 18 2 2 N
7 33 0 2 N
7 16 2 1 N
7 28 1 0 N
33 8 2 1 N
33 18 1 2 N
33 12 0 0 N
8 3 0 1 N
8 23 2 2 N
8 10 1 0 N
3 13 0 0 N
3 4 1 2 N
3 17 2 1 N
13 21 2 1 N
13 23 0 0 N
13 2 1 2 N
21 29 2 1 N
21 17 0 0 N
21 16 1 2 N
29 14 2 0 N
29 23 0 1 N
29 3 1 2 N
14 20 2 1 N
14 28 0 0 N
14 4 1 2 N
20 24 2 2 N
20 0 0 1 N
20 21 1 0 N
24 17 0 2 N
24 17 1 1 N
24 21 2 0 N
17 6 0 0 N
17 16 2 1 N
17 16 1 2 N
6 22 1 1 N
6 28 0 0 N
6 26 2 2 N
22 19 1 0 N
22 28 2 2 N
22 15 0 1 N
19 32 0 0 N
19 5 1 1 N
19 26 2 2 N
32 23 0 0 N
32 27 1 2 N
32 4 2 1 N
23 27 1 0 N
23 24 2 2 N
23 16 0 1 N
27 30 1 2 N
27 29 0 0 N
27 17 2 1 N
30 16 2 2 N
30 16 0 1 N
30 16 1 0 N
16 34 1 0 N
16 26 2 2 N
16 16 0 1 N
34 9 1 2 N
34 23 0 0 N
34 20 2 1 N
9 15 1 1 N
9 15 0 2 N
9 22 2 0 N
15 31 0 2 N
15 21 2 1 N
15 24 1 0 N
31 5 1 0 N
31 29 0 2 N
31 7 2 1 N
5 10 0 1 N
5 23 2 2 N
5 1 1 0 N
10 24 2 0 N
10 29 1 2 N
10 17 0 1 N
