25 30 0 0 S
25 14 2 2 S
25 30 1 1 S
30 14 2 0 N
30 6 1 1 N
30 31 0 2 N
14 18 0 2 N
14 31 2 0 N
14 7 1 1 N
18 17 2 1 N
18 31 0 2 N
18 18 1 0 N
17 27 1 1 N
17 14 2 0 N
17 31 0 2 N
27 12 0 2 N
27 9 1 1 N
27 30 2 0 N
12 8 0 2 N
12 31 2 1 N
12 10 1 0 N
8 5 0 2 N
8 25 2 1 N
8 27 1 0 N
5 34 2 2 N
5 19 0 0 N
5 14 1 1 N
34 32 1 2 N
34 30 0 0 N
34 14 2 1 N
32 21 1 0 N
32 31 0 1 N
32 35 2 2 N
21 16 2 0 N
21 34 1 1 N
21 9 0 2 N
16 24 2 2 N
16 21 0 1 N
16 31 1 0 N
24 28 2 0 N
24 9 0 1 N
24 18 1 2 N
28 13 1 1 N
28 35 2 2 N
28 26 0 0 N
13 2 0 1 N
13 28 1 2 N
13 25 2 0 N
2 11 0 2 N
2 31 2 1 N
2 18 1 0 N
11 35 0 2 N
11 30 2 0 N
11 30 1 1 N
35 6 2 1 N
35 18 1 2 N
35 34 0 0 N
6 9 1 2 N
6 13 2 0 N
6 31 0 1 N
9 15 1 1 N
9 21 0 0 N
9 19 2 2 N
15 33 1 0 N
15 2 0 2 N
15 34 2 1 N
33 4 0 1 N
33 7 2 0 N
33 3 1 2 N
4 26 1 0 N
4 7 0 1 N
4 31 2 2 N
26 10 1 0 N
26 11 2 2 N
26 1 0 1 N
10 3 2 0 N
10 18 1 2 N
10 31 0 1 N
3 20 1 0 N
3 29 2 2 N
3 2 0 1 N
20 22 2 1 N
20 7 0 0 N
20 1 1 2 N
22 23 0 1 N
22 26 2 0 N
22 24 1 2 N
23 0 1 2 N
23 5 0 1 N
23 19 2 0 N
0 31 1 0 N
0 1 0 2 N
0 23 2 1 N
31 29 1 2 N
31 18 0 1 N
31 18 2 0 N
29 1 0 1 N
29 6 1 0 N
29 2 2 2 N
1 19 0 1 N
1 17 1 2 N
1 31 2 0 N
19 7 2 2 N
19 17 0 1 N
19 6 1 0 N
7 26 1 1 N
7 17 2 0 N
7 31 0 2 N
