31 27 1 1 S
31 26 2 2 S
31 25 0 0 S
27 14 0 1 N
27 9 2 2 N
27 15 1 0 N
14 16 2 1 N
14 17 0 0 N
14 5 1 2 N
16 6 1 0 N
16 7 0 1 N
16 2 2 2 N
6 28 2 1 N
6 9 0 0 N
6 5 1 2 N
28 8 1 1 N
28 33 2 2 N
28 3 0 0 N
8 25 1 2 N
8 2 2 0 N
8 31 0 1 N
25 34 0 2 N
25 8 1 1 N
25 3 2 0 N
34 7 0 0 N
34 12 2 2 N
34 33 1 1 N
7 22 0 0 N
7 29 2 1 N
7 9 1 2 N
22 4 2 2 N
22 25 0 0 N
22 15 1 1 N
4 9 1 1 N
4 30 0 0 N
4 28 2 2 N
9 30 2 0 N
9 27 0 1 N
9 15 1 2 N
30 12 2 0 N
30 35 1 1 N
30 33 0 2 N
12 3 1 2 N
12 30 0 0 N
12 33 2 1 N
3 21 2 1 N
3 15 1 2 N
3 27 0 0 N
21 19 2 2 N
21 33 1 0 N
21 7 0 1 N
19 24 1 1 N
19 31 0 0 N
19 7 2 2 N
24 0 1 2 N
24 20 2 0 N
24 33 0 1 N
0 11 1 1 N
0 19 0 0 N
0 25 2 2 N
11 1 1 1 N
11 35 2 0 N
11 27 0 2 N
1 35 2 1 N
1 3 1 0 N
1 28 0 2 N
35 2 0 0 N
35 11 1 1 N
35 35 2 2 N
2 26 1 0 N
2 24 0 1 N
2 27 2 2 N
26 17 1 0 N
26 3 0 2 N
26 13 2 1 N
17 29 1 1 N
17 28 2 2 N
17 0 0 0 N
29 32 0 0 N
29 11 1 2 N
29 3 2 1 N
32 20 0 2 N
32 26 2 1 N
32 31 1 0 N
20 10 2 0 N
20 22 1 2 N
20 29 0 1 N
10 13 0 2 N
10 20 1 0 N
10 31 2 1 N
13 33 0 2 N
13 11 1 0 N
13 7 2 1 N
33 15 1 2 N
33 7 0 0 N
33 27 2 1 N
15 5 0 0 N
15 35 1 1 N
15 35 2 2 N
5 23 2 0 N
5 2 1 2 N
5 35 0 1 N
23 18 2 2 N
23 35 1 1 N
23 28 0 0 N
18 33 0 1 N
18 14 2 0 N
18 35 1 2 N
