7 26 1 2 S
7 25 0 1 S
7 7 2 0 S
26 0 0 0 N
26 20 2 2 N
26 1 1 1 N
0 33 1 0 N
0 29 0 2 N
0 28 2 1 N
33 3 2 2 N
33 0 0 1 N
33 20 1 0 N
3 22 2 0 N
3 28 0 2 N
3 14 1 1 N
22 34 2 1 N
22 27 0 0 N
22 24 1 2 N
34 25 1 2 N
34 20 2 1 N
34 30 0 0 N
25 13 1 1 N
25 19 0 2 N
25 7 2 0 N
13 2 1 2 N
13 21 2 1 N
13 29 0 0 N
2 29 1 2 N
2 15 2 1 N
2 3 0 0 N
29 12 0 2 N
29 34 2 1 N
29 27 1 0 N
12 18 1 1 N
12 25 2 2 N
12 16 0 0 N
18 14 1 0 N
18 25 2 1 N
18 25 0 2 N
14 20 1 0 N
14 35 2 1 N
14 30 0 2 N
20 24 1 1 N
20 19 0 0 N
20 25 2 2 N
24 19 0 1 N
24 20 2 0 N
24 7 1 2 N
19 17 1 0 N
19 7 2 2 N
19 15 0 1 N
17 30 1 0 N
17 14 2 1 N
17 11 0 2 N
30 4 1 1 N
30 7 2 2 N
30 25 0 0 N
4 23 0 1 N
4 28 1 2 N
4 20 2 0 N
23 8 0 0 N
23 30 2 2 N
23 14 1 1 N
8 15 2 0 N
8 1 0 1 N
8 2 1 2 N
15 31 0 2 N
15 17 1 0 N
15 7 2 1 N
31 11 2 1 N
31 7 1 0 N
31 19 0 2 N
11 28 1 0 N
11 6 0 1 N
11 1 2 2 N
28 27 0 2 N
28 22 2 1 N
28 7 1 0 N
27 35 1 0 N
27 7 2 1 N
27 31 0 2 N
35 6 0 1 N
35 34 1 2 N
35 11 2 0 N
6 32 2 1 N
6 14 0 0 N
6 1 1 2 N
32 16 0 0 N
32 34 1 1 N
32 1 2 2 N
16 10 2 2 N
16 10 0 1 N
16 23 1 0 N
10 1 1 0 N
10 30 2 1 N
10 30 0 2 N
1 21 1 1 N
1 14 2 0 N
1 15 0 2 N
21 5 1 1 N
21 31 2 0 N
21 1 0 2 N
5 9 0 0 N
5 7 1 1 N
5 23 2 2 N
9 1 2 0 N
9 1 1 1 N
9 25 0 2 N
