3 29 2 0 S
3 1 1 1 S
3 19 0 2 S
29 31 1 0 N
29 23 0 1 N
29 26 2 2 N
31 35 1 2 N
31 10 2 1 N
31 35 0 0 N
35 26 1 1 N
35 20 2 0 N
35 28 0 2 N
26 33 1 0 N
26 31 0 2 N
26 20 2 1 N
33 22 1 1 N
33 31 0 0 N
33 11 2 2 N
22 4 1 1 N
22 6 2 2 N
22 28 0 0 N
4 10 0 2 N
4 26 2 1 N
4 2 1 0 N
10 21 1 1 N
10 1 0 0 N
10 32 2 2 N
21 18 0 0 N
21 34 2 1 N
21 25 1 2 N
18 30 0 1 N
18 32 2 2 N
18 30 1 0 N
30 0 2 2 N
30 18 1 1 N
30 35 0 0 N
0 8 1 2 N
0 32 2 1 N
0 15 0 0 N
8 9 2 1 N
8 3 1 0 N
8 31 0 2 N
9 25 0 1 N
9 12 2 0 N
9 23 1 2 N
25 5 1 2 N
25 1 0 0 N
25 11 2 1 N
5 14 2 2 N
5 1 0 1 N
5 34 1 0 N
14 19 0 1 N
14 28 2 0 N
14 34 1 2 N
19 2 0 2 N
19 6 2 0 N
19 30 1 1 N
2 23 1 2 N
2 17 0 0 N
2 7 2 1 N
23 15 2 2 N
23 15 1 1 N
23 11 0 0 N
15 11 2 1 N
15 14 1 0 N
15 10 0 2 N
11 6 1 2 N
11 9 0 0 N
11 16 2 1 N
6 27 1 1 N
6 1 2 0 N
6 28 0 2 N
27 13 1 0 N
27 10 2 2 N
27 18 0 1 N
13 17 1 2 N
13 25 2 0 N
13 32 0 1 N
17 7 2 0 N
17 12 0 1 N
17 7 1 2 N
7 12 2 2 N
7 12 1 1 N
7 26 0 0 N
12 34 2 1 N
12 20 1 0 N
12 14 0 2 N
34 16 0 1 N
34 25 2 0 N
34 32 1 2 N
16 1 0 2 N
16 35 1 0 N
16 31 2 1 N
1 28 1 2 N
1 6 0 0 N
1 6 2 1 N
28 20 0 1 N
28 31 1 2 N
28 28 2 0 N
20 24 1 0 N
20 6 2 2 N
20 28 0 1 N
24 32 2 1 N
24 11 1 0 N
24 10 0 2 N
32 28 1 0 N
32 28 2 2 N
32 20 0 1 N
