6 4 2 1 S
6 16 0 2 S
6 4 1 0 S
4 25 0 1 N
4 19 1 0 N
4 4 2 2 N
25 15 1 0 N
25 7 2 2 N
25 24 0 1 N
15 3 0 2 N
15 18 1 0 N
15 7 2 1 N
3 24 2 2 N
3 2 1 0 N
3 32 0 1 N
24 9 1 2 N
24 12 2 1 N
24 1 0 0 N
9 2 1 1 N
9 31 2 2 N
9 7 0 0 N
2 30 2 0 N
2 14 1 1 N
2 24 0 2 N
30 5 2 1 N
30 7 1 2 N
30 4 0 0 N
5 19 2 0 N
5 32 0 2 N
5 28 1 1 N
19 26 0 1 N
19 8 2 0 N
19 12 1 2 N
26 16 0 0 N
26 31 2 2 N
26 1 1 1 N
16 10 0 1 N
16 1 1 2 N
16 8 2 0 N
10 21 0 0 N
10 33 2 1 N
10 14 1 2 N
21 31 2 1 N
21 13 0 0 N
21 10 1 2 N
31 20 2 2 N
31 20 1 0 N
31 8 0 1 N
20 34 2 1 N
20 17 0 0 N
20 9 1 2 N
34 12 0 0 N
34 24 1 1 N
34 1 2 2 N
12 35 1 1 N
12 30 2 0 N
12 11 0 2 N
35 0 2 1 N
35 11 1 2 N
35 14 0 0 N
0 13 1 2 N
0 15 2 0 N
0 22 0 1 N
13 32 2 0 N
13 20 0 2 N
13 10 1 1 N
32 14 1 1 N
32 16 0 0 N
32 12 2 2 N
14 29 1 2 N
14 34 0 0 N
14 8 2 1 N
29 28 2 1 N
29 31 0 2 N
29 16 1 0 N
28 7 0 2 N
28 11 1 0 N
28 4 2 1 N
7 27 1 1 N
7 32 2 0 N
7 4 0 2 N
27 33 0 0 N
27 18 2 2 N
27 20 1 1 N
33 11 0 2 N
33 18 1 0 N
33 14 2 1 N
11 22 1 0 N
11 4 2 2 N
11 4 0 1 N
22 18 2 0 N
22 2 0 1 N
22 16 1 2 N
18 1 2 2 N
18 31 1 0 N
18 5 0 1 N
1 17 2 2 N
1 11 1 1 N
1 32 0 0 N
17 23 1 1 N
17 11 2 2 N
17 16 0 0 N
23 8 1 1 N
23 1 0 2 N
23 4 2 0 N
8 19 2 1 N
8 11 1 2 N
8 11 0 0 N
