11 24 1 0 S
11 13 2 1 S
11 4 0 2 S
24 26 2 2 N
24 17 0 1 N
24 33 1 0 N
26 7 0 2 N
26 7 2 0 N
26 31 1 1 N
7 19 0 0 N
7 17 2 1 N
7 25 1 2 N
19 29 0 0 N
19 13 2 2 N
19 33 1 1 N
29 33 2 0 N
29 18 0 1 N
29 0 1 2 N
33 34 0 2 N
33 22 2 1 N
33 8 1 0 N
34 13 2 1 N
34 30 0 2 N
34 23 1 0 N
13 20 0 1 N
13 19 2 2 N
13 23 1 0 N
20 28 1 2 N
20 0 2 1 N
20 6 0 0 N
28 0 0 2 N
28 13 1 0 N
28 17 2 1 N
0 4 2 1 N
0 6 1 0 N
0 23 0 2 N
4 22 2 1 N
4 15 1 0 N
4 17 0 2 N
22 25 1 1 N
22 32 0 0 N
22 15 2 2 N
25 9 2 0 N
25 3 0 2 N
25 17 1 1 N
9 23 2 2 N
9 22 1 0 N
9 8 0 1 N
23 12 1 0 N
23 23 2 2 N
23 23 0 1 N
12 31 2 1 N
12 4 1 2 N
12 28 0 0 N
31 1 0 0 N
31 23 2 2 N
31 0 1 1 N
1 15 1 0 N
1 20 2 1 N
1 6 0 2 N
15 2 0 2 N
15 25 1 0 N
15 4 2 1 N
2 6 1 1 N
2 24 0 2 N
2 22 2 0 N
6 27 2 1 N
6 35 1 2 N
6 0 0 0 N
27 5 2 2 N
27 15 0 0 N
27 17 1 1 N
5 3 2 2 N
5 19 0 0 N
5 28 1 1 N
3 18 1 0 N
3 22 0 2 N
3 15 2 1 N
18 10 0 1 N
18 16 2 2 N
18 35 1 0 N
10 35 1 1 N
10 2 2 0 N
10 8 0 2 N
35 21 2 0 N
35 15 1 1 N
35 6 0 2 N
21 8 1 2 N
21 27 2 0 N
21 29 0 1 N
8 14 1 1 N
8 4 2 0 N
8 28 0 2 N
14 30 2 2 N
14 26 0 1 N
14 23 1 0 N
30 32 2 1 N
30 25 0 0 N
30 17 1 2 N
32 17 2 2 N
32 18 1 0 N
32 6 0 1 N
17 16 1 2 N
17 28 2 1 N
17 23 0 0 N
16 33 2 2 N
16 28 1 1 N
16 13 0 0 N
