1 24 0 2 S
1 7 1 0 S
1 34 2 1 S
24 35 1 1 N
24 18 0 2 N
24 18 2 0 N
35 16 1 0 N
35 20 2 1 N
35 28 0 2 N
16 3 2 1 N
16 11 1 0 N
16 25 0 2 N
3 5 2 1 N
3 28 0 0 N
3 11 1 2 N
5 15 0 0 N
5 29 2 2 N
5 31 1 1 N
15 32 2 2 N
15 27 1 1 N
15 11 0 0 N
32 31 2 0 N
32 5 0 1 N
32 23 1 2 N
31 22 2 1 N
31 24 0 2 N
31 16 1 0 N
22 26 2 0 N
22 31 0 1 N
22 2 1 2 N
26 7 2 1 N
26 25 0 2 N
26 12 1 0 N
7 9 1 0 N
7 22 2 1 N
7 23 0 2 N
9 13 1 2 N
9 5 0 1 N
9 34 2 0 N
13 25 1 2 N
13 22 2 1 N
13 34 0 0 N
25 2 2 0 N
25 31 0 2 N
25 2 1 1 N
2 27 0 0 N
2 25 2 1 N
2 2 1 2 N
27 23 2 0 N
27 25 0 1 N
27 11 1 2 N
23 33 0 2 N
23 15 1 0 N
23 20 2 1 N
33 17 0 1 N
33 10 2 2 N
33 27 1 0 N
17 20 2 2 N
17 21 0 1 N
17 23 1 0 N
20 8 0 1 N
20 18 2 0 N
20 10 1 2 N
8 12 2 1 N
8 26 1 0 N
8 25 0 2 N
12 14 1 1 N
12 0 0 0 N
12 35 2 2 N
14 21 2 2 N
14 20 0 1 N
14 20 1 0 N
21 10 2 0 N
21 29 0 2 N
21 0 1 1 N
10 28 0 0 N
10 3 2 1 N
10 25 1 2 N
28 6 1 2 N
28 11 0 0 N
28 10 2 1 N
6 11 1 1 N
6 18 2 0 N
6 30 0 2 N
11 0 1 2 N
11 25 2 1 N
11 25 0 0 N
0 19 0 0 N
0 35 2 1 N
0 10 1 2 N
19 4 0 0 N
19 29 2 2 N
19 7 1 1 N
4 18 1 1 N
4 34 2 2 N
4 11 0 0 N
18 30 2 0 N
18 16 1 1 N
18 25 0 2 N
30 34 0 1 N
30 23 2 0 N
30 25 1 2 N
34 29 2 0 N
34 35 1 1 N
34 10 0 2 N
29 1 0 0 N
29 9 2 2 N
29 25 1 1 N
