32 22 2 2 S
32 16 0 1 S
32 31 1 0 S
22 17 2 1 N
22 34 0 0 N
22 34 1 2 N
17 27 2 2 N
17 35 1 1 N
17 34 0 0 N
27 5 2 0 N
27 10 0 2 N
27 13 1 1 N
5 35 2 0 N
5 23 0 1 N
5 10 1 2 N
35 26 0 0 N
35 16 2 1 N
35 17 1 2 N
26 8 1 2 N
26 22 0 0 N
26 12 2 1 N
8 28 1 2 N
8 16 2 0 N
8 34 0 1 N
28 19 1 0 N
28 31 2 1 N
28 23 0 2 N
19 18 2 1 N
19 33 1 0 N
19 8 0 2 N
18 3 0 0 N
18 32 2 1 N
18 8 1 2 N
3 10 1 0 N
3 34 0 1 N
3 34 2 2 N
10 33 1 0 N
10 23 2 1 N
10 12 0 2 N
33 29 0 2 N
33 21 1 1 N
33 10 2 0 N
29 12 1 0 N
29 35 2 2 N
29 4 0 1 N
12 14 1 2 N
12 8 2 0 N
12 3 0 1 N
14 1 1 1 N
14 28 0 2 N
14 12 2 0 N
1 2 0 0 N
1 8 1 2 N
1 0 2 1 N
2 13 1 2 N
2 32 0 1 N
2 3 2 0 N
13 4 2 1 N
13 16 0 2 N
13 33 1 0 N
4 30 0 2 N
4 1 2 0 N
4 17 1 1 N
30 34 0 0 N
30 18 2 2 N
30 1 1 1 N
34 31 2 0 N
34 23 0 1 N
34 31 1 2 N
31 16 2 1 N
31 34 1 0 N
31 31 0 2 N
16 6 1 2 N
16 33 2 1 N
16 8 0 0 N
6 15 1 1 N
6 25 2 0 N
6 28 0 2 N
15 24 1 1 N
15 2 0 2 N
15 19 2 0 N
24 7 1 2 N
24 21 0 0 N
24 7 2 1 N
7 25 0 2 N
7 9 2 0 N
7 14 1 1 N
25 20 2 0 N
25 0 0 1 N
25 34 1 2 N
20 21 0 2 N
20 1 1 1 N
20 21 2 0 N
21 0 1 1 N
21 20 0 2 N
21 26 2 0 N
0 9 0 1 N
0 20 1 0 N
0 32 2 2 N
9 23 2 1 N
9 8 0 0 N
9 13 1 2 N
23 11 2 0 N
23 29 1 1 N
23 31 0 2 N
11 29 2 0 N
11 1 0 1 N
11 13 1 2 N
