27 26 2 0 S
27 5 0 1 S
27 1 1 2 S
26 18 0 0 N
26 24 1 2 N
26 2 2 1 N
18 1 2 2 N
18 19 0 0 N
18 16 1 1 N
1 32 2 0 N
1 6 1 2 N
1 6 0 1 N
32 33 0 1 N
32 14 1 0 N
32 1 2 2 N
33 14 0 2 N
33 15 1 1 N
33 2 2 0 N
14 19 0 0 N
14 3 2 2 N
14 21 1 1 N
19 31 1 0 N
19 34 2 2 N
19 16 0 1 N
31 5 0 1 N
31 23 2 0 N
31 3 1 2 N
5 23 1 1 N
5 14 2 0 N
5 27 0 2 N
23 28 2 2 N
23 19 0 0 N
23 6 1 1 N
28 6 1 1 N
28 27 2 2 N
28 22 0 0 N
6 17 2 0 N
6 1 0 1 N
6 6 1 2 N
17 4 1 2 N
17 24 2 1 N
17 14 0 0 N
4 29 2 2 N
4 19 0 0 N
4 6 1 1 N
29 15 0 2 N
29 15 2 0 N
29 14 1 1 N
15 8 1 1 N
15 30 2 2 N
15 17 0 0 N
8 7 2 1 N
8 1 0 2 N
8 1 1 0 N
7 2 2 2 N
7 14 1 1 N
7 3 0 0 N
2 3 1 2 N
2 28 0 1 N
2 30 2 0 N
3 16 0 0 N
3 6 1 2 N
3 16 2 1 N
16 34 1 0 N
16 24 0 1 N
16 32 2 2 N
34 10 1 1 N
34 1 2 2 N
34 24 0 0 N
10 13 2 1 N
10 29 0 2 N
10 32 1 0 N
13 9 2 2 N
13 16 0 1 N
13 32 1 0 N
9 24 2 1 N
9 8 0 0 N
9 33 1 2 N
24 35 1 1 N
24 30 0 2 N
24 23 2 0 N
35 20 0 0 N
35 29 2 1 N
35 13 1 2 N
20 22 0 2 N
20 12 1 0 N
20 14 2 1 N
22 25 1 1 N
22 6 0 2 N
22 1 2 0 N
25 11 1 2 N
25 21 2 0 N
25 33 0 1 N
11 30 1 2 N
11 30 0 0 N
11 22 2 1 N
30 0 0 0 N
30 27 1 2 N
30 0 2 1 N
0 12 2 0 N
0 19 1 1 N
0 16 0 2 N
12 21 2 1 N
12 16 0 2 N
12 6 1 0 N
21 0 0 2 N
21 23 2 1 N
21 30 1 0 N
