27 1 2 0 S
27 6 1 1 S
27 3 0 2 S
1 32 2 0 N
1 7 1 1 N
1 24 0 2 N
32 21 0 2 N
32 23 2 0 N
32 10 1 1 N
21 15 1 1 N
21 19 2 0 N
21 30 0 2 N
15 17 0 1 N
15 24 1 2 N
15 12 2 0 N
17 34 1 1 N
17 29 2 2 N
17 28 0 0 N
34 5 0 1 N
34 0 1 2 N
34 8 2 0 N
5 7 1 2 N
5 8 2 1 N
5 23 0 0 N
7 6 1 0 N
7 8 0 1 N
7 0 2 2 N
6 33 1 1 N
6 12 2 2 N
6 10 0 0 N
33 31 2 1 N
33 10 0 2 N
33 14 1 0 N
31 14 2 1 N
31 1 1 0 N
31 22 0 2 N
14 26 0 1 N
14 29 2 2 N
14 13 1 0 N
26 18 0 1 N
26 24 2 2 N
26 29 1 0 N
18 22 1 0 N
18 26 0 2 N
18 34 2 1 N
22 19 1 2 N
22 28 2 0 N
22 8 0 1 N
19 8 1 2 N
19 17 0 1 N
19 35 2 0 N
8 30 0 2 N
8 34 1 1 N
8 8 2 0 N
30 23 1 1 N
30 31 0 0 N
30 19 2 2 N
23 4 1 0 N
23 22 0 1 N
23 30 2 2 N
4 29 0 2 N
4 5 2 1 N
4 0 1 0 N
29 24 0 0 N
29 7 1 1 N
29 10 2 2 N
24 13 0 1 N
24 29 2 0 N
24 32 1 2 N
13 12 1 2 N
13 9 0 0 N
13 28 2 1 N
12 0 1 2 N
12 7 2 1 N
12 13 0 0 N
0 28 0 0 N
0 32 1 1 N
0 13 2 2 N
28 16 0 2 N
28 8 2 0 N
28 8 1 1 N
16 9 1 1 N
16 28 0 2 N
16 15 2 0 N
9 10 2 1 N
9 10 0 2 N
9 22 1 0 N
10 35 0 0 N
10 9 2 2 N
10 8 1 1 N
35 25 1 1 N
35 34 0 2 N
35 7 2 0 N
25 2 1 0 N
25 10 0 2 N
25 10 2 1 N
2 20 0 1 N
2 21 2 0 N
2 22 1 2 N
20 3 1 2 N
20 19 2 1 N
20 29 0 0 N
3 11 1 1 N
3 12 0 0 N
3 8 2 2 N
11 6 0 0 N
11 31 1 1 N
11 6 2 2 N
