7 21 2 1 S
7 14 1 0 S
7 6 0 2 S
21 28 0 0 N
21 33 1 2 N
21 6 2 1 N
28 8 1 2 N
28 14 2 0 N
28 6 0 1 N
8 33 0 0 N
8 6 1 2 N
8 1 2 1 N
33 2 0 1 N
33 35 2 0 N
33 6 1 2 N
2 6 1 0 N
2 33 2 1 N
2 14 0 2 N
6 13 2 1 N
6 12 0 2 N
6 35 1 0 N
13 23 1 1 N
13 26 2 0 N
13 0 0 2 N
23 16 0 1 N
23 13 2 2 N
23 24 1 0 N
16 0 0 2 N
16 2 1 1 N
16 35 2 0 N
0 32 2 2 N
0 15 0 1 N
0 24 1 0 N
32 12 2 0 N
32 22 1 2 N
32 14 0 1 N
12 11 1 0 N
12 14 0 1 N
12 35 2 2 N
11 31 2 2 N
11 12 1 1 N
11 34 0 0 N
31 5 1 1 N
31 23 2 2 N
31 27 0 0 N
5 25 2 2 N
5 2 0 0 N
5 33 1 1 N
25 17 0 1 N
25 10 1 2 N
25 19 2 0 N
17 26 2 2 N
17 2 0 0 N
17 28 1 1 N
26 22 1 0 N
26 14 2 2 N
26 33 0 1 N
22 1 2 2 N
22 30 1 1 N
22 26 0 0 N
1 18 0 1 N
1 17 1 0 N
1 15 2 2 N
18 3 2 0 N
18 10 0 1 N
18 28 1 2 N
3 14 2 0 N
3 15 0 2 N
3 6 1 1 N
14 19 1 2 N
14 24 2 1 N
14 35 0 0 N
19 15 0 1 N
19 3 1 0 N
19 0 2 2 N
15 4 1 2 N
15 14 0 1 N
15 17 2 0 N
4 35 1 0 N
4 6 2 2 N
4 3 0 1 N
35 24 2 0 N
35 16 1 2 N
35 35 0 1 N
24 29 0 2 N
24 14 1 0 N
24 27 2 1 N
29 30 0 1 N
29 16 1 2 N
29 9 2 0 N
30 9 1 2 N
30 28 2 0 N
30 14 0 1 N
9 20 2 1 N
9 1 1 2 N
9 31 0 0 N
20 34 1 0 N
20 24 2 1 N
20 6 0 2 N
34 10 0 1 N
34 4 1 2 N
34 12 2 0 N
10 27 1 2 N
10 24 2 0 N
10 22 0 1 N
27 0 0 1 N
27 10 2 2 N
27 14 1 0 N
