28 0 1 1 S
28 15 2 2 S
28 4 0 0 S
0 5 1 0 N
0 20 0 2 N
0 30 2 1 N
5 23 0 2 N
5 19 2 1 N
5 3 1 0 N
23 6 1 0 N
23 10 0 2 N
23 28 2 1 N
6 14 0 2 N
6 26 2 0 N
6 27 1 1 N
14 1 0 1 N
14 34 2 0 N
14 23 1 2 N
1 33 2 1 N
1 4 1 2 N
1 33 0 0 N
33 17 2 2 N
33 27 1 0 N
33 10 0 1 N
17 21 0 0 N
17 30 2 2 N
17 13 1 1 N
21 15 1 1 N
21 3 2 0 N
21 6 0 2 N
15 7 2 0 N
15 24 1 1 N
15 10 0 2 N
7 9 2 2 N
7 29 0 1 N
7 16 1 0 N
9 8 1 1 N
9 15 0 2 N
9 27 2 0 N
8 32 2 2 N
8 2 1 0 N
8 16 0 1 N
32 3 0 1 N
32 27 1 2 N
32 3 2 0 N
3 35 2 1 N
3 34 1 2 N
3 31 0 0 N
35 26 2 2 N
35 15 1 0 N
35 11 0 1 N
26 2 0 2 N
26 31 2 0 N
26 22 1 1 N
2 31 2 1 N
2 5 0 2 N
2 15 1 0 N
31 16 1 2 N
31 15 2 0 N
31 20 0 1 N
16 19 1 1 N
16 33 0 2 N
16 33 2 0 N
19 13 1 0 N
19 24 0 1 N
19 10 2 2 N
13 12 1 1 N
13 11 2 2 N
13 11 0 0 N
12 29 0 0 N
12 20 1 2 N
12 13 2 1 N
29 27 1 0 N
29 14 2 2 N
29 31 0 1 N
27 24 0 2 N
27 23 1 0 N
27 19 2 1 N
24 4 0 1 N
24 22 2 0 N
24 31 1 2 N
4 20 2 0 N
4 31 1 1 N
4 20 0 2 N
20 34 2 0 N
20 3 1 2 N
20 20 0 1 N
34 22 0 1 N
34 11 1 0 N
34 8 2 2 N
22 25 0 1 N
22 15 2 0 N
22 20 1 2 N
25 10 1 0 N
25 27 2 1 N
25 32 0 2 N
10 18 1 1 N
10 4 2 0 N
10 4 0 2 N
18 11 1 2 N
18 7 0 1 N
18 21 2 0 N
11 30 0 1 N
11 13 1 2 N
11 33 2 0 N
30 20 0 2 N
30 22 2 1 N
30 3 1 0 N
