2 35 1 0 S
2 27 0 2 S
2 15 2 1 S
35 12 1 0 N
35 31 0 1 N
35 15 2 2 N
12 31 0 0 N
12 27 1 1 N
12 13 2 2 N
31 6 0 1 N
31 22 2 2 N
31 14 1 0 N
6 0 2 0 N
6 31 0 1 N
6 33 1 2 N
0 20 1 0 N
0 25 2 2 N
0 29 0 1 N
20 10 1 0 N
20 35 0 2 N
20 14 2 1 N
10 25 0 1 N
10 2 2 0 N
10 15 1 2 N
25 15 0 1 N
25 21 2 2 N
25 22 1 0 N
15 28 2 0 N
15 14 1 1 N
15 13 0 2 N
28 9 1 2 N
28 20 0 1 N
28 32 2 0 N
9 5 2 2 N
9 16 0 0 N
9 24 1 1 N
5 7 0 2 N
5 17 2 1 N
5 10 1 0 N
7 22 2 0 N
7 20 0 2 N
7 22 1 1 N
22 30 0 1 N
22 30 1 0 N
22 31 2 2 N
30 23 1 0 N
30 31 2 2 N
30 19 0 1 N
23 3 1 0 N
23 25 2 2 N
23 13 0 1 N
3 18 1 1 N
3 11 0 2 N
3 31 2 0 N
18 11 2 2 N
18 30 1 1 N
18 20 0 0 N
11 4 0 2 N
11 15 1 0 N
11 14 2 1 N
4 27 2 0 N
4 30 1 1 N
4 15 0 2 N
27 29 1 2 N
27 7 2 1 N
27 14 0 0 N
29 17 2 1 N
29 12 0 0 N
29 14 1 2 N
17 19 2 1 N
17 20 1 2 N
17 22 0 0 N
19 14 1 0 N
19 4 2 2 N
19 20 0 1 N
14 24 0 0 N
14 3 1 2 N
14 14 2 1 N
24 21 0 0 N
24 19 2 1 N
24 16 1 2 N
21 32 0 2 N
21 33 1 0 N
21 22 2 1 N
32 13 2 1 N
32 4 1 2 N
32 21 0 0 N
13 33 1 2 N
13 29 0 0 N
13 20 2 1 N
33 16 0 0 N
33 3 1 2 N
33 31 2 1 N
16 34 1 2 N
16 2 2 0 N
16 22 0 1 N
34 26 1 2 N
34 31 0 0 N
34 0 2 1 N
26 1 0 2 N
26 0 2 1 N
26 13 1 0 N
1 8 1 1 N
1 0 0 0 N
1 7 2 2 N
8 23 2 1 N
8 14 0 2 N
8 19 1 0 N
