11 1 0 1 S
11 9 1 2 S
11 6 2 0 S
1 13 0 2 N
1 29 2 0 N
1 0 1 1 N
13 20 0 2 N
13 8 1 0 N
13 29 2 1 N
20 28 1 0 N
20 5 0 2 N
20 10 2 1 N
28 31 1 0 N
28 12 0 1 N
28 22 2 2 N
31 27 1 1 N
31 23 0 0 N
31 22 2 2 N
27 30 0 1 N
27 28 1 0 N
27 2 2 2 N
30 9 0 2 N
30 12 2 1 N
30 12 1 0 N
9 6 0 0 N
9 1 1 2 N
9 14 2 1 N
6 4 1 2 N
6 1 2 1 N
6 30 0 0 N
4 34 2 2 N
4 35 0 1 N
4 0 1 0 N
34 14 1 0 N
34 28 0 2 N
34 23 2 1 N
14 7 2 1 N
14 9 0 0 N
14 27 1 2 N
7 2 2 2 N
7 23 0 1 N
7 2 1 0 N
2 0 1 2 N
2 12 0 0 N
2 34 2 1 N
0 8 0 1 N
0 21 2 0 N
0 28 1 2 N
8 5 1 0 N
8 20 0 2 N
8 26 2 1 N
5 24 1 0 N
5 23 2 1 N
5 22 0 2 N
24 3 0 2 N
24 3 2 1 N
24 25 1 0 N
3 21 1 0 N
3 13 0 2 N
3 28 2 1 N
21 15 1 0 N
21 31 0 2 N
21 22 2 1 N
15 23 2 0 N
15 24 1 2 N
15 6 0 1 N
23 16 0 1 N
23 34 2 0 N
23 22 1 2 N
16 12 1 1 N
16 14 2 2 N
16 21 0 0 N
12 35 2 2 N
12 22 1 0 N
12 12 0 1 N
35 22 1 1 N
35 29 2 0 N
35 12 0 2 N
22 25 0 0 N
22 33 1 2 N
22 12 2 1 N
25 29 0 2 N
25 0 1 1 N
25 22 2 0 N
29 33 0 1 N
29 25 1 2 N
29 25 2 0 N
33 26 0 1 N
33 16 2 0 N
33 25 1 2 N
26 19 2 2 N
26 33 0 1 N
26 22 1 0 N
19 17 1 1 N
19 28 2 2 N
19 1 0 0 N
17 18 2 0 N
17 16 0 1 N
17 14 1 2 N
18 32 0 1 N
18 15 1 0 N
18 15 2 2 N
32 10 0 0 N
32 9 2 1 N
32 26 1 2 N
10 14 1 2 N
10 7 2 1 N
10 23 0 0 N
