29 15 1 2 S
29 34 0 0 S
29 8 2 1 S
15 5 1 1 N
15 26 2 0 N
15 34 0 2 N
5 33 1 2 N
5 22 0 1 N
5 21 2 0 N
33 0 2 1 N
33 17 1 2 N
33 4 0 0 N
0 3 2 0 N
0 34 0 1 N
0 15 1 2 N
3 32 1 0 N
3 8 0 2 N
3 31 2 1 N
32 16 0 0 N
32 6 1 1 N
32 19 2 2 N
16 8 2 2 N
16 31 1 1 N
16 27 0 0 N
8 24 2 0 N
8 12 1 2 N
8 2 0 1 N
24 14 2 1 N
24 12 1 0 N
24 33 0 2 N
14 17 2 0 N
14 19 1 1 N
14 0 0 2 N
17 22 1 0 N
17 19 0 1 N
17 4 2 2 N
22 26 0 0 N
22 17 2 2 N
22 4 1 1 N
26 9 1 1 N
26 25 0 0 N
26 13 2 2 N
9 25 0 1 N
9 18 1 2 N
9 20 2 0 N
25 18 2 0 N
25 5 0 2 N
25 22 1 1 N
18 35 2 2 N
18 10 1 0 N
18 4 0 1 N
35 4 1 0 N
35 11 2 1 N
35 25 0 2 N
4 11 1 2 N
4 27 2 1 N
4 27 0 0 N
11 19 1 0 N
11 2 2 1 N
11 23 0 2 N
19 21 1 0 N
19 30 0 2 N
19 33 2 1 N
21 13 1 0 N
21 23 2 1 N
21 34 0 2 N
13 27 2 2 N
13 23 1 1 N
13 31 0 0 N
27 20 0 2 N
27 4 1 0 N
27 27 2 1 N
20 2 0 0 N
20 27 2 2 N
20 33 1 1 N
2 12 0 1 N
2 6 2 2 N
2 31 1 0 N
12 10 1 2 N
12 8 2 1 N
12 34 0 0 N
10 34 1 2 N
10 33 2 0 N
10 23 0 1 N
34 28 1 2 N
34 20 2 0 N
34 27 0 1 N
28 31 1 0 N
28 18 2 1 N
28 26 0 2 N
31 6 0 0 N
31 20 1 1 N
31 34 2 2 N
6 7 1 1 N
6 25 2 2 N
6 21 0 0 N
7 30 2 0 N
7 33 0 1 N
7 34 1 2 N
30 1 1 0 N
30 5 0 1 N
30 20 2 2 N
1 23 1 0 N
1 25 2 2 N
1 25 0 1 N
23 34 1 2 N
23 2 2 0 N
23 6 0 1 N
