20 23 1 1 S
20 32 2 0 S
20 5 0 2 S
23 15 1 2 N
23 15 2 1 N
23 7 0 0 N
15 7 1 1 N
15 13 0 2 N
15 7 2 0 N
7 12 0 2 N
7 28 1 1 N
7 7 2 0 N
12 25 2 1 N
12 18 0 0 N
12 33 1 2 N
25 28 1 1 N
25 6 2 2 N
25 7 0 0 N
28 8 1 0 N
28 29 2 1 N
28 14 0 2 N
8 21 1 2 N
8 17 0 1 N
8 30 2 0 N
21 1 2 2 N
21 32 1 1 N
21 12 0 0 N
1 5 1 2 N
1 11 0 0 N
1 14 2 1 N
5 33 1 1 N
5 34 0 2 N
5 3 2 0 N
33 0 0 2 N
33 34 1 0 N
33 4 2 1 N
0 17 1 1 N
0 1 2 2 N
0 27 0 0 N
17 34 1 1 N
17 23 2 2 N
17 25 0 0 N
34 22 2 2 N
34 23 1 0 N
34 15 0 1 N
22 13 0 0 N
22 10 2 1 N
22 16 1 2 N
13 32 0 2 N
13 16 2 0 N
13 34 1 1 N
32 24 1 2 N
32 33 2 0 N
32 23 0 1 N
24 35 0 0 N
24 18 1 2 N
24 6 2 1 N
35 29 2 1 N
35 9 0 2 N
35 27 1 0 N
29 26 0 2 N
29 16 1 0 N
29 27 2 1 N
26 31 1 0 N
26 18 0 1 N
26 19 2 2 N
31 30 2 2 N
31 26 0 1 N
31 16 1 0 N
30 6 1 1 N
30 12 0 2 N
30 9 2 0 N
6 19 1 1 N
6 7 0 2 N
6 13 2 0 N
19 16 0 2 N
19 1 1 1 N
19 25 2 0 N
16 14 2 1 N
16 32 0 2 N
16 25 1 0 N
14 11 1 0 N
14 28 2 2 N
14 23 0 1 N
11 27 1 2 N
11 35 2 1 N
11 7 0 0 N
27 18 1 1 N
27 13 0 0 N
27 34 2 2 N
18 9 0 1 N
18 17 2 2 N
18 4 1 0 N
9 10 0 2 N
9 27 1 0 N
9 34 2 1 N
10 2 2 2 N
10 19 1 1 N
10 29 0 0 N
2 4 1 2 N
2 11 2 1 N
2 3 0 0 N
4 3 1 1 N
4 21 0 0 N
4 7 2 2 N
3 24 0 2 N
3 23 1 0 N
3 23 2 1 N
