18 0 1 2 S
18 13 2 0 S
18 2 0 1 S
0 5 1 1 N
0 12 0 0 N
0 14 2 2 N
5 16 1 1 N
5 13 0 0 N
5 32 2 2 N
16 28 1 2 N
16 27 2 1 N
16 31 0 0 N
28 3 0 1 N
28 31 1 2 N
28 7 2 0 N
3 34 0 2 N
3 2 2 1 N
3 29 1 0 N
34 6 0 0 N
34 33 2 2 N
34 1 1 1 N
6 35 0 2 N
6 27 1 0 N
6 27 2 1 N
35 31 2 1 N
35 1 0 0 N
35 1 1 2 N
31 12 0 2 N
31 29 2 1 N
31 29 1 0 N
12 33 0 1 N
12 0 1 2 N
12 9 2 0 N
33 23 1 1 N
33 26 0 0 N
33 4 2 2 N
23 1 1 0 N
23 19 2 2 N
23 0 0 1 N
1 7 2 0 N
1 15 0 2 N
1 27 1 1 N
7 26 2 0 N
7 11 1 2 N
7 29 0 1 N
26 25 1 2 N
26 14 2 1 N
26 10 0 0 N
25 14 0 1 N
25 0 2 0 N
25 7 1 2 N
14 30 2 0 N
14 27 1 1 N
14 32 0 2 N
30 32 2 0 N
30 2 1 1 N
30 11 0 2 N
32 4 1 2 N
32 20 0 1 N
32 6 2 0 N
4 2 1 1 N
4 32 0 2 N
4 32 2 0 N
2 22 1 2 N
2 5 2 0 N
2 14 0 1 N
22 19 2 2 N
22 26 1 0 N
22 31 0 1 N
19 8 1 2 N
19 18 2 1 N
19 31 0 0 N
8 11 0 0 N
8 18 2 1 N
8 31 1 2 N
11 10 1 1 N
11 27 0 2 N
11 29 2 0 N
10 17 1 0 N
10 5 2 2 N
10 1 0 1 N
17 13 2 2 N
17 2 0 0 N
17 0 1 1 N
13 15 1 2 N
13 19 0 1 N
13 32 2 0 N
15 24 2 2 N
15 23 0 1 N
15 12 1 0 N
24 29 2 1 N
24 15 1 2 N
24 8 0 0 N
29 21 2 1 N
29 7 0 0 N
29 14 1 2 N
21 9 2 1 N
21 35 1 2 N
21 14 0 0 N
9 20 1 0 N
9 11 2 1 N
9 6 0 2 N
20 27 0 0 N
20 25 2 1 N
20 0 1 2 N
27 1 0 2 N
27 27 2 1 N
27 27 1 0 N
