35 27 1 1 S
35 3 2 2 S
35 27 0 0 S
27 5 0 1 N
27 9 1 2 N
27 22 2 0 N
5 34 2 2 N
5 22 0 0 N
5 1 1 1 N
34 19 0 2 N
34 5 1 0 N
34 10 2 1 N
19 0 2 1 N
19 35 0 2 N
19 10 1 0 N
0 1 0 2 N
0 8 2 0 N
0 1 1 1 N
1 21 2 1 N
1 24 1 2 N
1 24 0 0 N
21 24 2 2 N
21 19 0 0 N
21 0 1 1 N
24 30 1 2 N
24 24 2 0 N
24 24 0 1 N
30 8 1 0 N
30 14 0 1 N
30 21 2 2 N
8 16 2 1 N
8 9 0 0 N
8 35 1 2 N
16 12 2 0 N
16 4 0 1 N
16 12 1 2 N
12 3 2 0 N
12 33 1 1 N
12 21 0 2 N
3 7 0 1 N
3 27 1 2 N
3 17 2 0 N
7 32 1 0 N
7 29 0 1 N
7 13 2 2 N
32 33 0 2 N
32 13 2 1 N
32 35 1 0 N
33 22 2 2 N
33 20 0 1 N
33 0 1 0 N
22 29 1 0 N
22 17 0 2 N
22 29 2 1 N
29 13 0 2 N
29 24 2 0 N
29 1 1 1 N
13 28 1 2 N
13 10 2 0 N
13 17 0 1 N
28 18 2 0 N
28 7 1 2 N
28 24 0 1 N
18 23 2 0 N
18 25 1 2 N
18 20 0 1 N
23 2 1 0 N
23 33 0 1 N
23 0 2 2 N
2 4 1 0 N
2 29 0 2 N
2 13 2 1 N
4 31 1 1 N
4 18 0 2 N
4 2 2 0 N
31 11 2 2 N
31 35 1 0 N
31 22 0 1 N
11 17 1 1 N
11 32 0 0 N
11 3 2 2 N
17 15 0 2 N
17 34 1 0 N
17 0 2 1 N
15 14 2 2 N
15 24 1 1 N
15 35 0 0 N
14 20 1 1 N
14 1 0 0 N
14 3 2 2 N
20 6 2 2 N
20 35 1 0 N
20 17 0 1 N
6 9 2 2 N
6 0 0 1 N
6 2 1 0 N
9 25 1 2 N
9 34 0 0 N
9 10 2 1 N
25 26 2 2 N
25 24 1 1 N
25 27 0 0 N
26 10 2 0 N
26 0 1 1 N
26 13 0 2 N
10 21 2 1 N
10 1 0 0 N
10 27 1 2 N
