13 2 1 0 S
13 12 2 2 S
13 17 0 1 S
2 25 2 1 N
2 21 0 0 N
2 21 1 2 N
25 31 2 2 N
25 35 0 1 N
25 7 1 0 N
31 30 1 1 N
31 22 2 0 N
31 11 0 2 N
30 34 1 2 N
30 26 2 1 N
30 30 0 0 N
34 22 2 0 N
34 3 0 2 N
34 0 1 1 N
22 16 0 0 N
22 0 1 2 N
22 34 2 1 N
16 23 0 2 N
16 4 2 1 N
16 17 1 0 N
23 0 2 2 N
23 2 0 0 N
23 0 1 1 N
0 32 1 1 N
0 30 0 0 N
0 30 2 2 N
32 12 1 2 N
32 14 0 1 N
32 12 2 0 N
12 35 0 1 N
12 18 1 2 N
12 24 2 0 N
35 19 0 0 N
35 17 1 1 N
35 18 2 2 N
19 1 1 0 N
19 12 0 2 N
19 0 2 1 N
1 14 2 1 N
1 32 0 0 N
1 4 1 2 N
14 21 1 1 N
14 8 2 2 N
14 24 0 0 N
21 24 1 1 N
21 34 2 0 N
21 0 0 2 N
24 33 2 2 N
24 0 1 1 N
24 34 0 0 N
33 4 0 1 N
33 16 2 0 N
33 22 1 2 N
4 6 2 2 N
4 34 0 1 N
4 18 1 0 N
6 8 0 1 N
6 9 1 0 N
6 21 2 2 N
8 17 1 1 N
8 35 0 2 N
8 6 2 0 N
17 26 0 1 N
17 31 1 2 N
17 21 2 0 N
26 7 0 2 N
26 33 1 0 N
26 10 2 1 N
7 5 0 1 N
7 28 1 0 N
7 26 2 2 N
5 10 0 1 N
5 4 1 0 N
5 17 2 2 N
10 3 2 0 N
10 22 0 1 N
10 17 1 2 N
3 18 2 0 N
3 0 1 2 N
3 0 0 1 N
18 9 2 2 N
18 21 0 0 N
18 0 1 1 N
9 28 0 1 N
9 20 1 2 N
9 34 2 0 N
28 29 2 0 N
28 2 0 2 N
28 4 1 1 N
29 11 1 1 N
29 24 2 0 N
29 0 0 2 N
11 20 1 2 N
11 9 2 1 N
11 22 0 0 N
20 15 1 2 N
20 26 0 1 N
20 10 2 0 N
15 27 0 2 N
15 26 1 1 N
15 35 2 0 N
27 34 1 2 N
27 34 0 0 N
27 16 2 1 N
