2 19 0 0 S
2 7 1 1 S
2 27 2 2 S
19 15 1 1 N
19 25 0 0 N
19 1 2 2 N
15 31 0 1 N
15 35 2 0 N
15 28 1 2 N
31 21 1 1 N
31 1 0 0 N
31 34 2 2 N
21 26 2 2 N
21 8 0 0 N
21 28 1 1 N
26 3 0 0 N
26 22 1 2 N
26 35 2 1 N
3 22 1 2 N
3 0 0 0 N
3 22 2 1 N
22 33 2 2 N
22 28 1 1 N
22 6 0 0 N
33 24 1 1 N
33 6 0 2 N
33 23 2 0 N
24 9 0 2 N
24 7 1 0 N
24 20 2 1 N
9 30 0 0 N
9 27 2 2 N
9 1 1 1 N
30 10 1 0 N
30 3 0 1 N
30 19 2 2 N
10 12 2 0 N
10 17 0 2 N
10 1 1 1 N
12 11 0 2 N
12 7 2 0 N
12 28 1 1 N
11 5 1 2 N
11 12 0 1 N
11 22 2 0 N
5 13 0 2 N
5 32 2 1 N
5 35 1 0 N
13 20 1 0 N
13 25 2 1 N
13 24 0 2 N
20 4 2 1 N
20 6 0 0 N
20 28 1 2 N
4 8 2 2 N
4 25 0 1 N
4 22 1 0 N
8 14 0 2 N
8 6 2 1 N
8 28 1 0 N
14 17 2 0 N
14 12 1 1 N
14 22 0 2 N
17 32 1 2 N
17 31 0 1 N
17 20 2 0 N
32 1 2 2 N
32 28 1 0 N
32 3 0 1 N
1 7 2 0 N
1 17 0 1 N
1 20 1 2 N
7 6 1 2 N
7 2 0 1 N
7 23 2 0 N
6 28 0 1 N
6 28 1 0 N
6 6 2 2 N
28 18 0 1 N
28 25 2 2 N
28 6 1 0 N
18 23 2 0 N
18 4 1 1 N
18 22 0 2 N
23 25 2 1 N
23 29 1 2 N
23 6 0 0 N
25 34 0 1 N
25 20 2 2 N
25 3 1 0 N
34 29 2 0 N
34 3 0 2 N
34 5 1 1 N
29 35 2 1 N
29 35 0 2 N
29 27 1 0 N
35 16 1 2 N
35 8 2 0 N
35 16 0 1 N
16 27 1 0 N
16 9 0 2 N
16 20 2 1 N
27 0 2 1 N
27 1 1 2 N
27 12 0 0 N
0 31 2 0 N
0 18 0 1 N
0 32 1 2 N
