4 28 2 0 S
4 35 0 1 S
4 20 1 2 S
28 1 1 0 N
28 22 2 2 N
28 3 0 1 N
1 35 2 0 N
1 19 0 1 N
1 35 1 2 N
35 17 1 2 N
35 13 2 1 N
35 28 0 0 N
17 0 0 2 N
17 20 2 1 N
17 32 1 0 N
0 14 0 0 N
0 16 1 2 N
0 28 2 1 N
14 13 1 0 N
14 12 0 1 N
14 5 2 2 N
13 3 2 2 N
13 32 1 1 N
13 16 0 0 N
3 7 1 0 N
3 24 2 2 N
3 3 0 1 N
7 21 2 1 N
7 19 0 0 N
7 19 1 2 N
21 34 0 2 N
21 10 2 0 N
21 28 1 1 N
34 15 2 0 N
34 17 1 2 N
34 10 0 1 N
15 18 2 1 N
15 12 0 0 N
15 10 1 2 N
18 22 2 2 N
18 33 1 1 N
18 5 0 0 N
22 24 1 2 N
22 11 0 0 N
22 5 2 1 N
24 25 0 2 N
24 19 1 1 N
24 3 2 0 N
25 19 2 2 N
25 20 0 1 N
25 5 1 0 N
19 2 0 0 N
19 20 1 1 N
19 20 2 2 N
2 11 0 2 N
2 10 1 1 N
2 3 2 0 N
11 10 1 0 N
11 28 0 1 N
11 9 2 2 N
10 27 2 1 N
10 32 1 2 N
10 8 0 0 N
27 20 0 1 N
27 32 2 0 N
27 21 1 2 N
20 8 2 0 N
20 30 0 2 N
20 3 1 1 N
8 31 2 2 N
8 12 0 0 N
8 30 1 1 N
31 9 2 1 N
31 35 1 0 N
31 32 0 2 N
9 16 1 2 N
9 24 0 1 N
9 3 2 0 N
16 33 2 1 N
16 19 0 2 N
16 5 1 0 N
33 12 2 1 N
33 2 1 2 N
33 5 0 0 N
12 29 1 0 N
12 26 0 1 N
12 24 2 2 N
29 23 2 0 N
29 9 0 2 N
29 8 1 1 N
23 30 2 1 N
23 3 0 0 N
23 20 1 2 N
30 26 2 1 N
30 19 0 2 N
30 20 1 0 N
26 32 1 0 N
26 1 0 1 N
26 3 2 2 N
32 6 1 2 N
32 16 2 1 N
32 3 0 0 N
6 5 1 1 N
6 12 2 2 N
6 28 0 0 N
5 10 2 0 N
5 29 1 2 N
5 3 0 1 N
