32 33 1 2 S
32 25 0 0 S
32 23 2 1 S
33 0 1 2 N
33 22 0 0 N
33 29 2 1 N
0 7 0 0 N
0 0 2 2 N
0 0 1 1 N
7 6 1 0 N
7 35 2 1 N
7 22 0 2 N
6 2 1 1 N
6 4 0 2 N
6 34 2 0 N
2 11 0 1 N
2 34 1 2 N
2 27 2 0 N
11 1 0 2 N
11 30 1 0 N
11 23 2 1 N
1 16 2 0 N
1 31 1 1 N
1 31 0 2 N
16 35 1 2 N
16 0 2 1 N
16 8 0 0 N
35 24 2 0 N
35 7 1 1 N
35 19 0 2 N
24 15 0 1 N
24 32 1 0 N
24 31 2 2 N
15 34 1 0 N
15 19 0 2 N
15 2 2 1 N
34 9 1 0 N
34 1 2 2 N
34 27 0 1 N
9 25 2 2 N
9 11 0 0 N
9 3 1 1 N
25 19 1 1 N
25 8 2 2 N
25 17 0 0 N
19 31 1 1 N
19 23 0 0 N
19 30 2 2 N
31 27 2 1 N
31 18 0 0 N
31 14 1 2 N
27 28 2 0 N
27 29 0 2 N
27 31 1 1 N
28 18 2 1 N
28 30 0 2 N
28 14 1 0 N
18 20 1 2 N
18 1 2 1 N
18 8 0 0 N
20 14 0 1 N
20 15 2 2 N
20 24 1 0 N
14 23 2 1 N
14 12 0 0 N
14 30 1 2 N
23 3 0 2 N
23 25 2 0 N
23 8 1 1 N
3 12 0 0 N
3 29 1 2 N
3 32 2 1 N
12 8 0 1 N
12 29 1 0 N
12 24 2 2 N
8 4 2 0 N
8 17 1 1 N
8 4 0 2 N
4 22 1 2 N
4 0 2 1 N
4 0 0 0 N
22 21 2 2 N
22 20 0 0 N
22 10 1 1 N
21 13 1 2 N
21 15 0 1 N
21 0 2 0 N
13 30 2 0 N
13 2 0 1 N
13 14 1 2 N
30 26 2 0 N
30 28 1 2 N
30 0 0 1 N
26 5 0 0 N
26 2 2 1 N
26 14 1 2 N
5 10 2 0 N
5 34 1 1 N
5 24 0 2 N
10 29 1 0 N
10 12 2 1 N
10 0 0 2 N
29 17 1 1 N
29 17 2 0 N
29 31 0 2 N
17 25 0 0 N
17 27 2 1 N
17 10 1 2 N
