23 0 2 0 S
23 5 1 1 S
23 21 0 2 S
0 8 2 0 N
0 26 0 2 N
0 2 1 1 N
8 21 2 1 N
8 27 0 0 N
8 25 1 2 N
21 27 0 1 N
21 16 1 2 N
21 14 2 0 N
27 19 2 0 N
27 30 0 2 N
27 8 1 1 N
19 4 1 1 N
19 21 2 0 N
19 18 0 2 N
4 13 2 0 N
4 11 0 1 N
4 14 1 2 N
13 30 1 0 N
13 27 2 1 N
13 0 0 2 N
30 35 0 1 N
30 15 1 2 N
30 5 2 0 N
35 33 1 2 N
35 3 2 1 N
35 21 0 0 N
33 15 1 1 N
33 0 0 2 N
33 14 2 0 N
15 14 2 1 N
15 22 1 0 N
15 14 0 2 N
14 6 2 1 N
14 18 0 0 N
14 18 1 2 N
6 10 2 2 N
6 21 1 0 N
6 19 0 1 N
10 25 1 0 N
10 3 2 2 N
10 3 0 1 N
25 7 2 1 N
25 1 0 2 N
25 21 1 0 N
7 20 2 0 N
7 1 0 1 N
7 23 1 2 N
20 31 1 2 N
20 14 0 1 N
20 4 2 0 N
31 16 0 2 N
31 13 2 0 N
31 21 1 1 N
16 3 1 2 N
16 26 2 1 N
16 22 0 0 N
3 1 2 1 N
3 27 1 2 N
3 18 0 0 N
1 2 2 0 N
1 11 1 1 N
1 18 0 2 N
2 5 2 2 N
2 14 1 1 N
2 1 0 0 N
5 22 2 1 N
5 4 0 0 N
5 11 1 2 N
22 9 2 0 N
22 27 0 2 N
22 18 1 1 N
9 11 0 2 N
9 5 2 1 N
9 3 1 0 N
11 24 2 2 N
11 18 1 0 N
11 19 0 1 N
24 34 2 1 N
24 30 0 0 N
24 6 1 2 N
34 12 2 2 N
34 21 1 0 N
34 11 0 1 N
12 32 2 1 N
12 21 0 0 N
12 3 1 2 N
32 29 2 0 N
32 33 0 1 N
32 5 1 2 N
29 17 2 2 N
29 3 1 0 N
29 5 0 1 N
17 28 0 0 N
17 7 2 1 N
17 9 1 2 N
28 18 0 1 N
28 1 1 2 N
28 8 2 0 N
18 26 1 1 N
18 5 2 0 N
18 18 0 2 N
26 22 1 2 N
26 10 0 0 N
26 24 2 1 N
