20 15 2 2 S
20 31 0 0 S
20 30 1 1 S
15 17 0 0 N
15 30 1 2 N
15 17 2 1 N
17 4 1 2 N
17 23 2 1 N
17 30 0 0 N
4 29 1 1 N
4 23 2 2 N
4 16 0 0 N
29 31 0 1 N
29 15 1 0 N
29 2 2 2 N
31 19 1 2 N
31 21 2 1 N
31 15 0 0 N
19 5 0 2 N
19 14 1 0 N
19 15 2 1 N
5 28 0 0 N
5 26 2 1 N
5 10 1 2 N
28 10 0 1 N
28 11 1 2 N
28 17 2 0 N
10 2 0 2 N
10 23 2 1 N
10 30 1 0 N
2 18 0 2 N
2 1 2 1 N
2 35 1 0 N
18 27 0 1 N
18 26 2 0 N
18 17 1 2 N
27 11 2 0 N
27 34 0 2 N
27 31 1 1 N
11 7 0 0 N
11 15 2 1 N
11 20 1 2 N
7 1 0 0 N
7 5 1 2 N
7 20 2 1 N
1 33 0 2 N
1 30 1 0 N
1 2 2 1 N
33 9 1 0 N
33 18 0 1 N
33 24 2 2 N
9 3 0 0 N
9 33 2 1 N
9 13 1 2 N
3 25 0 1 N
3 14 2 0 N
3 20 1 2 N
25 34 1 2 N
25 16 2 1 N
25 12 0 0 N
34 24 1 2 N
34 7 0 0 N
34 20 2 1 N
24 0 2 1 N
24 35 1 0 N
24 30 0 2 N
0 12 1 2 N
0 10 2 1 N
0 16 0 0 N
12 35 0 0 N
12 31 1 2 N
12 26 2 1 N
35 6 1 0 N
35 29 0 2 N
35 20 2 1 N
6 22 1 1 N
6 4 0 2 N
6 14 2 0 N
22 32 1 1 N
22 0 2 0 N
22 7 0 2 N
32 8 0 2 N
32 22 2 0 N
32 11 1 1 N
8 23 0 1 N
8 33 2 2 N
8 34 1 0 N
23 26 1 0 N
23 17 2 2 N
23 30 0 1 N
26 16 1 2 N
26 0 0 1 N
26 34 2 0 N
16 14 1 1 N
16 30 2 2 N
16 15 0 0 N
14 13 1 0 N
14 1 2 1 N
14 35 0 2 N
13 21 2 2 N
13 35 0 0 N
13 30 1 1 N
21 30 1 0 N
21 16 2 1 N
21 31 0 2 N
30 2 2 0 N
30 30 0 2 N
30 30 1 1 N
