11 23 0 0 S
11 15 1 2 S
11 17 2 1 S
23 24 1 0 N
23 25 0 1 N
23 25 2 2 N
24 6 1 2 N
24 29 0 0 N
24 3 2 1 N
6 17 1 0 N
6 31 2 2 N
6 27 0 1 N
17 30 0 0 N
17 12 2 2 N
17 10 1 1 N
30 31 2 0 N
30 2 0 1 N
30 10 1 2 N
31 29 1 0 N
31 3 2 2 N
31 10 0 1 N
29 34 1 1 N
29 20 0 0 N
29 31 2 2 N
34 18 1 1 N
34 25 0 2 N
34 31 2 0 N
18 13 2 1 N
18 19 0 0 N
18 32 1 2 N
13 0 1 0 N
13 27 2 1 N
13 31 0 2 N
0 26 0 1 N
0 5 1 0 N
0 10 2 2 N
26 20 0 1 N
26 25 1 0 N
26 6 2 2 N
20 28 0 0 N
20 2 1 1 N
20 10 2 2 N
28 12 0 2 N
28 26 1 0 N
28 5 2 1 N
12 7 2 0 N
12 35 0 2 N
12 20 1 1 N
7 32 2 1 N
7 24 0 2 N
7 3 1 0 N
32 35 2 1 N
32 25 0 0 N
32 9 1 2 N
35 21 2 0 N
35 26 0 2 N
35 19 1 1 N
21 5 1 2 N
21 22 0 0 N
21 22 2 1 N
5 27 1 0 N
5 9 2 1 N
5 9 0 2 N
27 14 0 2 N
27 6 1 0 N
27 3 2 1 N
14 33 1 1 N
14 31 0 2 N
14 10 2 0 N
33 4 1 2 N
33 27 0 1 N
33 13 2 0 N
4 1 2 1 N
4 33 1 0 N
4 32 0 2 N
1 9 0 2 N
1 25 2 1 N
1 25 1 0 N
9 19 1 1 N
9 9 0 0 N
9 9 2 2 N
19 2 1 2 N
19 14 2 0 N
19 28 0 1 N
2 16 1 0 N
2 23 0 1 N
2 32 2 2 N
16 15 1 1 N
16 28 0 2 N
16 10 2 0 N
15 10 1 1 N
15 14 2 0 N
15 19 0 2 N
10 25 2 0 N
10 27 1 1 N
10 5 0 2 N
25 8 0 2 N
25 32 1 1 N
25 10 2 0 N
8 3 0 0 N
8 28 1 2 N
8 5 2 1 N
3 22 1 1 N
3 34 0 2 N
3 9 2 0 N
22 35 2 2 N
22 31 1 1 N
22 9 0 0 N
