15 8 2 2 S
15 20 0 0 S
15 22 1 1 S
8 24 1 0 N
8 16 0 1 N
8 30 2 2 N
24 35 1 1 N
24 7 2 2 N
24 20 0 0 N
35 6 0 1 N
35 28 2 2 N
35 17 1 0 N
6 34 2 1 N
6 29 1 0 N
6 14 0 2 N
34 20 2 1 N
34 17 1 2 N
34 4 0 0 N
20 28 2 1 N
20 17 1 0 N
20 17 0 2 N
28 27 1 0 N
28 9 2 1 N
28 30 0 2 N
27 32 2 0 N
27 18 1 2 N
27 22 0 1 N
32 23 1 0 N
32 26 0 2 N
32 19 2 1 N
23 11 0 0 N
23 7 2 2 N
23 15 1 1 N
11 1 2 2 N
11 29 0 0 N
11 33 1 1 N
1 10 1 1 N
1 2 2 0 N
1 35 0 2 N
10 19 0 1 N
10 35 1 0 N
10 2 2 2 N
19 16 0 0 N
19 24 2 2 N
19 10 1 1 N
16 7 0 1 N
16 26 2 2 N
16 11 1 0 N
7 9 1 2 N
7 35 2 1 N
7 1 0 0 N
9 2 1 2 N
9 26 2 1 N
9 4 0 0 N
2 30 0 0 N
2 2 2 2 N
2 2 1 1 N
30 13 1 1 N
30 12 0 2 N
30 35 2 0 N
13 18 1 0 N
13 27 2 1 N
13 30 0 2 N
18 17 2 0 N
18 30 0 2 N
18 17 1 1 N
17 31 2 0 N
17 18 1 2 N
17 10 0 1 N
31 29 1 0 N
31 7 2 2 N
31 5 0 1 N
29 21 0 0 N
29 18 2 2 N
29 35 1 1 N
21 14 2 1 N
21 10 1 0 N
21 30 0 2 N
14 12 1 2 N
14 20 0 1 N
14 35 2 0 N
12 22 1 0 N
12 18 0 1 N
12 35 2 2 N
22 4 1 0 N
22 19 0 1 N
22 10 2 2 N
4 3 1 1 N
4 30 2 2 N
4 33 0 0 N
3 26 1 2 N
3 1 0 0 N
3 26 2 1 N
26 5 0 2 N
26 1 1 0 N
26 33 2 1 N
5 25 0 1 N
5 4 2 0 N
5 1 1 2 N
25 33 0 2 N
25 5 1 0 N
25 2 2 1 N
33 0 1 1 N
33 19 2 2 N
33 19 0 0 N
0 13 2 0 N
0 26 1 2 N
0 12 0 1 N
