19 34 2 0 S
19 0 0 2 S
19 17 1 1 S
34 3 1 2 N
34 1 0 0 N
34 15 2 1 N
3 9 1 1 N
3 12 0 2 N
3 29 2 0 N
9 12 2 2 N
9 29 0 0 N
9 18 1 1 N
12 5 1 2 N
12 34 0 1 N
12 25 2 0 N
5 16 1 0 N
5 35 2 2 N
5 0 0 1 N
16 2 0 1 N
16 7 1 2 N
16 7 2 0 N
2 6 1 0 N
2 33 0 2 N
2 11 2 1 N
6 33 2 2 N
6 0 1 0 N
6 26 0 1 N
33 11 2 1 N
33 9 0 2 N
33 31 1 0 N
11 26 2 1 N
11 8 1 0 N
11 0 0 2 N
26 27 0 2 N
26 27 1 1 N
26 15 2 0 N
27 1 0 1 N
27 9 1 0 N
27 34 2 2 N
1 14 1 0 N
1 17 0 2 N
1 17 2 1 N
14 8 2 0 N
14 17 0 1 N
14 31 1 2 N
8 21 0 2 N
8 17 2 0 N
8 15 1 1 N
21 18 0 1 N
21 2 2 0 N
21 9 1 2 N
18 35 1 0 N
18 19 2 1 N
18 17 0 2 N
35 13 2 2 N
35 24 1 0 N
35 26 0 1 N
13 32 2 2 N
13 29 0 0 N
13 0 1 1 N
32 30 2 2 N
32 12 0 0 N
32 12 1 1 N
30 0 2 1 N
30 24 1 0 N
30 7 0 2 N
0 25 1 0 N
0 8 2 2 N
0 19 0 1 N
25 7 2 1 N
25 8 0 0 N
25 9 1 2 N
7 23 1 1 N
7 15 2 2 N
7 9 0 0 N
23 31 0 1 N
23 5 1 0 N
23 34 2 2 N
31 29 2 1 N
31 18 1 0 N
31 23 0 2 N
29 15 1 0 N
29 4 0 1 N
29 15 2 2 N
15 10 1 2 N
15 23 2 1 N
15 5 0 0 N
10 28 2 2 N
10 5 0 1 N
10 15 1 0 N
28 22 2 1 N
28 9 1 0 N
28 7 0 2 N
22 4 2 1 N
22 15 1 0 N
22 5 0 2 N
4 24 2 1 N
4 17 0 0 N
4 24 1 2 N
24 20 2 2 N
24 29 1 1 N
24 27 0 0 N
20 17 0 2 N
20 26 1 1 N
20 33 2 0 N
17 34 2 2 N
17 1 1 1 N
17 17 0 0 N
