3 15 2 2 S
3 25 1 0 S
3 31 0 1 S
15 26 2 0 N
15 25 0 1 N
15 7 1 2 N
26 18 1 2 N
26 19 2 0 N
26 19 0 1 N
18 19 1 0 N
18 19 2 1 N
18 11 0 2 N
19 31 1 2 N
19 16 2 0 N
19 5 0 1 N
31 12 1 2 N
31 5 2 0 N
31 0 0 1 N
12 21 1 1 N
12 31 0 0 N
12 19 2 2 N
21 16 1 2 N
21 9 2 1 N
21 23 0 0 N
16 14 2 1 N
16 24 0 0 N
16 5 1 2 N
14 10 1 1 N
14 32 2 0 N
14 4 0 2 N
10 2 2 2 N
10 27 1 0 N
10 28 0 1 N
2 17 0 0 N
2 28 1 2 N
2 6 2 1 N
17 32 2 1 N
17 31 0 0 N
17 19 1 2 N
32 35 1 2 N
32 14 0 0 N
32 31 2 1 N
35 30 0 2 N
35 9 1 1 N
35 24 2 0 N
30 20 2 1 N
30 23 0 2 N
30 32 1 0 N
20 29 0 1 N
20 0 1 2 N
20 27 2 0 N
29 28 0 1 N
29 21 2 2 N
29 8 1 0 N
28 22 1 2 N
28 9 2 0 N
28 0 0 1 N
22 4 0 2 N
22 28 2 1 N
22 4 1 0 N
4 1 1 2 N
4 24 2 0 N
4 24 0 1 N
1 8 1 2 N
1 33 2 1 N
1 6 0 0 N
8 7 2 2 N
8 16 1 0 N
8 30 0 1 N
7 33 0 0 N
7 33 2 2 N
7 24 1 1 N
33 11 2 0 N
33 4 1 1 N
33 17 0 2 N
11 0 2 0 N
11 14 1 1 N
11 19 0 2 N
0 5 1 1 N
0 20 2 2 N
0 0 0 0 N
5 34 2 2 N
5 31 0 0 N
5 0 1 1 N
34 24 1 2 N
34 32 2 1 N
34 7 0 0 N
24 25 2 1 N
24 34 1 0 N
24 19 0 2 N
25 9 1 1 N
25 31 2 0 N
25 19 0 2 N
9 27 1 0 N
9 31 2 1 N
9 3 0 2 N
27 13 1 2 N
27 3 0 1 N
27 25 2 0 N
13 6 0 0 N
13 19 2 1 N
13 32 1 2 N
6 23 0 2 N
6 25 1 0 N
6 5 2 1 N
23 19 1 1 N
23 5 2 0 N
23 5 0 2 N
