7 19 1 1 S
7 11 0 2 S
7 26 2 0 S
19 23 1 1 N
19 34 2 2 N
19 18 0 0 N
23 31 1 1 N
23 15 0 2 N
23 5 2 0 N
31 0 0 0 N
31 5 1 2 N
31 9 2 1 N
0 3 0 0 N
0 11 2 2 N
0 22 1 1 N
3 21 1 0 N
3 2 2 1 N
3 22 0 2 N
21 9 0 2 N
21 16 2 0 N
21 20 1 1 N
9 1 2 0 N
9 35 0 1 N
9 9 1 2 N
1 10 1 2 N
1 11 0 1 N
1 25 2 0 N
10 20 0 0 N
10 29 2 2 N
10 5 1 1 N
20 30 2 1 N
20 33 0 2 N
20 26 1 0 N
30 13 2 1 N
30 24 0 2 N
30 25 1 0 N
13 5 0 0 N
13 19 1 1 N
13 3 2 2 N
5 32 0 1 N
5 10 2 2 N
5 18 1 0 N
32 35 1 0 N
32 20 0 1 N
32 8 2 2 N
35 29 0 2 N
35 2 2 0 N
35 9 1 1 N
29 17 2 2 N
29 25 0 0 N
29 19 1 1 N
17 26 2 2 N
17 26 1 0 N
17 14 0 1 N
26 6 1 2 N
26 11 0 0 N
26 35 2 1 N
6 34 1 1 N
6 1 2 0 N
6 9 0 2 N
34 12 2 2 N
34 9 1 1 N
34 6 0 0 N
12 15 2 0 N
12 22 0 1 N
12 30 1 2 N
15 14 1 2 N
15 22 2 1 N
15 5 0 0 N
14 8 0 1 N
14 11 1 2 N
14 13 2 0 N
8 18 0 0 N
8 33 1 1 N
8 9 2 2 N
18 4 0 2 N
18 31 1 1 N
18 35 2 0 N
4 27 1 2 N
4 16 0 1 N
4 0 2 0 N
27 33 0 1 N
27 33 1 0 N
27 18 2 2 N
33 24 2 2 N
33 23 0 1 N
33 0 1 0 N
24 25 2 2 N
24 22 1 0 N
24 18 0 1 N
25 2 1 0 N
25 22 2 2 N
25 26 0 1 N
2 22 2 0 N
2 35 0 1 N
2 26 1 2 N
22 28 0 0 N
22 0 2 1 N
22 9 1 2 N
28 16 2 0 N
28 9 1 1 N
28 30 0 2 N
16 11 0 0 N
16 31 2 1 N
16 11 1 2 N
11 22 2 1 N
11 33 0 0 N
11 6 1 2 N
