21 14 0 2 S
21 18 1 0 S
21 15 2 1 S
14 25 0 0 N
14 27 2 1 N
14 24 1 2 N
25 16 2 2 N
25 6 1 1 N
25 12 0 0 N
16 12 2 2 N
16 24 0 0 N
16 17 1 1 N
12 7 2 2 N
12 10 1 0 N
12 21 0 1 N
7 30 1 1 N
7 8 2 2 N
7 34 0 0 N
30 31 0 2 N
30 9 2 1 N
30 20 1 0 N
31 20 2 2 N
31 27 1 0 N
31 13 0 1 N
20 15 1 2 N
20 12 0 0 N
20 0 2 1 N
15 32 2 2 N
15 19 1 0 N
15 15 0 1 N
32 3 1 2 N
32 16 0 0 N
32 19 2 1 N
3 6 0 1 N
3 31 1 2 N
3 12 2 0 N
6 34 1 0 N
6 5 2 2 N
6 11 0 1 N
34 0 0 1 N
34 0 1 0 N
34 13 2 2 N
0 8 2 0 N
0 17 1 1 N
0 10 0 2 N
8 18 1 0 N
8 14 2 2 N
8 29 0 1 N
18 33 1 1 N
18 15 0 0 N
18 13 2 2 N
33 9 2 2 N
33 29 1 1 N
33 11 0 0 N
9 13 1 2 N
9 8 2 1 N
9 4 0 0 N
13 29 1 0 N
13 15 0 1 N
13 12 2 2 N
29 5 2 0 N
29 6 1 2 N
29 12 0 1 N
5 24 1 1 N
5 7 2 0 N
5 29 0 2 N
24 22 2 2 N
24 6 1 1 N
24 10 0 0 N
22 1 1 0 N
22 18 0 2 N
22 14 2 1 N
1 11 2 2 N
1 17 0 0 N
1 3 1 1 N
11 4 1 0 N
11 18 0 1 N
11 29 2 2 N
4 19 1 2 N
4 6 2 0 N
4 0 0 1 N
19 27 0 1 N
19 29 1 0 N
19 21 2 2 N
27 28 0 2 N
27 21 2 1 N
27 0 1 0 N
28 23 2 0 N
28 3 0 2 N
28 13 1 1 N
23 35 1 0 N
23 34 2 2 N
23 19 0 1 N
35 26 1 1 N
35 15 0 2 N
35 4 2 0 N
26 2 2 1 N
26 4 0 2 N
26 16 1 0 N
2 10 1 2 N
2 17 0 1 N
2 34 2 0 N
10 17 1 2 N
10 18 2 1 N
10 13 0 0 N
17 6 1 0 N
17 11 2 2 N
17 12 0 1 N
