29 24 1 1 S
29 8 0 2 S
29 31 2 0 S
24 4 2 1 N
24 8 0 0 N
24 1 1 2 N
4 21 1 2 N
4 7 0 1 N
4 6 2 0 N
21 16 2 0 N
21 3 1 1 N
21 25 0 2 N
16 15 2 1 N
16 34 0 0 N
16 18 1 2 N
15 17 1 2 N
15 18 0 0 N
15 0 2 1 N
17 19 0 1 N
17 29 1 2 N
17 18 2 0 N
19 3 2 0 N
19 18 1 2 N
19 21 0 1 N
3 20 1 0 N
3 28 0 1 N
3 8 2 2 N
20 18 2 1 N
20 24 0 2 N
20 22 1 0 N
18 13 0 2 N
18 14 2 0 N
18 1 1 1 N
13 1 0 1 N
13 31 1 0 N
13 10 2 2 N
1 35 2 2 N
1 33 1 1 N
1 8 0 0 N
35 23 0 2 N
35 9 1 0 N
35 26 2 1 N
23 32 0 1 N
23 2 1 0 N
23 15 2 2 N
32 10 0 2 N
32 6 2 1 N
32 0 1 0 N
10 27 0 0 N
10 0 1 2 N
10 8 2 1 N
27 5 1 1 N
27 15 2 0 N
27 25 0 2 N
5 22 1 0 N
5 30 0 1 N
5 33 2 2 N
22 34 2 0 N
22 18 0 2 N
22 29 1 1 N
34 0 0 2 N
34 31 1 0 N
34 30 2 1 N
0 31 1 1 N
0 0 2 2 N
0 0 0 0 N
31 11 1 0 N
31 6 2 1 N
31 0 0 2 N
11 33 2 1 N
11 3 1 2 N
11 28 0 0 N
33 6 1 1 N
33 25 2 2 N
33 9 0 0 N
6 28 1 1 N
6 21 2 2 N
6 31 0 0 N
28 25 1 0 N
28 16 2 2 N
28 32 0 1 N
25 9 1 2 N
25 21 0 1 N
25 15 2 0 N
9 8 2 2 N
9 5 1 1 N
9 6 0 0 N
8 30 2 1 N
8 19 0 2 N
8 32 1 0 N
30 26 2 2 N
30 6 0 1 N
30 9 1 0 N
26 7 1 0 N
26 28 2 2 N
26 31 0 1 N
7 14 0 0 N
7 2 2 2 N
7 5 1 1 N
14 12 2 2 N
14 0 1 0 N
14 21 0 1 N
12 2 1 1 N
12 35 2 0 N
12 24 0 2 N
2 33 2 0 N
2 23 0 2 N
2 10 1 1 N
