5 6 2 0 S
5 2 1 2 S
5 4 0 1 S
6 20 2 0 N
6 18 0 1 N
6 9 1 2 N
20 12 0 0 N
20 2 2 2 N
20 18 1 1 N
12 3 0 1 N
12 1 2 2 N
12 9 1 0 N
3 15 0 1 N
3 12 2 2 N
3 10 1 0 N
15 9 0 1 N
15 10 2 0 N
15 18 1 2 N
9 18 0 0 N
9 18 2 2 N
9 11 1 1 N
18 2 2 1 N
18 6 0 0 N
18 18 1 2 N
2 10 1 2 N
2 9 0 1 N
2 1 2 0 N
10 1 0 0 N
10 1 2 2 N
10 6 1 1 N
1 7 1 0 N
1 0 0 1 N
1 18 2 2 N
7 19 2 2 N
7 3 1 0 N
7 13 0 1 N
19 4 2 0 N
19 2 0 1 N
19 5 1 2 N
4 13 2 1 N
4 20 1 2 N
4 8 0 0 N
13 11 1 1 N
13 8 0 0 N
13 2 2 2 N
11 16 0 1 N
11 18 2 2 N
11 18 1 0 N
16 0 2 0 N
16 18 1 1 N
16 5 0 2 N
0 14 2 1 N
0 6 1 2 N
0 10 0 0 N
14 8 2 2 N
14 3 0 0 N
14 20 1 1 N
8 17 1 2 N
8 15 2 0 N
8 18 0 1 N
17 0 0 0 N
17 0 1 1 N
17 11 2 2 N
