6 16 1 0 S
6 12 2 1 S
6 0 0 2 S
16 10 1 1 N
16 0 0 2 N
16 6 2 0 N
10 19 2 1 N
10 13 0 2 N
10 7 1 0 N
19 4 1 1 N
19 8 0 2 N
19 7 2 0 N
4 12 2 2 N
4 3 1 0 N
4 7 0 1 N
12 20 2 2 N
12 15 0 0 N
12 6 1 1 N
20 2 2 0 N
20 7 1 1 N
20 4 0 2 N
2 14 2 2 N
2 3 0 1 N
2 3 1 0 N
14 5 1 1 N
14 13 0 2 N
14 0 2 0 N
5 13 0 1 N
5 15 2 0 N
5 15 1 2 N
13 3 2 1 N
13 3 0 2 N
13 14 1 0 N
3 1 2 1 N
3 4 1 0 N
3 7 0 2 N
1 9 1 2 N
1 11 2 0 N
1 16 0 1 N
9 7 0 2 N
9 1 2 0 N
9 20 1 1 N
7 8 0 1 N
7 14 1 0 N
7 13 2 2 N
8 0 1 0 N
8 13 0 1 N
8 13 2 2 N
0 15 0 2 N
0 8 2 1 N
0 0 1 0 N
15 11 2 0 N
15 4 1 1 N
15 0 0 2 N
11 18 1 1 N
11 9 0 0 N
11 12 2 2 N
18 17 2 2 N
18 0 1 1 N
18 0 0 0 N
17 0 1 0 N
17 6 2 2 N
17 0 0 1 N
