4 8 1 2 S
4 8 0 1 S
4 19 2 0 S
8 15 1 2 N
8 17 2 1 N
8 14 0 0 N
15 3 1 2 N
15 12 2 0 N
15 16 0 1 N
3 6 1 0 N
3 5 2 2 N
3 0 0 1 N
6 1 1 0 N
6 16 2 2 N
6 15 0 1 N
1 0 1 1 N
1 3 0 0 N
1 9 2 2 N
0 11 2 1 N
0 16 0 0 N
0 16 1 2 N
11 12 2 2 N
11 2 1 1 N
11 3 0 0 N
12 10 1 2 N
12 6 0 0 N
12 0 2 1 N
10 14 0 0 N
10 16 1 1 N
10 15 2 2 N
14 17 2 1 N
14 5 0 0 N
14 16 1 2 N
17 5 2 2 N
17 1 1 1 N
17 3 0 0 N
5 20 1 0 N
5 16 2 2 N
5 0 0 1 N
20 19 0 0 N
20 16 1 1 N
20 16 2 2 N
19 18 2 1 N
19 5 0 2 N
19 14 1 0 N
18 16 2 1 N
18 8 1 2 N
18 8 0 0 N
16 7 2 0 N
16 12 0 2 N
16 16 1 1 N
7 13 1 0 N
7 2 2 1 N
7 20 0 2 N
13 9 2 1 N
13 16 0 0 N
13 20 1 2 N
9 2 0 1 N
9 14 2 2 N
9 16 1 0 N
2 8 1 2 N
2 9 0 0 N
2 0 2 1 N
