1 11 0 2 S
1 12 1 1 S
1 17 2 0 S
11 9 2 2 N
11 4 1 0 N
11 11 0 1 N
9 10 0 1 N
9 18 1 2 N
9 11 2 0 N
10 5 1 1 N
10 0 2 0 N
10 4 0 2 N
5 8 2 0 N
5 8 1 2 N
5 9 0 1 N
8 17 1 1 N
8 4 2 0 N
8 11 0 2 N
17 19 0 1 N
17 1 2 2 N
17 18 1 0 N
19 13 1 2 N
19 1 0 1 N
19 0 2 0 N
13 3 0 2 N
13 16 2 0 N
13 15 1 1 N
3 12 1 2 N
3 7 2 0 N
3 11 0 1 N
12 0 0 0 N
12 19 1 1 N
12 11 2 2 N
0 18 1 1 N
0 7 0 2 N
0 11 2 0 N
18 7 2 0 N
18 11 1 2 N
18 11 0 1 N
7 14 2 0 N
7 1 0 2 N
7 3 1 1 N
14 16 0 0 N
14 7 1 2 N
14 10 2 1 N
16 4 2 2 N
16 3 0 1 N
16 0 1 0 N
4 20 1 2 N
4 7 2 0 N
4 15 0 1 N
20 15 1 2 N
20 3 0 1 N
20 11 2 0 N
15 2 2 0 N
15 10 0 1 N
15 7 1 2 N
2 6 0 0 N
2 16 1 1 N
2 3 2 2 N
6 11 1 2 N
6 1 0 0 N
6 1 2 1 N
