1 17 1 0 S
1 10 2 1 S
1 10 0 2 S
17 11 2 0 N
17 5 1 2 N
17 20 0 1 N
11 8 1 0 N
11 2 2 2 N
11 18 0 1 N
8 18 1 2 N
8 10 2 1 N
8 6 0 0 N
18 3 2 0 N
18 20 0 2 N
18 15 1 1 N
3 12 0 0 N
3 8 1 2 N
3 20 2 1 N
12 13 0 1 N
12 17 1 2 N
12 0 2 0 N
13 2 0 1 N
13 8 2 0 N
13 19 1 2 N
2 15 1 1 N
2 19 2 2 N
2 8 0 0 N
15 7 0 1 N
15 19 2 0 N
15 8 1 2 N
7 6 1 2 N
7 19 2 1 N
7 8 0 0 N
6 4 2 0 N
6 5 0 2 N
6 6 1 1 N
4 10 2 2 N
4 7 1 1 N
4 20 0 0 N
10 9 1 2 N
10 15 0 0 N
10 6 2 1 N
9 16 0 2 N
9 1 2 0 N
9 8 1 1 N
16 19 1 2 N
16 17 2 0 N
16 1 0 1 N
19 20 0 1 N
19 11 2 2 N
19 5 1 0 N
20 14 0 1 N
20 2 1 0 N
20 15 2 2 N
14 5 0 1 N
14 7 2 0 N
14 5 1 2 N
5 0 2 1 N
5 10 0 2 N
5 6 1 0 N
0 9 2 1 N
0 19 0 0 N
0 2 1 2 N
