2 7 0 0 S
2 1 2 2 S
2 18 1 1 S
7 8 0 1 N
7 12 1 2 N
7 13 2 0 N
8 19 1 0 N
8 20 0 1 N
8 20 2 2 N
19 13 0 0 N
19 3 2 2 N
19 7 1 1 N
13 11 1 1 N
13 0 2 2 N
13 20 0 0 N
11 0 0 0 N
11 15 2 2 N
11 8 1 1 N
0 10 2 0 N
0 15 1 2 N
0 13 0 1 N
10 1 0 0 N
10 4 2 1 N
10 18 1 2 N
1 18 2 1 N
1 0 1 0 N
1 20 0 2 N
18 15 1 2 N
18 0 2 0 N
18 0 0 1 N
15 4 0 0 N
15 4 2 2 N
15 5 1 1 N
4 9 1 1 N
4 7 0 2 N
4 11 2 0 N
9 20 1 0 N
9 3 2 2 N
9 18 0 1 N
20 6 0 1 N
20 20 1 2 N
20 20 2 0 N
6 3 2 1 N
6 19 0 2 N
6 7 1 0 N
3 12 1 2 N
3 19 0 0 N
3 11 2 1 N
12 14 0 1 N
12 14 1 2 N
12 20 2 0 N
14 16 1 2 N
14 15 0 0 N
14 0 2 1 N
16 17 0 2 N
16 4 2 1 N
16 20 1 0 N
17 5 0 1 N
17 16 1 2 N
17 14 2 0 N
5 3 1 0 N
5 8 0 1 N
5 20 2 2 N
