0 20 2 2 S
0 1 1 0 S
0 1 0 1 S
20 13 0 1 N
20 1 1 2 N
20 13 2 0 N
13 12 1 1 N
13 12 2 2 N
13 14 0 0 N
12 4 2 1 N
12 19 1 2 N
12 11 0 0 N
4 10 0 0 N
4 14 2 2 N
4 1 1 1 N
10 19 0 2 N
10 4 2 0 N
10 8 1 1 N
19 14 0 0 N
19 12 1 2 N
19 11 2 1 N
14 7 2 1 N
14 19 1 0 N
14 4 0 2 N
7 18 0 2 N
7 18 2 0 N
7 9 1 1 N
18 16 1 0 N
18 5 0 1 N
18 4 2 2 N
16 5 0 1 N
16 12 2 2 N
16 15 1 0 N
5 15 0 1 N
5 9 2 2 N
5 0 1 0 N
15 17 2 2 N
15 13 1 0 N
15 0 0 1 N
17 8 1 0 N
17 13 2 1 N
17 13 0 2 N
8 9 0 0 N
8 3 1 1 N
8 17 2 2 N
9 11 1 1 N
9 6 2 0 N
9 1 0 2 N
11 3 0 1 N
11 4 1 0 N
11 0 2 2 N
3 6 1 2 N
3 12 2 0 N
3 13 0 1 N
6 2 1 0 N
6 20 2 2 N
6 9 0 1 N
2 1 2 0 N
2 4 1 2 N
2 0 0 1 N
1 14 1 2 N
1 0 2 0 N
1 1 0 1 N
