14 13 1 0 S
14 1 0 2 S
14 8 2 1 S
13 1 1 2 N
13 3 2 1 N
13 2 0 0 N
1 7 0 0 N
1 14 1 1 N
1 12 2 2 N
7 6 0 0 N
7 8 1 2 N
7 5 2 1 N
6 18 1 2 N
6 4 2 1 N
6 3 0 0 N
18 17 0 0 N
18 3 2 2 N
18 19 1 1 N
17 11 1 2 N
17 6 0 0 N
17 5 2 1 N
11 20 2 0 N
11 8 0 1 N
11 17 1 2 N
20 16 0 2 N
20 0 1 1 N
20 3 2 0 N
16 3 2 0 N
16 19 1 2 N
16 5 0 1 N
3 2 1 0 N
3 0 2 1 N
3 16 0 2 N
2 9 2 1 N
2 16 1 0 N
2 9 0 2 N
9 5 1 1 N
9 7 2 0 N
9 12 0 2 N
5 15 0 0 N
5 5 1 1 N
5 5 2 2 N
15 12 0 2 N
15 17 2 0 N
15 7 1 1 N
12 10 2 0 N
12 1 1 2 N
12 7 0 1 N
10 19 2 2 N
10 16 0 0 N
10 7 1 1 N
19 0 1 0 N
19 4 2 1 N
19 12 0 2 N
0 4 1 2 N
0 8 2 1 N
0 3 0 0 N
4 8 0 0 N
4 20 2 2 N
4 9 1 1 N
8 9 0 2 N
8 19 2 0 N
8 7 1 1 N
