5 18 1 0 S
5 6 0 2 S
5 7 2 1 S
18 10 1 1 N
18 8 2 0 N
18 1 0 2 N
10 2 0 2 N
10 12 1 0 N
10 9 2 1 N
2 3 1 1 N
2 17 0 2 N
2 18 2 0 N
3 20 0 1 N
3 4 1 0 N
3 16 2 2 N
20 6 0 2 N
20 16 2 0 N
20 7 1 1 N
6 16 0 1 N
6 12 1 2 N
6 12 2 0 N
16 8 2 2 N
16 19 0 1 N
16 7 1 0 N
8 11 2 2 N
8 11 0 1 N
8 17 1 0 N
11 1 0 1 N
11 15 2 0 N
11 12 1 2 N
1 19 0 2 N
1 6 1 0 N
1 20 2 1 N
19 14 2 2 N
19 10 1 0 N
19 1 0 1 N
14 13 0 1 N
14 17 1 2 N
14 9 2 0 N
13 7 2 0 N
13 4 0 2 N
13 3 1 1 N
7 17 2 0 N
7 20 0 2 N
7 7 1 1 N
17 4 2 1 N
17 14 0 2 N
17 16 1 0 N
4 12 2 1 N
4 20 0 0 N
4 16 1 2 N
12 0 0 1 N
12 6 1 2 N
12 16 2 0 N
0 9 0 2 N
0 8 1 1 N
0 16 2 0 N
9 15 1 0 N
9 7 2 1 N
9 20 0 2 N
15 16 0 0 N
15 1 1 1 N
15 12 2 2 N
