16 2 2 0 S
16 12 1 2 S
16 20 0 1 S
2 11 2 0 N
2 19 0 2 N
2 2 1 1 N
11 7 1 2 N
11 0 2 0 N
11 15 0 1 N
7 4 1 1 N
7 20 2 2 N
7 13 0 0 N
4 13 1 0 N
4 17 0 1 N
4 7 2 2 N
13 8 1 2 N
13 9 0 1 N
13 2 2 0 N
8 1 2 1 N
8 1 0 0 N
8 13 1 2 N
1 10 0 1 N
1 3 1 2 N
1 8 2 0 N
10 5 1 0 N
10 12 0 1 N
10 18 2 2 N
5 3 0 2 N
5 2 2 1 N
5 17 1 0 N
3 17 2 0 N
3 15 1 2 N
3 2 0 1 N
17 6 2 0 N
17 2 0 1 N
17 2 1 2 N
6 9 2 0 N
6 9 1 2 N
6 20 0 1 N
9 0 2 1 N
9 11 1 2 N
9 13 0 0 N
0 14 0 0 N
0 13 2 2 N
0 8 1 1 N
14 19 1 0 N
14 19 2 2 N
14 1 0 1 N
19 15 0 2 N
19 6 2 0 N
19 13 1 1 N
15 20 0 0 N
15 20 1 2 N
15 19 2 1 N
20 12 0 1 N
20 12 2 2 N
20 1 1 0 N
12 18 2 0 N
12 13 0 1 N
12 1 1 2 N
18 11 1 2 N
18 8 0 0 N
18 19 2 1 N
