4 8 1 2 S
4 7 2 1 S
4 20 0 0 S
8 17 0 2 N
8 9 1 0 N
8 19 2 1 N
17 1 1 0 N
17 11 0 1 N
17 9 2 2 N
1 2 2 2 N
1 4 0 1 N
1 8 1 0 N
2 20 1 0 N
2 8 2 1 N
2 17 0 2 N
20 16 2 1 N
20 6 1 0 N
20 17 0 2 N
16 6 2 2 N
16 4 1 0 N
16 8 0 1 N
6 3 1 2 N
6 18 2 1 N
6 16 0 0 N
3 12 1 2 N
3 19 2 1 N
3 7 0 0 N
12 13 0 0 N
12 2 1 2 N
12 5 2 1 N
13 14 1 2 N
13 12 2 1 N
13 5 0 0 N
14 10 2 1 N
14 2 0 0 N
14 19 1 2 N
10 7 2 1 N
10 5 0 0 N
10 10 1 2 N
7 18 2 0 N
7 14 1 2 N
7 10 0 1 N
18 15 2 1 N
18 4 1 2 N
18 1 0 0 N
15 0 0 1 N
15 1 1 2 N
15 17 2 0 N
0 9 1 2 N
0 4 2 1 N
0 9 0 0 N
9 19 1 0 N
9 5 2 2 N
9 5 0 1 N
19 11 0 2 N
19 9 2 0 N
19 5 1 1 N
11 5 1 1 N
11 12 2 0 N
11 16 0 2 N
5 0 0 1 N
5 10 1 0 N
5 10 2 2 N
