1 12 0 0 S
1 13 1 2 S
1 14 2 1 S
12 3 2 1 N
12 13 1 0 N
12 19 0 2 N
3 7 0 2 N
3 3 1 1 N
3 3 2 0 N
7 0 0 0 N
7 13 2 2 N
7 14 1 1 N
0 18 2 0 N
0 7 0 1 N
0 19 1 2 N
18 17 2 1 N
18 3 0 2 N
18 16 1 0 N
17 8 1 0 N
17 10 2 2 N
17 19 0 1 N
8 6 0 2 N
8 19 1 0 N
8 13 2 1 N
6 5 2 1 N
6 7 0 2 N
6 17 1 0 N
5 2 0 1 N
5 10 1 2 N
5 16 2 0 N
2 19 2 1 N
2 13 0 0 N
2 1 1 2 N
19 9 1 2 N
19 14 2 1 N
19 8 0 0 N
9 15 2 0 N
9 12 0 1 N
9 8 1 2 N
15 13 0 0 N
15 7 1 2 N
15 4 2 1 N
13 16 2 1 N
13 4 1 0 N
13 3 0 2 N
16 10 1 2 N
16 15 0 0 N
16 0 2 1 N
10 11 1 2 N
10 2 0 0 N
10 12 2 1 N
11 20 2 0 N
11 6 0 1 N
11 9 1 2 N
20 4 1 1 N
20 3 0 0 N
20 3 2 2 N
4 14 1 1 N
4 8 0 2 N
4 3 2 0 N
14 8 2 1 N
14 3 0 2 N
14 3 1 0 N
