20 2 2 0 S
20 16 1 1 S
20 9 0 2 S
2 15 1 2 N
2 7 2 1 N
2 20 0 0 N
15 13 2 0 N
15 8 0 1 N
15 17 1 2 N
13 8 2 1 N
13 14 1 2 N
13 8 0 0 N
8 9 2 0 N
8 2 1 1 N
8 4 0 2 N
9 17 2 0 N
9 4 1 1 N
9 4 0 2 N
17 5 2 1 N
17 15 0 0 N
17 0 1 2 N
5 19 1 1 N
5 13 2 2 N
5 4 0 0 N
19 3 1 0 N
19 11 2 1 N
19 6 0 2 N
3 6 0 0 N
3 0 1 2 N
3 4 2 1 N
6 0 2 2 N
6 15 1 0 N
6 18 0 1 N
0 12 0 1 N
0 10 1 0 N
0 5 2 2 N
12 11 1 2 N
12 4 0 1 N
12 10 2 0 N
11 16 0 0 N
11 8 2 2 N
11 13 1 1 N
16 1 1 0 N
16 8 0 1 N
16 0 2 2 N
1 4 0 1 N
1 5 2 2 N
1 14 1 0 N
4 10 0 2 N
4 5 2 0 N
4 10 1 1 N
10 7 0 1 N
10 0 1 0 N
10 10 2 2 N
7 18 2 2 N
7 12 0 0 N
7 0 1 1 N
18 14 1 1 N
18 8 2 0 N
18 10 0 2 N
14 12 2 2 N
14 17 0 0 N
14 3 1 1 N
