10 11 1 0 S
10 4 2 2 S
10 17 0 1 S
11 1 2 2 N
11 20 0 1 N
11 16 1 0 N
1 9 0 2 N
1 7 2 1 N
1 10 1 0 N
9 0 2 2 N
9 5 1 1 N
9 13 0 0 N
0 4 0 0 N
0 13 1 2 N
0 12 2 1 N
4 3 2 0 N
4 20 0 1 N
4 15 1 2 N
3 5 2 2 N
3 4 0 1 N
3 2 1 0 N
5 17 2 1 N
5 15 0 2 N
5 12 1 0 N
17 19 1 0 N
17 13 2 2 N
17 18 0 1 N
19 18 2 1 N
19 16 1 2 N
19 8 0 0 N
18 8 1 0 N
18 12 0 2 N
18 12 2 1 N
8 16 2 2 N
8 3 0 0 N
8 17 1 1 N
16 14 1 1 N
16 13 2 2 N
16 0 0 0 N
14 7 1 0 N
14 12 0 1 N
14 13 2 2 N
7 13 0 1 N
7 0 2 0 N
7 13 1 2 N
13 2 2 1 N
13 13 1 0 N
13 13 0 2 N
2 12 0 1 N
2 3 2 2 N
2 0 1 0 N
12 15 2 0 N
12 0 0 2 N
12 13 1 1 N
15 20 1 0 N
15 9 2 1 N
15 12 0 2 N
20 6 1 2 N
20 9 2 1 N
20 4 0 0 N
6 14 2 1 N
6 9 0 2 N
6 12 1 0 N
