0 2 2 0 S
0 13 1 2 S
0 9 0 1 S
2 20 0 1 N
2 13 2 0 N
2 4 1 2 N
20 8 2 1 N
20 1 0 2 N
20 19 1 0 N
8 10 1 2 N
8 6 0 1 N
8 14 2 0 N
10 16 2 1 N
10 17 0 0 N
10 12 1 2 N
16 19 0 0 N
16 19 2 1 N
16 1 1 2 N
19 13 0 1 N
19 17 1 2 N
19 17 2 0 N
13 14 0 1 N
13 12 1 0 N
13 1 2 2 N
14 1 2 2 N
14 12 1 1 N
14 11 0 0 N
1 17 1 2 N
1 9 0 1 N
1 5 2 0 N
17 3 1 0 N
17 19 2 1 N
17 17 0 2 N
3 12 2 1 N
3 18 0 2 N
3 11 1 0 N
12 5 0 1 N
12 5 1 2 N
12 5 2 0 N
5 7 1 0 N
5 19 2 1 N
5 17 0 2 N
7 9 1 2 N
7 18 2 0 N
7 10 0 1 N
9 18 2 2 N
9 3 0 0 N
9 14 1 1 N
18 11 1 1 N
18 6 0 0 N
18 9 2 2 N
11 15 2 1 N
11 1 1 0 N
11 17 0 2 N
15 6 2 2 N
15 14 0 1 N
15 1 1 0 N
6 4 0 1 N
6 7 1 0 N
6 1 2 2 N
4 9 0 0 N
4 17 2 1 N
4 19 1 2 N
