7 20 2 0 S
7 16 1 1 S
7 8 0 2 S
20 11 2 1 N
20 10 1 0 N
20 17 0 2 N
11 10 1 0 N
11 0 2 2 N
11 4 0 1 N
10 15 0 1 N
10 3 2 0 N
10 13 1 2 N
15 9 2 2 N
15 17 1 1 N
15 8 0 0 N
9 2 1 1 N
9 10 2 2 N
9 20 0 0 N
2 4 0 2 N
2 19 1 0 N
2 7 2 1 N
4 1 2 1 N
4 18 0 0 N
4 8 1 2 N
1 13 1 1 N
1 7 0 0 N
1 8 2 2 N
13 16 2 0 N
13 8 0 2 N
13 8 1 1 N
16 5 2 0 N
16 15 1 1 N
16 8 0 2 N
5 12 1 0 N
5 8 2 1 N
5 4 0 2 N
12 14 1 0 N
12 8 0 2 N
12 3 2 1 N
14 17 2 2 N
14 17 1 1 N
14 13 0 0 N
17 19 2 2 N
17 8 1 0 N
17 17 0 1 N
19 0 2 0 N
19 12 0 1 N
19 7 1 2 N
0 8 0 2 N
0 7 2 1 N
0 16 1 0 N
8 6 0 2 N
8 15 2 1 N
8 17 1 0 N
6 18 1 1 N
6 20 0 2 N
6 13 2 0 N
18 3 0 2 N
18 0 2 0 N
18 4 1 1 N
3 4 1 2 N
3 17 0 0 N
3 16 2 1 N
