14 17 2 2 S
14 7 0 0 S
14 18 1 1 S
17 12 2 2 N
17 14 0 1 N
17 6 1 0 N
12 7 1 1 N
12 13 2 0 N
12 3 0 2 N
7 19 0 1 N
7 15 2 0 N
7 3 1 2 N
19 3 2 1 N
19 2 0 2 N
19 3 1 0 N
3 0 0 0 N
3 2 2 2 N
3 15 1 1 N
0 6 2 1 N
0 16 0 0 N
0 0 1 2 N
6 2 2 0 N
6 15 1 1 N
6 18 0 2 N
2 11 1 2 N
2 15 0 1 N
2 14 2 0 N
11 1 1 2 N
11 13 2 1 N
11 16 0 0 N
1 5 1 0 N
1 7 0 1 N
1 2 2 2 N
5 15 0 0 N
5 14 2 2 N
5 18 1 1 N
15 20 1 2 N
15 11 2 1 N
15 11 0 0 N
20 10 1 0 N
20 19 0 1 N
20 16 2 2 N
10 9 2 2 N
10 9 1 1 N
10 11 0 0 N
9 18 1 1 N
9 11 0 0 N
9 11 2 2 N
18 13 0 1 N
18 4 1 2 N
18 0 2 0 N
13 8 2 1 N
13 7 0 2 N
13 12 1 0 N
8 16 2 2 N
8 9 1 0 N
8 3 0 1 N
16 4 1 1 N
16 0 2 2 N
16 0 0 0 N
4 14 1 2 N
4 10 0 0 N
4 16 2 1 N
