8 0 2 2 S
8 20 0 0 S
8 20 1 1 S
0 1 1 1 N
0 1 2 2 N
0 20 0 0 N
1 12 2 2 N
1 18 1 1 N
1 20 0 0 N
12 3 1 1 N
12 8 0 0 N
12 4 2 2 N
3 7 1 0 N
3 0 0 1 N
3 4 2 2 N
7 11 0 1 N
7 18 2 0 N
7 10 1 2 N
11 17 0 1 N
11 15 2 2 N
11 14 1 0 N
17 6 1 0 N
17 13 0 1 N
17 13 2 2 N
6 4 0 0 N
6 20 2 2 N
6 20 1 1 N
4 19 2 1 N
4 8 1 0 N
4 20 0 2 N
19 2 1 0 N
19 8 0 2 N
19 12 2 1 N
2 15 2 0 N
2 8 0 1 N
2 4 1 2 N
15 20 0 2 N
15 6 1 1 N
15 0 2 0 N
20 16 2 2 N
20 20 1 1 N
20 20 0 0 N
16 10 2 0 N
16 0 0 1 N
16 18 1 2 N
10 14 0 0 N
10 5 1 2 N
10 2 2 1 N
14 9 1 1 N
14 0 2 2 N
14 12 0 0 N
9 5 1 1 N
9 14 0 2 N
9 10 2 0 N
5 18 1 2 N
5 14 2 0 N
5 16 0 1 N
18 13 1 2 N
18 13 0 0 N
18 17 2 1 N
13 2 0 1 N
13 17 1 0 N
13 1 2 2 N
