5 13 0 0 S
5 15 1 2 S
5 3 2 1 S
13 14 2 2 N
13 3 1 1 N
13 7 0 0 N
14 1 2 2 N
14 4 1 1 N
14 11 0 0 N
1 17 1 2 N
1 9 0 0 N
1 18 2 1 N
17 4 0 0 N
17 11 2 2 N
17 2 1 1 N
4 9 1 1 N
4 11 2 2 N
4 9 0 0 N
9 15 2 2 N
9 13 1 0 N
9 9 0 1 N
15 12 0 2 N
15 13 1 0 N
15 5 2 1 N
12 11 0 1 N
12 11 2 0 N
12 2 1 2 N
11 19 1 0 N
11 7 0 2 N
11 5 2 1 N
19 2 0 0 N
19 5 2 1 N
19 3 1 2 N
2 8 0 0 N
2 13 1 2 N
2 9 2 1 N
8 18 1 2 N
8 0 0 0 N
8 18 2 1 N
18 20 2 2 N
18 5 1 0 N
18 3 0 1 N
20 6 0 1 N
20 3 2 0 N
20 2 1 2 N
6 16 0 2 N
6 3 2 1 N
6 14 1 0 N
16 10 0 1 N
16 7 2 0 N
16 2 1 2 N
10 3 2 2 N
10 15 0 1 N
10 11 1 0 N
3 7 0 1 N
3 13 2 2 N
3 7 1 0 N
7 0 0 2 N
7 20 1 0 N
7 9 2 1 N
0 4 2 1 N
0 18 1 0 N
0 13 0 2 N
