4 20 1 2 S
4 14 2 0 S
4 2 0 1 S
20 12 1 1 N
20 14 2 2 N
20 11 0 0 N
12 18 1 1 N
12 9 2 2 N
12 17 0 0 N
18 0 1 1 N
18 8 0 0 N
18 14 2 2 N
0 8 0 2 N
0 17 1 1 N
0 9 2 0 N
8 11 1 0 N
8 1 2 1 N
8 3 0 2 N
11 6 1 0 N
11 9 2 1 N
11 15 0 2 N
6 2 2 1 N
6 0 1 2 N
6 14 0 0 N
2 16 1 0 N
2 11 0 2 N
2 0 2 1 N
16 10 1 0 N
16 7 0 1 N
16 6 2 2 N
10 17 2 1 N
10 0 1 0 N
10 13 0 2 N
17 9 0 0 N
17 0 1 1 N
17 15 2 2 N
9 3 1 1 N
9 15 0 0 N
9 9 2 2 N
3 7 2 0 N
3 17 0 2 N
3 9 1 1 N
7 5 0 2 N
7 9 1 0 N
7 3 2 1 N
5 15 2 0 N
5 9 1 2 N
5 17 0 1 N
15 1 1 0 N
15 9 0 2 N
15 9 2 1 N
1 14 0 0 N
1 16 2 1 N
1 17 1 2 N
14 19 0 1 N
14 19 1 2 N
14 9 2 0 N
19 13 1 0 N
19 1 2 2 N
19 14 0 1 N
13 12 0 0 N
13 0 2 2 N
13 17 1 1 N
