0 12 1 0 S
0 12 0 1 S
0 7 2 2 S
12 15 2 0 N
12 19 0 2 N
12 3 1 1 N
15 14 1 1 N
15 3 2 0 N
15 3 0 2 N
14 16 1 2 N
14 17 2 0 N
14 11 0 1 N
16 5 0 2 N
16 11 1 0 N
16 10 2 1 N
5 13 2 1 N
5 7 0 0 N
5 18 1 2 N
13 18 2 0 N
13 11 0 2 N
13 14 1 1 N
18 6 2 0 N
18 2 0 1 N
18 17 1 2 N
6 11 0 2 N
6 0 1 1 N
6 20 2 0 N
11 7 2 2 N
11 15 1 0 N
11 20 0 1 N
7 2 0 2 N
7 19 1 1 N
7 4 2 0 N
2 10 1 1 N
2 6 0 2 N
2 3 2 0 N
10 19 1 0 N
10 7 2 2 N
10 12 0 1 N
19 9 1 2 N
19 7 0 1 N
19 7 2 0 N
9 8 2 0 N
9 16 1 1 N
9 7 0 2 N
8 17 0 0 N
8 12 2 1 N
8 3 1 2 N
17 4 0 1 N
17 15 2 0 N
17 20 1 2 N
4 1 0 0 N
4 14 1 2 N
4 4 2 1 N
1 3 1 1 N
1 2 0 0 N
1 19 2 2 N
3 20 0 1 N
3 4 1 2 N
3 4 2 0 N
20 3 1 1 N
20 4 2 0 N
20 4 0 2 N
