0 2 0 2 S
0 16 2 0 S
0 14 1 1 S
2 12 0 2 N
2 10 2 0 N
2 1 1 1 N
12 15 0 0 N
12 2 1 1 N
12 14 2 2 N
15 3 2 1 N
15 3 0 0 N
15 13 1 2 N
3 17 0 0 N
3 10 2 1 N
3 1 1 2 N
17 10 2 2 N
17 5 0 1 N
17 1 1 0 N
10 19 0 1 N
10 8 2 2 N
10 0 1 0 N
19 13 1 1 N
19 18 2 2 N
19 13 0 0 N
13 18 0 0 N
13 14 1 2 N
13 10 2 1 N
18 4 0 0 N
18 8 1 1 N
18 1 2 2 N
4 7 2 0 N
4 17 1 2 N
4 11 0 1 N
7 16 1 0 N
7 3 0 1 N
7 2 2 2 N
16 6 1 2 N
16 1 2 1 N
16 16 0 0 N
6 9 2 0 N
6 18 0 2 N
6 16 1 1 N
9 20 2 2 N
9 15 1 1 N
9 16 0 0 N
20 5 2 2 N
20 3 0 1 N
20 6 1 0 N
5 1 2 1 N
5 19 0 2 N
5 1 1 0 N
1 8 1 1 N
1 16 0 2 N
1 14 2 0 N
8 11 2 0 N
8 15 1 2 N
8 13 0 1 N
11 14 1 0 N
11 2 2 1 N
11 13 0 2 N
14 3 1 2 N
14 15 0 1 N
14 16 2 0 N
