14 19 2 0 S
14 18 0 2 S
14 14 1 1 S
19 2 2 2 N
19 10 1 1 N
19 13 0 0 N
2 1 0 0 N
2 1 2 1 N
2 13 1 2 N
1 16 2 0 N
1 2 1 1 N
1 4 0 2 N
16 0 1 1 N
16 13 2 2 N
16 4 0 0 N
0 3 1 0 N
0 7 0 1 N
0 3 2 2 N
3 20 2 0 N
3 2 0 2 N
3 2 1 1 N
20 13 1 2 N
20 13 0 0 N
20 18 2 1 N
13 12 1 1 N
13 14 2 2 N
13 14 0 0 N
12 17 2 0 N
12 2 0 2 N
12 1 1 1 N
17 5 0 1 N
17 16 1 2 N
17 10 2 0 N
5 4 2 0 N
5 10 1 2 N
5 19 0 1 N
4 10 2 1 N
4 2 1 2 N
4 13 0 0 N
10 7 1 1 N
10 15 2 2 N
10 16 0 0 N
7 9 0 2 N
7 2 2 0 N
7 3 1 1 N
9 15 1 0 N
9 7 0 2 N
9 4 2 1 N
15 18 2 2 N
15 1 1 0 N
15 13 0 1 N
18 11 1 1 N
18 2 2 0 N
18 1 0 2 N
11 8 0 2 N
11 8 1 1 N
11 8 2 0 N
8 6 2 0 N
8 2 1 2 N
8 9 0 1 N
6 20 1 0 N
6 2 0 1 N
6 7 2 2 N
