20 17 0 1 S
20 1 2 0 S
20 7 1 2 S
17 13 2 2 N
17 19 0 0 N
17 18 1 1 N
13 7 2 2 N
13 20 0 0 N
13 3 1 1 N
7 0 0 2 N
7 14 1 1 N
7 2 2 0 N
0 12 1 0 N
0 20 0 1 N
0 8 2 2 N
12 18 0 0 N
12 8 1 1 N
12 18 2 2 N
18 1 0 0 N
18 2 1 1 N
18 11 2 2 N
1 11 1 1 N
1 0 2 2 N
1 17 0 0 N
11 9 1 0 N
11 5 0 1 N
11 19 2 2 N
9 5 2 1 N
9 1 1 0 N
9 15 0 2 N
5 14 0 0 N
5 15 1 2 N
5 6 2 1 N
14 8 1 1 N
14 6 0 0 N
14 19 2 2 N
8 16 2 2 N
8 7 1 0 N
8 2 0 1 N
16 2 2 1 N
16 12 0 2 N
16 13 1 0 N
2 4 1 2 N
2 18 2 0 N
2 14 0 1 N
4 6 0 2 N
4 6 2 0 N
4 6 1 1 N
6 15 1 0 N
6 14 0 2 N
6 2 2 1 N
15 10 2 0 N
15 19 1 2 N
15 19 0 1 N
10 3 2 0 N
10 8 0 1 N
10 15 1 2 N
3 19 0 0 N
3 2 2 1 N
3 2 1 2 N
19 15 1 0 N
19 15 0 1 N
19 19 2 2 N
