20 8 2 2 S
20 20 1 0 S
20 20 0 1 S
8 2 0 2 N
8 3 1 0 N
8 3 2 1 N
2 6 0 2 N
2 20 1 0 N
2 14 2 1 N
6 10 0 2 N
6 3 2 1 N
6 13 1 0 N
10 13 0 1 N
10 11 1 2 N
10 3 2 0 N
13 16 0 2 N
13 0 1 1 N
13 20 2 0 N
16 3 2 2 N
16 14 1 1 N
16 19 0 0 N
3 17 0 1 N
3 10 1 0 N
3 13 2 2 N
17 4 2 2 N
17 3 0 0 N
17 10 1 1 N
4 14 0 1 N
4 10 2 0 N
4 14 1 2 N
14 1 0 2 N
14 13 1 1 N
14 7 2 0 N
1 5 2 0 N
1 13 1 1 N
1 10 0 2 N
5 11 0 1 N
5 19 2 0 N
5 17 1 2 N
11 7 0 1 N
11 0 1 2 N
11 10 2 0 N
7 0 0 0 N
7 20 1 2 N
7 10 2 1 N
0 12 2 0 N
0 3 0 1 N
0 13 1 2 N
12 18 0 1 N
12 18 1 0 N
12 0 2 2 N
18 15 1 0 N
18 5 0 1 N
18 15 2 2 N
15 9 1 2 N
15 16 2 1 N
15 20 0 0 N
9 19 2 0 N
9 19 0 2 N
9 7 1 1 N
19 0 2 1 N
19 10 1 2 N
19 10 0 0 N
