1 8 2 1 S
1 5 1 0 S
1 14 0 2 S
8 0 2 0 N
8 13 0 1 N
8 0 1 2 N
0 4 2 2 N
0 16 1 0 N
0 17 0 1 N
4 5 2 2 N
4 3 0 1 N
4 12 1 0 N
5 6 2 2 N
5 1 1 0 N
5 20 0 1 N
6 2 1 1 N
6 12 2 2 N
6 11 0 0 N
2 3 1 1 N
2 18 2 2 N
2 4 0 0 N
3 20 0 0 N
3 4 2 1 N
3 3 1 2 N
20 9 2 2 N
20 6 0 0 N
20 12 1 1 N
9 13 2 2 N
9 4 0 1 N
9 0 1 0 N
13 10 0 2 N
13 14 2 1 N
13 3 1 0 N
10 16 2 1 N
10 8 0 2 N
10 7 1 0 N
16 11 2 0 N
16 15 1 2 N
16 14 0 1 N
11 17 2 0 N
11 3 0 1 N
11 3 1 2 N
17 19 0 2 N
17 7 2 0 N
17 3 1 1 N
19 18 2 1 N
19 14 1 2 N
19 3 0 0 N
18 14 1 1 N
18 8 2 0 N
18 13 0 2 N
14 12 1 2 N
14 3 0 0 N
14 7 2 1 N
12 15 1 2 N
12 7 2 1 N
12 11 0 0 N
15 7 0 2 N
15 9 2 0 N
15 20 1 1 N
7 20 2 2 N
7 20 0 0 N
7 11 1 1 N
