4 1 2 2 S
4 5 1 0 S
4 2 0 1 S
1 7 2 0 N
1 2 1 2 N
1 9 0 1 N
7 11 0 2 N
7 18 2 0 N
7 17 1 1 N
11 0 0 1 N
11 0 1 0 N
11 18 2 2 N
0 8 2 2 N
0 15 1 0 N
0 9 0 1 N
8 5 1 1 N
8 12 2 0 N
8 13 0 2 N
5 20 0 0 N
5 4 1 2 N
5 4 2 1 N
20 2 0 1 N
20 17 2 2 N
20 19 1 0 N
2 14 1 2 N
2 10 0 1 N
2 13 2 0 N
14 16 0 0 N
14 3 1 2 N
14 19 2 1 N
16 6 0 0 N
16 0 2 2 N
16 13 1 1 N
6 12 0 1 N
6 9 1 0 N
6 2 2 2 N
12 15 2 0 N
12 4 1 1 N
12 2 0 2 N
15 17 1 0 N
15 12 0 2 N
15 13 2 1 N
17 19 1 1 N
17 19 0 0 N
17 1 2 2 N
19 10 2 0 N
19 13 1 2 N
19 13 0 1 N
10 9 2 2 N
10 13 1 0 N
10 12 0 1 N
9 3 2 0 N
9 12 0 1 N
9 2 1 2 N
3 18 0 1 N
3 14 1 0 N
3 16 2 2 N
18 13 1 1 N
18 13 2 2 N
18 13 0 0 N
13 12 0 1 N
13 15 2 2 N
13 13 1 0 N
