20 9 0 2 S
20 4 1 0 S
20 2 2 1 S
9 13 2 0 N
9 10 0 2 N
9 2 1 1 N
13 8 0 2 N
13 2 2 1 N
13 13 1 0 N
8 18 2 2 N
8 12 1 1 N
8 9 0 0 N
18 1 1 1 N
18 13 2 0 N
18 9 0 2 N
1 4 1 0 N
1 2 0 1 N
1 9 2 2 N
4 14 1 0 N
4 12 2 1 N
4 20 0 2 N
14 0 2 2 N
14 11 1 1 N
14 4 0 0 N
0 2 1 0 N
0 5 0 1 N
0 16 2 2 N
2 12 2 1 N
2 13 1 0 N
2 13 0 2 N
12 15 0 0 N
12 8 2 2 N
12 20 1 1 N
15 10 0 2 N
15 7 2 1 N
15 8 1 0 N
10 7 2 1 N
10 8 1 0 N
10 13 0 2 N
7 3 1 0 N
7 16 0 2 N
7 20 2 1 N
3 5 1 0 N
3 1 2 2 N
3 9 0 1 N
5 19 0 2 N
5 1 2 0 N
5 2 1 1 N
19 11 0 1 N
19 4 2 0 N
19 12 1 2 N
11 6 2 0 N
11 1 1 2 N
11 8 0 1 N
6 17 1 1 N
6 16 0 0 N
6 20 2 2 N
17 16 0 0 N
17 8 1 2 N
17 19 2 1 N
16 20 1 0 N
16 20 0 2 N
16 2 2 1 N
