0 2 2 2 S
0 1 0 1 S
0 15 1 0 S
2 5 0 0 N
2 1 1 1 N
2 3 2 2 N
5 13 0 2 N
5 11 2 1 N
5 0 1 0 N
13 19 2 2 N
13 18 0 1 N
13 8 1 0 N
19 11 0 2 N
19 4 2 1 N
19 15 1 0 N
11 18 2 0 N
11 19 1 1 N
11 0 0 2 N
18 16 2 1 N
18 0 1 0 N
18 1 0 2 N
16 3 2 0 N
16 10 1 1 N
16 17 0 2 N
3 1 0 0 N
3 2 1 2 N
3 15 2 1 N
1 15 2 0 N
1 15 0 2 N
1 1 1 1 N
15 7 1 2 N
15 8 0 1 N
15 8 2 0 N
7 14 2 0 N
7 18 1 2 N
7 15 0 1 N
14 17 0 2 N
14 15 1 1 N
14 1 2 0 N
17 4 0 0 N
17 3 1 2 N
17 13 2 1 N
4 9 1 1 N
4 6 0 2 N
4 2 2 0 N
9 6 0 0 N
9 14 1 2 N
9 8 2 1 N
6 12 2 1 N
6 16 1 0 N
6 7 0 2 N
12 8 2 0 N
12 0 0 1 N
12 13 1 2 N
8 10 1 1 N
8 1 0 2 N
8 1 2 0 N
10 17 0 2 N
10 3 1 1 N
10 12 2 0 N
