0 12 2 2 S
0 4 1 0 S
0 13 0 1 S
12 11 2 0 N
12 6 0 2 N
12 15 1 1 N
11 13 2 2 N
11 6 0 1 N
11 10 1 0 N
13 6 0 0 N
13 12 1 2 N
13 8 2 1 N
6 14 0 1 N
6 3 1 2 N
6 6 2 0 N
14 9 2 0 N
14 16 0 2 N
14 11 1 1 N
9 7 0 0 N
9 19 2 1 N
9 7 1 2 N
7 10 2 1 N
7 11 1 2 N
7 5 0 0 N
10 2 2 0 N
10 5 1 1 N
10 19 0 2 N
2 3 1 0 N
2 15 2 1 N
2 0 0 2 N
3 8 1 0 N
3 8 2 1 N
3 8 0 2 N
8 15 1 0 N
8 17 0 1 N
8 5 2 2 N
15 1 1 0 N
15 3 0 2 N
15 13 2 1 N
1 4 0 0 N
1 17 2 2 N
1 11 1 1 N
4 17 0 0 N
4 7 1 1 N
4 3 2 2 N
17 5 0 0 N
17 15 2 2 N
17 19 1 1 N
5 18 1 2 N
5 7 0 0 N
5 6 2 1 N
18 16 0 0 N
18 8 1 1 N
18 10 2 2 N
16 19 1 2 N
16 19 2 0 N
16 5 0 1 N
19 11 1 2 N
19 7 2 0 N
19 5 0 1 N
