13 12 2 1 S
13 18 0 2 S
13 16 1 0 S
12 14 0 0 N
12 10 2 2 N
12 16 1 1 N
14 1 2 2 N
14 10 1 1 N
14 5 0 0 N
1 18 1 2 N
1 8 0 1 N
1 16 2 0 N
18 16 1 1 N
18 16 2 2 N
18 7 0 0 N
16 8 1 2 N
16 3 0 1 N
16 7 2 0 N
8 17 2 0 N
8 6 0 1 N
8 13 1 2 N
17 15 2 0 N
17 11 0 2 N
17 14 1 1 N
15 6 2 2 N
15 18 1 1 N
15 12 0 0 N
6 11 0 1 N
6 13 1 0 N
6 7 2 2 N
11 10 2 1 N
11 6 0 0 N
11 1 1 2 N
10 0 1 1 N
10 6 2 2 N
10 7 0 0 N
0 19 1 1 N
0 6 2 2 N
0 18 0 0 N
19 9 2 0 N
19 0 1 1 N
19 16 0 2 N
9 5 2 1 N
9 18 0 2 N
9 16 1 0 N
5 4 0 2 N
5 13 1 0 N
5 1 2 1 N
4 3 2 1 N
4 2 0 0 N
4 5 1 2 N
3 2 2 1 N
3 17 1 0 N
3 3 0 2 N
2 7 0 2 N
2 16 1 0 N
2 18 2 1 N
7 18 0 0 N
7 3 2 1 N
7 3 1 2 N
