5 7 1 1 S
5 13 0 0 S
5 6 2 2 S
7 10 1 1 N
7 2 0 0 N
7 5 2 2 N
10 0 0 0 N
10 2 1 2 N
10 8 2 1 N
0 17 0 0 N
0 19 2 1 N
0 15 1 2 N
17 6 1 1 N
17 2 0 2 N
17 8 2 0 N
6 16 1 0 N
6 18 0 2 N
6 15 2 1 N
16 3 2 0 N
16 11 1 1 N
16 15 0 2 N
3 18 2 2 N
3 15 0 1 N
3 12 1 0 N
18 4 1 0 N
18 4 0 1 N
18 17 2 2 N
4 8 2 2 N
4 17 1 1 N
4 17 0 0 N
8 12 2 1 N
8 4 1 0 N
8 11 0 2 N
12 15 2 2 N
12 0 1 0 N
12 11 0 1 N
15 14 1 0 N
15 11 0 2 N
15 15 2 1 N
14 1 0 0 N
14 0 2 1 N
14 4 1 2 N
1 9 1 0 N
1 15 2 2 N
1 17 0 1 N
9 2 1 0 N
9 11 2 1 N
9 7 0 2 N
2 19 0 2 N
2 17 2 1 N
2 8 1 0 N
19 13 1 2 N
19 8 0 1 N
19 16 2 0 N
13 11 1 0 N
13 10 0 1 N
13 19 2 2 N
11 2 2 2 N
11 15 0 1 N
11 15 1 0 N
