9 15 2 2 S
9 17 0 1 S
9 10 1 0 S
15 8 2 0 N
15 16 1 1 N
15 10 0 2 N
8 16 1 2 N
8 5 2 1 N
8 10 0 0 N
16 0 0 1 N
16 19 1 2 N
16 10 2 0 N
0 12 0 0 N
0 5 1 2 N
0 5 2 1 N
12 6 1 0 N
12 16 2 1 N
12 0 0 2 N
6 7 1 1 N
6 4 2 0 N
6 19 0 2 N
7 2 0 0 N
7 19 2 1 N
7 17 1 2 N
2 1 0 2 N
2 1 1 1 N
2 0 2 0 N
1 4 0 2 N
1 10 2 1 N
1 19 1 0 N
4 5 1 1 N
4 17 2 2 N
4 16 0 0 N
5 13 0 0 N
5 10 1 1 N
5 5 2 2 N
13 10 2 2 N
13 8 0 1 N
13 1 1 0 N
10 14 2 1 N
10 0 0 0 N
10 5 1 2 N
14 3 1 0 N
14 16 0 2 N
14 15 2 1 N
3 19 1 0 N
3 10 2 2 N
3 18 0 1 N
19 18 0 1 N
19 11 1 0 N
19 4 2 2 N
18 17 2 2 N
18 15 1 1 N
18 19 0 0 N
17 11 0 1 N
17 5 1 2 N
17 4 2 0 N
11 10 0 0 N
11 17 1 2 N
11 19 2 1 N
