1 19 0 0 S
1 11 1 2 S
1 19 2 1 S
19 15 1 2 N
19 1 0 0 N
19 11 2 1 N
15 11 2 1 N
15 6 0 0 N
15 14 1 2 N
11 17 2 1 N
11 19 0 2 N
11 11 1 0 N
17 16 0 0 N
17 16 2 2 N
17 18 1 1 N
16 6 2 2 N
16 10 0 0 N
16 9 1 1 N
6 10 1 2 N
6 17 2 1 N
6 1 0 0 N
10 3 1 0 N
10 11 0 1 N
10 11 2 2 N
3 14 0 0 N
3 14 1 2 N
3 2 2 1 N
14 4 1 1 N
14 7 2 0 N
14 19 0 2 N
4 13 1 0 N
4 6 0 1 N
4 11 2 2 N
13 9 1 1 N
13 12 2 0 N
13 4 0 2 N
9 5 1 1 N
9 1 2 0 N
9 12 0 2 N
5 7 2 2 N
5 14 1 0 N
5 19 0 1 N
7 12 1 2 N
7 10 0 0 N
7 19 2 1 N
12 2 1 1 N
12 11 2 2 N
12 4 0 0 N
2 8 2 1 N
2 16 0 0 N
2 4 1 2 N
8 18 2 0 N
8 11 1 1 N
8 1 0 2 N
18 0 0 2 N
18 11 2 1 N
18 7 1 0 N
0 6 2 1 N
0 19 0 0 N
0 7 1 2 N
