16 15 1 1 S
16 3 2 0 S
16 4 0 2 S
15 10 1 1 N
15 4 2 0 N
15 7 0 2 N
10 6 2 2 N
10 12 1 1 N
10 8 0 0 N
6 8 2 0 N
6 8 1 1 N
6 5 0 2 N
8 0 0 2 N
8 17 1 0 N
8 7 2 1 N
0 1 2 0 N
0 1 0 1 N
0 12 1 2 N
1 3 1 2 N
1 16 0 1 N
1 19 2 0 N
3 5 0 1 N
3 15 2 2 N
3 18 1 0 N
5 4 0 2 N
5 2 2 0 N
5 5 1 1 N
4 19 1 0 N
4 8 2 2 N
4 5 0 1 N
19 2 1 1 N
19 4 0 0 N
19 18 2 2 N
2 13 1 0 N
2 7 0 2 N
2 10 2 1 N
13 7 2 0 N
13 4 1 2 N
13 18 0 1 N
7 14 1 2 N
7 13 2 0 N
7 18 0 1 N
14 12 1 0 N
14 5 2 2 N
14 18 0 1 N
12 11 2 0 N
12 19 0 2 N
12 7 1 1 N
11 9 1 0 N
11 4 0 1 N
11 5 2 2 N
9 17 2 0 N
9 18 1 1 N
9 16 0 2 N
17 18 1 2 N
17 14 0 0 N
17 8 2 1 N
18 17 1 0 N
18 5 0 2 N
18 5 2 1 N
