3 12 1 2 S
3 17 0 1 S
3 19 2 0 S
12 16 1 2 N
12 4 2 0 N
12 17 0 1 N
16 15 1 2 N
16 8 0 0 N
16 10 2 1 N
15 4 0 2 N
15 11 1 1 N
15 6 2 0 N
4 9 1 2 N
4 19 0 0 N
4 8 2 1 N
9 0 1 1 N
9 15 0 2 N
9 18 2 0 N
0 17 2 1 N
0 2 1 0 N
0 3 0 2 N
17 5 2 1 N
17 19 1 2 N
17 0 0 0 N
5 14 0 0 N
5 1 2 2 N
5 14 1 1 N
14 1 2 2 N
14 4 0 1 N
14 8 1 0 N
1 18 2 2 N
1 19 0 0 N
1 14 1 1 N
18 6 0 1 N
18 19 2 0 N
18 3 1 2 N
6 8 0 2 N
6 13 1 1 N
6 6 2 0 N
8 10 1 1 N
8 19 0 0 N
8 10 2 2 N
10 11 2 2 N
10 6 0 1 N
10 13 1 0 N
11 7 2 2 N
11 13 0 1 N
11 13 1 0 N
7 19 0 0 N
7 8 2 2 N
7 8 1 1 N
19 2 2 2 N
19 6 0 0 N
19 6 1 1 N
2 13 0 0 N
2 13 1 1 N
2 11 2 2 N
13 15 1 1 N
13 11 2 2 N
13 6 0 0 N
