15 0 0 1 S
15 18 2 0 S
15 15 1 2 S
0 14 1 1 N
0 7 2 0 N
0 15 0 2 N
14 16 1 1 N
14 17 2 2 N
14 9 0 0 N
16 6 0 2 N
16 3 1 1 N
16 2 2 0 N
6 12 1 0 N
6 4 2 1 N
6 3 0 2 N
12 9 0 1 N
12 4 2 2 N
12 17 1 0 N
9 17 2 1 N
9 4 0 0 N
9 0 1 2 N
17 4 2 0 N
17 8 1 2 N
17 7 0 1 N
4 18 0 0 N
4 18 1 1 N
4 16 2 2 N
18 7 0 2 N
18 8 2 1 N
18 15 1 0 N
7 19 2 1 N
7 15 0 2 N
7 2 1 0 N
19 13 0 1 N
19 10 2 0 N
19 8 1 2 N
13 11 2 2 N
13 14 1 1 N
13 15 0 0 N
11 2 1 1 N
11 0 2 0 N
11 2 0 2 N
2 8 1 2 N
2 9 0 0 N
2 15 2 1 N
8 10 0 2 N
8 11 1 0 N
8 11 2 1 N
10 3 2 1 N
10 14 1 2 N
10 11 0 0 N
3 5 0 2 N
3 16 2 1 N
3 2 1 0 N
5 1 0 1 N
5 9 2 2 N
5 2 1 0 N
1 6 0 0 N
1 3 1 1 N
1 13 2 2 N
