14 8 0 2 S
14 5 1 1 S
14 4 2 0 S
8 12 2 1 N
8 2 0 2 N
8 4 1 0 N
12 2 2 2 N
12 8 1 0 N
12 16 0 1 N
2 6 1 1 N
2 16 0 2 N
2 0 2 0 N
6 3 0 1 N
6 13 1 0 N
6 0 2 2 N
3 11 0 1 N
3 2 2 2 N
3 4 1 0 N
11 1 1 0 N
11 18 0 1 N
11 12 2 2 N
1 17 0 2 N
1 16 1 0 N
1 18 2 1 N
17 19 1 1 N
17 14 2 2 N
17 7 0 0 N
19 15 1 0 N
19 9 0 1 N
19 11 2 2 N
15 13 2 1 N
15 17 1 0 N
15 9 0 2 N
13 4 1 2 N
13 6 2 0 N
13 4 0 1 N
4 9 2 2 N
4 14 1 1 N
4 4 0 0 N
9 5 2 1 N
9 10 1 2 N
9 4 0 0 N
5 0 1 0 N
5 0 2 2 N
5 4 0 1 N
0 16 1 0 N
0 14 2 1 N
0 4 0 2 N
16 10 2 1 N
16 10 0 2 N
16 14 1 0 N
10 18 0 1 N
10 7 1 2 N
10 4 2 0 N
18 7 1 2 N
18 13 2 0 N
18 4 0 1 N
7 12 0 0 N
7 9 1 1 N
7 10 2 2 N
