16 6 2 1 S
16 6 1 0 S
16 0 0 2 S
6 17 1 0 N
6 4 2 2 N
6 10 0 1 N
17 5 1 0 N
17 0 2 2 N
17 17 0 1 N
5 4 1 1 N
5 19 0 0 N
5 16 2 2 N
4 12 0 0 N
4 7 1 2 N
4 2 2 1 N
12 0 2 2 N
12 14 0 0 N
12 19 1 1 N
0 9 1 1 N
0 12 0 2 N
0 17 2 0 N
9 8 2 0 N
9 15 1 2 N
9 10 0 1 N
8 11 1 0 N
8 19 2 2 N
8 17 0 1 N
11 1 2 0 N
11 14 0 1 N
11 17 1 2 N
1 15 1 1 N
1 10 2 0 N
1 2 0 2 N
15 7 1 2 N
15 8 2 0 N
15 16 0 1 N
7 2 2 2 N
7 18 0 0 N
7 12 1 1 N
2 10 1 1 N
2 11 0 0 N
2 17 2 2 N
10 19 0 2 N
10 14 2 0 N
10 17 1 1 N
19 18 2 1 N
19 17 1 2 N
19 2 0 0 N
18 14 2 0 N
18 6 1 2 N
18 2 0 1 N
14 13 0 2 N
14 11 1 1 N
14 0 2 0 N
13 3 1 0 N
13 7 0 1 N
13 17 2 2 N
3 2 2 0 N
3 14 0 2 N
3 2 1 1 N
