2 3 1 1 S
2 6 2 2 S
2 18 0 0 S
3 9 1 0 N
3 13 0 2 N
3 17 2 1 N
9 7 1 2 N
9 15 0 1 N
9 6 2 0 N
7 1 2 1 N
7 11 0 2 N
7 4 1 0 N
1 18 1 2 N
1 17 0 1 N
1 6 2 0 N
18 8 1 1 N
18 17 2 2 N
18 10 0 0 N
8 10 2 2 N
8 13 0 1 N
8 2 1 0 N
10 4 1 2 N
10 17 2 0 N
10 11 0 1 N
4 5 0 2 N
4 11 2 0 N
4 17 1 1 N
5 11 2 0 N
5 9 1 1 N
5 9 0 2 N
11 19 1 0 N
11 4 0 2 N
11 3 2 1 N
19 14 1 1 N
19 18 2 2 N
19 5 0 0 N
14 15 2 0 N
14 10 0 1 N
14 4 1 2 N
15 17 0 2 N
15 9 2 1 N
15 9 1 0 N
17 0 2 2 N
17 6 0 0 N
17 17 1 1 N
0 12 0 1 N
0 13 1 0 N
0 4 2 2 N
12 16 1 2 N
12 7 0 0 N
12 11 2 1 N
16 13 0 1 N
16 10 1 2 N
16 5 2 0 N
13 6 0 0 N
13 6 1 1 N
13 6 2 2 N
6 18 1 2 N
6 17 2 1 N
6 17 0 0 N
