5 19 2 0 S
5 2 0 1 S
5 19 1 2 S
19 14 0 1 N
19 4 2 2 N
19 15 1 0 N
14 11 0 0 N
14 2 2 1 N
14 2 1 2 N
11 3 1 1 N
11 0 0 2 N
11 4 2 0 N
3 18 2 0 N
3 17 0 1 N
3 10 1 2 N
18 7 2 0 N
18 0 1 1 N
18 16 0 2 N
7 12 2 1 N
7 14 1 2 N
7 13 0 0 N
12 0 2 2 N
12 2 0 0 N
12 19 1 1 N
0 8 1 1 N
0 19 0 2 N
0 19 2 0 N
8 15 2 1 N
8 9 1 2 N
8 11 0 0 N
15 17 1 2 N
15 13 0 0 N
15 2 2 1 N
17 6 2 1 N
17 14 1 0 N
17 4 0 2 N
6 4 0 1 N
6 4 2 0 N
6 2 1 2 N
4 2 0 0 N
4 7 1 1 N
4 1 2 2 N
2 1 2 0 N
2 15 1 1 N
2 2 0 2 N
1 13 0 0 N
1 0 1 1 N
1 15 2 2 N
13 16 0 2 N
13 19 2 0 N
13 15 1 1 N
16 10 1 1 N
16 19 2 2 N
16 2 0 0 N
10 9 2 1 N
10 14 0 0 N
10 16 1 2 N
9 14 0 2 N
9 8 2 0 N
9 0 1 1 N
