6 10 2 2 S
6 16 1 0 S
6 4 0 1 S
10 14 1 1 N
10 0 2 2 N
10 6 0 0 N
14 2 1 0 N
14 3 2 1 N
14 6 0 2 N
2 4 2 1 N
2 16 0 2 N
2 11 1 0 N
4 17 2 2 N
4 8 1 1 N
4 4 0 0 N
17 5 0 2 N
17 8 1 1 N
17 16 2 0 N
5 18 0 2 N
5 2 2 1 N
5 11 1 0 N
18 3 2 1 N
18 19 1 0 N
18 3 0 2 N
3 19 2 0 N
3 17 1 1 N
3 5 0 2 N
19 7 0 2 N
19 11 1 1 N
19 7 2 0 N
7 16 2 2 N
7 3 1 1 N
7 2 0 0 N
16 13 2 1 N
16 11 1 2 N
16 11 0 0 N
13 15 0 2 N
13 14 1 1 N
13 2 2 0 N
15 11 2 1 N
15 8 0 0 N
15 8 1 2 N
11 9 2 1 N
11 7 1 0 N
11 4 0 2 N
9 12 2 2 N
9 16 0 1 N
9 6 1 0 N
12 0 0 1 N
12 9 1 2 N
12 16 2 0 N
0 1 1 1 N
0 9 0 0 N
0 3 2 2 N
1 8 2 0 N
1 0 0 1 N
1 3 1 2 N
8 13 1 1 N
8 3 0 2 N
8 4 2 0 N
