13 7 1 0 S
13 16 0 1 S
13 12 2 2 S
7 11 2 1 N
7 0 0 0 N
7 16 1 2 N
11 9 0 2 N
11 16 2 1 N
11 7 1 0 N
9 17 0 2 N
9 13 2 1 N
9 2 1 0 N
17 2 1 2 N
17 2 0 1 N
17 15 2 0 N
2 15 2 2 N
2 1 0 0 N
2 15 1 1 N
15 16 1 0 N
15 3 0 2 N
15 15 2 1 N
16 0 1 1 N
16 9 2 0 N
16 15 0 2 N
0 18 2 1 N
0 1 0 0 N
0 16 1 2 N
18 5 2 0 N
18 0 0 2 N
18 10 1 1 N
5 12 0 0 N
5 1 2 1 N
5 1 1 2 N
12 1 2 1 N
12 13 1 2 N
12 15 0 0 N
1 4 1 2 N
1 19 0 0 N
1 2 2 1 N
4 6 0 1 N
4 16 1 0 N
4 13 2 2 N
6 8 1 2 N
6 17 2 0 N
6 0 0 1 N
8 3 1 1 N
8 16 2 0 N
8 1 0 2 N
3 19 2 0 N
3 12 0 2 N
3 13 1 1 N
19 10 0 1 N
19 14 2 0 N
19 15 1 2 N
10 14 2 1 N
10 7 1 2 N
10 12 0 0 N
14 9 2 1 N
14 15 1 2 N
14 2 0 0 N
