0 18 1 0 S
0 4 0 2 S
0 7 2 1 S
18 15 2 0 N
18 2 0 2 N
18 7 1 1 N
15 19 1 2 N
15 4 2 1 N
15 2 0 0 N
19 9 1 2 N
19 11 2 1 N
19 5 0 0 N
9 2 0 1 N
9 10 1 0 N
9 3 2 2 N
2 3 1 1 N
2 4 0 2 N
2 7 2 0 N
3 5 2 0 N
3 7 0 2 N
3 5 1 1 N
5 6 2 2 N
5 17 0 0 N
5 0 1 1 N
6 1 1 2 N
6 8 2 1 N
6 18 0 0 N
1 16 1 1 N
1 2 0 0 N
1 2 2 2 N
16 4 2 1 N
16 1 0 2 N
16 12 1 0 N
4 10 2 1 N
4 1 0 0 N
4 4 1 2 N
10 8 1 0 N
10 19 0 1 N
10 18 2 2 N
8 12 2 0 N
8 19 0 2 N
8 1 1 1 N
12 7 0 2 N
12 14 1 1 N
12 3 2 0 N
7 17 0 2 N
7 2 1 1 N
7 4 2 0 N
17 14 0 1 N
17 7 2 2 N
17 7 1 0 N
14 11 2 0 N
14 13 1 2 N
14 0 0 1 N
11 13 2 0 N
11 17 0 1 N
11 5 1 2 N
13 5 1 0 N
13 12 0 2 N
13 11 2 1 N
