11 8 0 0 S
11 16 2 1 S
11 2 1 2 S
8 6 1 0 N
8 10 2 2 N
8 3 0 1 N
6 17 1 1 N
6 5 0 2 N
6 2 2 0 N
17 3 2 0 N
17 9 0 1 N
17 6 1 2 N
3 0 1 1 N
3 4 2 0 N
3 12 0 2 N
0 10 2 2 N
0 16 0 0 N
0 14 1 1 N
10 9 0 2 N
10 13 2 0 N
10 2 1 1 N
9 15 1 1 N
9 5 2 2 N
9 7 0 0 N
15 2 0 1 N
15 10 2 0 N
15 12 1 2 N
2 19 2 0 N
2 14 1 1 N
2 5 0 2 N
19 16 2 2 N
19 13 1 0 N
19 0 0 1 N
16 14 0 2 N
16 5 2 1 N
16 14 1 0 N
14 7 2 2 N
14 13 1 0 N
14 12 0 1 N
7 5 2 1 N
7 0 0 0 N
7 8 1 2 N
5 4 1 1 N
5 7 0 0 N
5 5 2 2 N
4 12 1 1 N
4 6 0 2 N
4 15 2 0 N
12 1 2 1 N
12 7 0 2 N
12 6 1 0 N
1 13 2 0 N
1 3 1 1 N
1 2 0 2 N
13 18 0 1 N
13 11 1 2 N
13 2 2 0 N
18 11 0 0 N
18 5 1 1 N
18 16 2 2 N
