4 8 1 2 S
4 14 0 0 S
4 4 2 1 S
8 13 2 0 N
8 0 1 2 N
8 18 0 1 N
13 0 1 0 N
13 19 2 1 N
13 18 0 2 N
0 1 1 2 N
0 4 0 1 N
0 19 2 0 N
1 5 1 1 N
1 0 2 0 N
1 19 0 2 N
5 19 1 0 N
5 0 0 2 N
5 7 2 1 N
19 18 2 1 N
19 14 0 0 N
19 18 1 2 N
18 9 1 2 N
18 14 0 0 N
18 4 2 1 N
9 7 2 2 N
9 16 1 1 N
9 10 0 0 N
7 16 0 1 N
7 16 1 0 N
7 19 2 2 N
16 14 2 2 N
16 15 1 1 N
16 11 0 0 N
14 12 2 0 N
14 4 1 2 N
14 4 0 1 N
12 17 2 0 N
12 4 0 1 N
12 19 1 2 N
17 2 1 0 N
17 18 2 1 N
17 10 0 2 N
2 11 0 0 N
2 18 1 2 N
2 4 2 1 N
11 6 0 0 N
11 10 2 1 N
11 8 1 2 N
6 10 0 0 N
6 1 2 1 N
6 15 1 2 N
10 3 2 2 N
10 2 1 0 N
10 15 0 1 N
3 15 2 1 N
3 14 0 2 N
3 19 1 0 N
15 19 0 2 N
15 8 1 1 N
15 8 2 0 N
