10 11 0 1 S
10 4 1 2 S
10 1 2 0 S
11 18 0 2 N
11 4 1 1 N
11 1 2 0 N
18 6 0 0 N
18 12 2 2 N
18 1 1 1 N
6 8 2 0 N
6 18 0 1 N
6 13 1 2 N
8 3 2 2 N
8 10 1 1 N
8 3 0 0 N
3 7 2 1 N
3 13 1 2 N
3 1 0 0 N
7 14 1 0 N
7 0 0 1 N
7 1 2 2 N
14 19 2 1 N
14 4 0 2 N
14 11 1 0 N
19 13 1 1 N
19 1 0 0 N
19 1 2 2 N
13 17 1 1 N
13 1 0 2 N
13 4 2 0 N
17 2 2 0 N
17 0 1 1 N
17 6 0 2 N
2 1 2 1 N
2 11 0 2 N
2 4 1 0 N
1 9 1 1 N
1 4 2 0 N
1 4 0 2 N
9 12 2 2 N
9 16 1 0 N
9 13 0 1 N
12 5 2 0 N
12 6 0 1 N
12 2 1 2 N
5 15 0 1 N
5 4 2 0 N
5 8 1 2 N
15 16 1 1 N
15 4 2 2 N
15 0 0 0 N
16 0 2 1 N
16 13 0 0 N
16 12 1 2 N
0 4 2 1 N
0 18 1 0 N
0 13 0 2 N
4 1 2 2 N
4 1 1 0 N
4 4 0 1 N
