3 11 0 2 S
3 11 2 1 S
3 9 1 0 S
11 6 2 0 N
11 0 0 2 N
11 17 1 1 N
6 19 0 0 N
6 8 2 1 N
6 19 1 2 N
19 10 0 2 N
19 15 2 0 N
19 1 1 1 N
10 1 1 1 N
10 9 0 0 N
10 16 2 2 N
1 9 0 2 N
1 12 2 0 N
1 8 1 1 N
9 7 1 2 N
9 18 2 1 N
9 1 0 0 N
7 15 2 2 N
7 10 1 1 N
7 6 0 0 N
15 12 2 1 N
15 14 1 2 N
15 12 0 0 N
12 17 0 1 N
12 9 1 2 N
12 1 2 0 N
17 13 2 2 N
17 9 1 0 N
17 1 0 1 N
13 2 1 1 N
13 4 2 2 N
13 9 0 0 N
2 16 1 1 N
2 8 2 0 N
2 12 0 2 N
16 18 1 2 N
16 15 2 0 N
16 4 0 1 N
18 0 1 1 N
18 8 0 2 N
18 9 2 0 N
0 8 1 0 N
0 8 0 2 N
0 2 2 1 N
8 5 0 2 N
8 8 1 0 N
8 8 2 1 N
5 4 1 2 N
5 8 0 0 N
5 12 2 1 N
4 14 2 1 N
4 18 1 2 N
4 19 0 0 N
14 15 0 2 N
14 5 2 0 N
14 16 1 1 N
