0 10 0 2 S
0 10 2 0 S
0 15 1 1 S
10 9 0 2 N
10 0 1 0 N
10 0 2 1 N
9 11 2 0 N
9 14 1 1 N
9 18 0 2 N
11 3 1 0 N
11 3 0 2 N
11 15 2 1 N
3 17 0 2 N
3 7 1 0 N
3 4 2 1 N
17 16 1 2 N
17 15 2 0 N
17 5 0 1 N
16 1 0 1 N
16 14 2 2 N
16 15 1 0 N
1 8 0 1 N
1 7 2 2 N
1 19 1 0 N
8 15 0 2 N
8 18 2 1 N
8 12 1 0 N
15 7 2 0 N
15 12 1 2 N
15 14 0 1 N
7 18 2 2 N
7 15 1 0 N
7 17 0 1 N
18 12 2 2 N
18 7 1 0 N
18 12 0 1 N
12 19 0 2 N
12 10 1 0 N
12 15 2 1 N
19 4 1 0 N
19 0 2 2 N
19 13 0 1 N
4 13 1 0 N
4 12 0 2 N
4 19 2 1 N
13 2 1 0 N
13 19 2 2 N
13 15 0 1 N
2 5 0 2 N
2 16 1 1 N
2 4 2 0 N
5 14 2 2 N
5 14 0 1 N
5 12 1 0 N
14 6 0 2 N
14 19 2 0 N
14 14 1 1 N
6 14 1 0 N
6 11 2 1 N
6 11 0 2 N
