0 5 2 1 S
0 12 1 0 S
0 0 0 2 S
5 19 2 0 N
5 15 1 1 N
5 8 0 2 N
19 8 1 0 N
19 12 0 2 N
19 1 2 1 N
8 6 2 1 N
8 16 1 2 N
8 0 0 0 N
6 1 1 1 N
6 4 0 0 N
6 1 2 2 N
1 14 0 1 N
1 0 2 2 N
1 8 1 0 N
14 10 2 1 N
14 1 1 2 N
14 12 0 0 N
10 3 0 2 N
10 19 2 0 N
10 14 1 1 N
3 17 1 0 N
3 4 0 1 N
3 9 2 2 N
17 15 1 1 N
17 8 2 0 N
17 15 0 2 N
15 18 2 2 N
15 1 0 0 N
15 0 1 1 N
18 16 2 1 N
18 5 1 2 N
18 12 0 0 N
16 9 1 2 N
16 12 0 1 N
16 4 2 0 N
9 11 2 2 N
9 12 0 1 N
9 8 1 0 N
11 13 1 1 N
11 16 2 2 N
11 0 0 0 N
13 4 0 0 N
13 18 2 2 N
13 18 1 1 N
4 2 0 1 N
4 12 2 0 N
4 0 1 2 N
2 7 1 1 N
2 5 0 2 N
2 17 2 0 N
7 12 2 0 N
7 9 1 2 N
7 15 0 1 N
12 6 1 0 N
12 0 2 1 N
12 0 0 2 N
