1 18 1 2 S
1 14 0 1 S
1 5 2 0 S
18 5 2 2 N
18 2 1 1 N
18 10 0 0 N
5 8 1 0 N
5 3 0 2 N
5 16 2 1 N
8 19 0 0 N
8 4 1 1 N
8 13 2 2 N
19 12 1 1 N
19 10 0 0 N
19 16 2 2 N
12 14 0 2 N
12 15 1 0 N
12 1 2 1 N
14 17 1 0 N
14 17 0 2 N
14 11 2 1 N
17 10 1 1 N
17 6 0 2 N
17 15 2 0 N
10 6 2 2 N
10 1 1 1 N
10 5 0 0 N
6 0 1 2 N
6 16 2 1 N
6 6 0 0 N
0 15 2 1 N
0 4 0 2 N
0 16 1 0 N
15 2 0 1 N
15 19 2 0 N
15 16 1 2 N
2 9 2 2 N
2 1 1 0 N
2 6 0 1 N
9 3 2 2 N
9 15 0 0 N
9 10 1 1 N
3 13 0 2 N
3 7 2 1 N
3 14 1 0 N
13 11 1 0 N
13 7 0 1 N
13 1 2 2 N
11 4 2 2 N
11 16 0 1 N
11 16 1 0 N
4 7 1 0 N
4 0 0 1 N
4 0 2 2 N
7 16 2 2 N
7 11 1 0 N
7 1 0 1 N
16 6 0 1 N
16 11 2 2 N
16 6 1 0 N
