14 10 0 0 S
14 10 2 2 S
14 15 1 1 S
10 19 0 0 N
10 13 2 2 N
10 5 1 1 N
19 18 1 0 N
19 8 2 1 N
19 0 0 2 N
18 3 2 0 N
18 2 0 1 N
18 2 1 2 N
3 13 0 0 N
3 0 1 1 N
3 9 2 2 N
13 4 2 2 N
13 10 1 1 N
13 6 0 0 N
4 7 1 1 N
4 5 2 2 N
4 19 0 0 N
7 12 0 1 N
7 19 1 2 N
7 7 2 0 N
12 11 0 2 N
12 1 1 1 N
12 2 2 0 N
11 0 0 0 N
11 17 2 2 N
11 1 1 1 N
0 16 1 1 N
0 16 2 2 N
0 16 0 0 N
16 15 2 2 N
16 9 0 0 N
16 7 1 1 N
15 17 0 1 N
15 4 1 0 N
15 19 2 2 N
17 5 0 1 N
17 7 2 2 N
17 3 1 0 N
5 9 2 0 N
5 2 0 1 N
5 3 1 2 N
9 6 2 1 N
9 13 0 2 N
9 7 1 0 N
6 1 2 2 N
6 16 1 0 N
6 19 0 1 N
1 2 0 2 N
1 9 2 0 N
1 19 1 1 N
2 8 0 0 N
2 7 2 2 N
2 1 1 1 N
8 18 2 2 N
8 19 0 0 N
8 5 1 1 N
