16 2 2 1 S
16 11 1 2 S
16 9 0 0 S
2 21 0 1 N
2 0 2 2 N
2 36 1 0 N
21 3 2 2 N
21 24 1 0 N
21 42 0 1 N
3 28 0 1 N
3 13 1 0 N
3 30 2 2 N
28 12 2 2 N
28 16 1 0 N
28 21 0 1 N
12 39 2 0 N
12 21 0 1 N
12 42 1 2 N
39 19 2 2 N
39 6 0 0 N
39 22 1 1 N
19 11 1 2 N
19 21 2 0 N
19 12 0 1 N
11 42 2 2 N
11 42 0 0 N
11 13 1 1 N
42 20 1 2 N
42 31 2 1 N
42 0 0 0 N
20 36 0 1 N
20 32 1 2 N
20 0 2 0 N
36 35 2 2 N
36 9 1 1 N
36 36 0 0 N
35 38 1 1 N
35 2 0 0 N
35 34 2 2 N
38 15 0 1 N
38 37 1 0 N
38 30 2 2 N
15 10 2 1 N
15 3 0 0 N
15 30 1 2 N
10 0 1 0 N
10 33 0 2 N
10 24 2 1 N
0 33 1 1 N
0 21 2 0 N
0 9 0 2 N
33 23 0 0 N
33 21 1 2 N
33 13 2 1 N
23 40 0 0 N
23 42 2 1 N
23 41 1 2 N
40 25 1 0 N
40 24 2 1 N
40 0 0 2 N
25 13 0 1 N
25 7 1 2 N
25 5 2 0 N
13 6 0 0 N
13 12 1 1 N
13 38 2 2 N
6 18 0 0 N
6 9 1 2 N
6 36 2 1 N
18 24 1 0 N
18 12 0 2 N
18 36 2 1 N
24 8 0 1 N
24 36 1 0 N
24 9 2 2 N
8 9 2 1 N
8 29 1 0 N
8 33 0 2 N
9 14 1 2 N
9 36 2 1 N
9 36 0 0 N
14 41 2 2 N
14 8 1 1 N
14 21 0 0 N
41 4 2 2 N
41 5 0 0 N
41 8 1 1 N
4 37 1 1 N
4 0 0 2 N
4 36 2 0 N
37 34 2 2 N
37 30 0 0 N
37 38 1 1 N
34 31 2 0 N
34 15 0 1 N
34 1 1 2 N
31 1 0 1 N
31 38 1 0 N
31 9 2 2 N
1 32 1 1 N
1 0 0 0 N
1 37 2 2 N
32 22 2 1 N
32 7 1 0 N
32 38 0 2 N
22 26 2 1 N
22 37 0 0 N
22 42 1 2 N
26 17 2 2 N
26 7 0 0 N
26 37 1 1 N
17 5 0 0 N
17 12 2 2 N
17 38 1 1 N
5 30 0 0 N
5 4 1 2 N
5 8 2 1 N
30 29 2 0 N
30 34 1 2 N
30 9 0 1 N
29 27 0 1 N
29 3 1 2 N
29 30 2 0 N
27 7 0 2 N
27 35 1 1 N
27 26 2 0 N
7 31 2 2 N
7 42 1 1 N
7 21 0 0 N
