1 10 2 2 S
1 23 1 0 S
1 11 0 1 S
10 33 2 2 N
10 5 0 0 N
10 42 1 1 N
33 23 1 2 N
33 41 0 0 N
33 3 2 1 N
23 18 1 0 N
23 7 2 2 N
23 38 0 1 N
18 20 2 1 N
18 21 0 2 N
18 0 1 0 N
20 37 1 2 N
20 3 2 1 N
20 8 0 0 N
37 5 1 2 N
37 5 2 0 N
37 38 0 1 N
5 40 0 0 N
5 33 1 2 N
5 20 2 1 N
40 13 1 1 N
40 28 2 2 N
40 42 0 0 N
13 38 2 2 N
13 5 1 1 N
13 20 0 0 N
38 22 2 0 N
38 24 0 1 N
38 38 1 2 N
22 24 1 0 N
22 13 0 2 N
22 17 2 1 N
24 41 1 2 N
24 19 2 0 N
24 38 0 1 N
41 30 0 2 N
41 11 1 0 N
41 10 2 1 N
30 21 0 0 N
30 39 1 2 N
30 38 2 1 N
21 11 1 0 N
21 39 0 2 N
21 24 2 1 N
11 0 1 1 N
11 20 2 2 N
11 26 0 0 N
0 6 0 0 N
0 35 2 2 N
0 21 1 1 N
6 15 0 0 N
6 41 1 2 N
6 23 2 1 N
15 25 0 2 N
15 22 2 0 N
15 41 1 1 N
25 26 1 1 N
25 17 2 0 N
25 32 0 2 N
26 19 2 2 N
26 3 1 0 N
26 38 0 1 N
19 3 1 2 N
19 11 2 1 N
19 15 0 0 N
3 8 0 2 N
3 30 1 1 N
3 20 2 0 N
8 27 1 1 N
8 11 0 0 N
8 26 2 2 N
27 2 0 0 N
27 23 2 1 N
27 1 1 2 N
2 12 1 0 N
2 17 0 1 N
2 1 2 2 N
12 16 0 0 N
12 37 1 1 N
12 35 2 2 N
16 35 2 2 N
16 24 0 1 N
16 24 1 0 N
35 29 0 1 N
35 7 1 0 N
35 38 2 2 N
29 14 0 0 N
29 40 1 1 N
29 34 2 2 N
14 7 1 0 N
14 1 0 2 N
14 41 2 1 N
7 32 2 1 N
7 38 0 0 N
7 8 1 2 N
32 39 0 0 N
32 30 2 1 N
32 42 1 2 N
39 31 2 2 N
39 10 1 0 N
39 7 0 1 N
31 17 2 1 N
31 14 1 2 N
31 17 0 0 N
17 4 0 2 N
17 13 1 0 N
17 38 2 1 N
4 42 0 2 N
4 10 1 1 N
4 42 2 0 N
42 36 2 1 N
42 11 0 0 N
42 11 1 2 N
36 9 1 0 N
36 35 0 2 N
36 28 2 1 N
9 28 1 2 N
9 27 2 1 N
9 24 0 0 N
28 34 0 2 N
28 0 2 1 N
28 5 1 0 N
34 12 0 2 N
34 42 2 1 N
34 40 1 0 N
