39 3 1 2 S
39 32 2 1 S
39 6 0 0 S
3 10 1 1 N
3 25 2 0 N
3 7 0 2 N
10 15 0 2 N
10 22 2 1 N
10 17 1 0 N
15 31 1 2 N
15 17 0 1 N
15 27 2 0 N
31 1 1 0 N
31 10 0 2 N
31 38 2 1 N
1 32 0 0 N
1 9 2 2 N
1 37 1 1 N
32 37 2 1 N
32 36 0 0 N
32 36 1 2 N
37 26 2 0 N
37 14 0 2 N
37 4 1 1 N
26 19 0 1 N
26 38 2 2 N
26 39 1 0 N
19 24 0 1 N
19 17 1 2 N
19 18 2 0 N
24 14 2 2 N
24 38 0 1 N
24 13 1 0 N
14 36 1 2 N
14 15 2 0 N
14 15 0 1 N
36 28 0 0 N
36 15 1 1 N
36 22 2 2 N
28 6 0 1 N
28 4 2 0 N
28 20 1 2 N
6 25 1 1 N
6 13 2 2 N
6 20 0 0 N
25 2 0 2 N
25 10 1 0 N
25 10 2 1 N
2 30 0 0 N
2 34 2 2 N
2 21 1 1 N
30 35 0 1 N
30 42 1 2 N
30 38 2 0 N
35 4 0 2 N
35 6 2 0 N
35 28 1 1 N
4 7 1 0 N
4 3 2 2 N
4 7 0 1 N
7 22 1 0 N
7 36 2 1 N
7 6 0 2 N
22 12 1 1 N
22 40 2 2 N
22 27 0 0 N
12 34 1 1 N
12 8 0 0 N
12 24 2 2 N
34 11 1 2 N
34 36 2 0 N
34 27 0 1 N
11 0 2 1 N
11 38 0 0 N
11 33 1 2 N
0 16 0 0 N
0 19 2 2 N
0 1 1 1 N
16 13 2 2 N
16 28 1 1 N
16 14 0 0 N
13 17 1 1 N
13 20 0 0 N
13 13 2 2 N
17 23 2 1 N
17 13 0 2 N
17 27 1 0 N
23 33 1 0 N
23 6 0 1 N
23 7 2 2 N
33 42 1 1 N
33 35 0 2 N
33 32 2 0 N
42 8 2 2 N
42 31 1 0 N
42 40 0 1 N
8 9 2 1 N
8 19 1 0 N
8 13 0 2 N
9 41 0 1 N
9 5 1 0 N
9 20 2 2 N
41 40 2 0 N
41 28 0 1 N
41 36 1 2 N
40 5 0 2 N
40 39 1 0 N
40 22 2 1 N
5 27 1 1 N
5 1 2 0 N
5 33 0 2 N
27 18 2 1 N
27 13 0 0 N
27 13 1 2 N
18 29 0 0 N
18 21 1 2 N
18 6 2 1 N
29 20 0 0 N
29 39 2 2 N
29 16 1 1 N
20 21 0 2 N
20 15 2 1 N
20 27 1 0 N
21 38 0 0 N
21 37 2 1 N
21 17 1 2 N
38 27 2 0 N
38 20 0 1 N
38 13 1 2 N
