15 33 2 2 S
15 34 0 1 S
15 42 1 0 S
33 24 2 1 N
33 23 0 2 N
33 40 1 0 N
24 14 2 2 N
24 34 0 1 N
24 5 1 0 N
14 25 2 2 N
14 41 1 0 N
14 37 0 1 N
25 23 0 2 N
25 19 2 1 N
25 40 1 0 N
23 38 2 0 N
23 9 1 1 N
23 8 0 2 N
38 22 0 0 N
38 34 2 1 N
38 16 1 2 N
22 8 1 1 N
22 13 2 0 N
22 18 0 2 N
8 4 1 2 N
8 6 2 0 N
8 3 0 1 N
4 12 2 1 N
4 38 0 0 N
4 12 1 2 N
12 20 2 1 N
12 11 0 0 N
12 2 1 2 N
20 32 0 0 N
20 25 1 2 N
20 2 2 1 N
32 16 2 2 N
32 26 0 0 N
32 25 1 1 N
16 6 2 0 N
16 2 0 2 N
16 3 1 1 N
6 29 0 2 N
6 31 2 1 N
6 16 1 0 N
29 42 2 1 N
29 2 0 2 N
29 9 1 0 N
42 9 0 1 N
42 41 1 0 N
42 20 2 2 N
9 35 1 1 N
9 2 0 0 N
9 16 2 2 N
35 36 1 1 N
35 6 2 2 N
35 9 0 0 N
36 3 0 0 N
36 27 2 2 N
36 19 1 1 N
3 34 2 2 N
3 16 0 0 N
3 3 1 1 N
34 5 1 1 N
34 16 2 0 N
34 12 0 2 N
5 19 2 2 N
5 38 1 1 N
5 12 0 0 N
19 1 1 0 N
19 4 2 2 N
19 2 0 1 N
1 13 0 0 N
1 0 1 2 N
1 12 2 1 N
13 18 0 0 N
13 24 1 1 N
13 19 2 2 N
18 28 1 0 N
18 15 0 2 N
18 36 2 1 N
28 11 2 2 N
28 40 1 0 N
28 9 0 1 N
11 7 0 0 N
11 19 2 1 N
11 16 1 2 N
7 10 1 0 N
7 5 0 1 N
7 31 2 2 N
10 31 2 2 N
10 28 0 0 N
10 35 1 1 N
31 26 0 1 N
31 28 2 0 N
31 11 1 2 N
26 27 2 1 N
26 8 1 0 N
26 40 0 2 N
27 21 1 0 N
27 30 2 2 N
27 31 0 1 N
21 2 2 2 N
21 19 1 1 N
21 37 0 0 N
2 39 0 0 N
2 9 1 1 N
2 9 2 2 N
39 17 0 0 N
39 11 2 1 N
39 24 1 2 N
17 30 2 1 N
17 23 1 0 N
17 14 0 2 N
30 41 2 1 N
30 7 1 0 N
30 29 0 2 N
41 37 0 2 N
41 40 2 1 N
41 40 1 0 N
37 0 0 1 N
37 1 1 2 N
37 10 2 0 N
0 40 0 1 N
0 27 1 0 N
0 9 2 2 N
40 3 0 2 N
40 3 2 0 N
40 3 1 1 N
