38 8 2 1 S
38 24 1 2 S
38 3 0 0 S
8 34 1 2 N
8 22 2 0 N
8 14 0 1 N
34 4 0 2 N
34 39 2 0 N
34 0 1 1 N
4 22 1 0 N
4 17 0 2 N
4 38 2 1 N
22 35 2 1 N
22 23 0 2 N
22 29 1 0 N
35 5 1 2 N
35 12 2 0 N
35 10 0 1 N
5 30 0 0 N
5 33 1 1 N
5 26 2 2 N
30 12 2 0 N
30 26 0 2 N
30 9 1 1 N
12 2 0 2 N
12 29 1 1 N
12 15 2 0 N
2 7 2 2 N
2 29 1 1 N
2 31 0 0 N
7 28 1 1 N
7 17 0 0 N
7 21 2 2 N
28 41 0 0 N
28 23 1 2 N
28 29 2 1 N
41 1 2 0 N
41 2 0 1 N
41 40 1 2 N
1 9 2 2 N
1 18 0 0 N
1 2 1 1 N
9 42 2 1 N
9 17 0 2 N
9 14 1 0 N
42 11 2 2 N
42 5 0 1 N
42 17 1 0 N
11 18 0 0 N
11 42 2 2 N
11 3 1 1 N
18 23 2 2 N
18 8 0 0 N
18 9 1 1 N
23 31 2 2 N
23 0 0 0 N
23 32 1 1 N
31 19 0 1 N
31 9 1 0 N
31 15 2 2 N
19 13 0 1 N
19 40 1 0 N
19 24 2 2 N
13 40 0 2 N
13 12 1 0 N
13 10 2 1 N
40 24 2 1 N
40 27 0 0 N
40 12 1 2 N
24 32 0 2 N
24 31 2 1 N
24 2 1 0 N
32 29 2 0 N
32 2 1 2 N
32 15 0 1 N
29 15 0 1 N
29 15 1 0 N
29 29 2 2 N
15 21 1 0 N
15 29 0 2 N
15 29 2 1 N
21 10 0 2 N
21 13 2 1 N
21 17 1 0 N
10 14 2 1 N
10 2 0 0 N
10 14 1 2 N
14 0 0 0 N
14 31 1 2 N
14 15 2 1 N
0 26 1 0 N
0 12 0 1 N
0 29 2 2 N
26 27 2 2 N
26 3 0 1 N
26 12 1 0 N
27 17 0 2 N
27 31 2 1 N
27 29 1 0 N
17 37 0 2 N
17 35 1 1 N
17 12 2 0 N
37 33 1 1 N
37 24 0 2 N
37 11 2 0 N
33 39 1 0 N
33 17 2 1 N
33 8 0 2 N
39 25 0 0 N
39 27 1 1 N
39 36 2 2 N
25 6 0 2 N
25 32 1 1 N
25 9 2 0 N
6 20 2 0 N
6 1 1 2 N
6 25 0 1 N
20 16 2 1 N
20 8 1 2 N
20 6 0 0 N
16 36 1 2 N
16 10 2 1 N
16 18 0 0 N
36 3 2 1 N
36 35 1 0 N
36 6 0 2 N
3 15 1 0 N
3 22 2 1 N
3 15 0 2 N
