28 42 2 0 S
28 13 0 1 S
28 9 1 2 S
42 13 0 2 N
42 1 1 0 N
42 9 2 1 N
13 35 1 1 N
13 30 2 0 N
13 0 0 2 N
35 6 1 0 N
35 9 0 2 N
35 29 2 1 N
6 15 1 1 N
6 22 2 2 N
6 37 0 0 N
15 40 1 2 N
15 7 2 0 N
15 23 0 1 N
40 16 2 0 N
40 32 0 1 N
40 33 1 2 N
16 36 0 2 N
16 39 1 1 N
16 7 2 0 N
36 8 2 2 N
36 38 0 1 N
36 18 1 0 N
8 31 2 2 N
8 32 1 1 N
8 14 0 0 N
31 2 1 0 N
31 24 0 1 N
31 30 2 2 N
2 11 2 1 N
2 1 0 2 N
2 1 1 0 N
11 21 0 0 N
11 0 1 2 N
11 19 2 1 N
21 3 1 2 N
21 12 0 1 N
21 11 2 0 N
3 33 1 0 N
3 14 0 1 N
3 18 2 2 N
33 39 1 1 N
33 23 2 2 N
33 32 0 0 N
39 20 0 1 N
39 15 2 0 N
39 30 1 2 N
20 26 2 0 N
20 39 1 1 N
20 0 0 2 N
26 5 0 0 N
26 7 2 2 N
26 2 1 1 N
5 1 0 0 N
5 19 2 2 N
5 19 1 1 N
1 4 1 0 N
1 39 0 1 N
1 19 2 2 N
4 0 2 2 N
4 9 1 0 N
4 1 0 1 N
0 24 0 0 N
0 26 1 2 N
0 30 2 1 N
24 9 0 1 N
24 2 1 0 N
24 5 2 2 N
9 27 0 2 N
9 15 2 1 N
9 5 1 0 N
27 41 0 2 N
27 26 2 1 N
27 20 1 0 N
41 38 2 2 N
41 2 1 1 N
41 6 0 0 N
38 32 1 0 N
38 1 2 2 N
38 19 0 1 N
32 14 1 2 N
32 8 2 1 N
32 37 0 0 N
14 34 2 2 N
14 4 1 0 N
14 30 0 1 N
34 25 2 2 N
34 28 1 1 N
34 5 0 0 N
25 17 1 2 N
25 32 2 1 N
25 20 0 0 N
17 19 0 1 N
17 25 1 2 N
17 33 2 0 N
19 12 1 0 N
19 30 0 2 N
19 30 2 1 N
12 7 1 2 N
12 2 2 1 N
12 30 0 0 N
7 23 1 2 N
7 31 0 0 N
7 1 2 1 N
23 22 1 2 N
23 5 2 1 N
23 12 0 0 N
22 37 0 2 N
22 31 2 1 N
22 2 1 0 N
37 10 2 0 N
37 23 1 1 N
37 19 0 2 N
10 18 0 0 N
10 22 2 2 N
10 23 1 1 N
18 29 2 2 N
18 4 0 1 N
18 2 1 0 N
29 30 0 1 N
29 12 2 0 N
29 6 1 2 N
30 41 1 2 N
30 19 0 1 N
30 30 2 0 N
