12 32 2 2 S
12 21 1 0 S
12 11 0 1 S
32 18 0 1 N
32 31 1 0 N
32 11 2 2 N
18 27 0 2 N
18 28 1 0 N
18 7 2 1 N
27 24 1 0 N
27 28 0 2 N
27 28 2 1 N
24 21 1 2 N
24 34 0 1 N
24 22 2 0 N
21 23 0 1 N
21 26 2 0 N
21 1 1 2 N
23 0 2 1 N
23 26 0 2 N
23 37 1 0 N
0 38 2 0 N
0 39 0 2 N
0 3 1 1 N
38 2 1 2 N
38 13 2 0 N
38 14 0 1 N
2 26 2 0 N
2 6 0 2 N
2 14 1 1 N
26 37 1 0 N
26 34 2 1 N
26 6 0 2 N
37 28 1 1 N
37 24 0 0 N
37 7 2 2 N
28 40 0 0 N
28 7 2 2 N
28 28 1 1 N
40 4 2 1 N
40 24 0 2 N
40 22 1 0 N
4 7 0 2 N
4 14 2 0 N
4 24 1 1 N
7 8 0 2 N
7 25 2 0 N
7 28 1 1 N
8 20 2 1 N
8 33 0 2 N
8 41 1 0 N
20 13 2 0 N
20 6 0 2 N
20 27 1 1 N
13 36 0 1 N
13 24 1 2 N
13 3 2 0 N
36 16 2 1 N
36 1 0 2 N
36 27 1 0 N
16 15 2 2 N
16 41 1 1 N
16 42 0 0 N
15 41 2 1 N
15 13 0 0 N
15 25 1 2 N
41 3 2 1 N
41 38 1 0 N
41 3 0 2 N
3 39 1 0 N
3 36 0 2 N
3 36 2 1 N
39 31 0 2 N
39 32 1 1 N
39 37 2 0 N
31 33 1 2 N
31 33 2 1 N
31 11 0 0 N
33 17 1 1 N
33 38 0 0 N
33 3 2 2 N
17 6 0 1 N
17 0 2 2 N
17 10 1 0 N
6 42 2 2 N
6 14 1 0 N
6 18 0 1 N
42 19 2 1 N
42 3 0 0 N
42 2 1 2 N
19 9 1 0 N
19 3 0 2 N
19 28 2 1 N
9 30 1 0 N
9 29 0 2 N
9 22 2 1 N
30 1 2 2 N
30 2 1 0 N
30 14 0 1 N
1 11 1 0 N
1 14 0 2 N
1 7 2 1 N
11 10 1 0 N
11 36 0 1 N
11 27 2 2 N
10 22 1 1 N
10 3 2 0 N
10 14 0 2 N
22 14 0 0 N
22 14 1 2 N
22 27 2 1 N
14 25 2 1 N
14 7 1 0 N
14 27 0 2 N
25 29 2 0 N
25 19 1 1 N
25 10 0 2 N
29 5 0 1 N
29 2 2 2 N
29 22 1 0 N
5 34 2 1 N
5 15 0 2 N
5 4 1 0 N
34 35 0 1 N
34 15 1 2 N
34 14 2 0 N
35 24 0 2 N
35 33 2 0 N
35 4 1 1 N
