14 41 1 1 S
14 25 2 2 S
14 41 0 0 S
41 32 0 1 N
41 25 1 2 N
41 3 2 0 N
32 35 1 1 N
32 20 0 0 N
32 3 2 2 N
35 22 0 2 N
35 37 1 1 N
35 24 2 0 N
22 20 2 2 N
22 28 0 0 N
22 26 1 1 N
20 36 0 2 N
20 8 2 1 N
20 34 1 0 N
36 25 2 2 N
36 42 0 0 N
36 26 1 1 N
25 17 0 2 N
25 6 2 1 N
25 28 1 0 N
17 15 1 1 N
17 0 2 2 N
17 2 0 0 N
15 40 1 0 N
15 38 0 1 N
15 31 2 2 N
40 27 0 0 N
40 26 1 2 N
40 34 2 1 N
27 12 2 0 N
27 32 1 2 N
27 40 0 1 N
12 10 1 2 N
12 31 0 1 N
12 16 2 0 N
10 23 2 0 N
10 4 1 2 N
10 11 0 1 N
23 34 0 0 N
23 13 2 1 N
23 18 1 2 N
34 30 2 1 N
34 29 0 0 N
34 0 1 2 N
30 4 2 1 N
30 9 1 0 N
30 2 0 2 N
4 26 2 0 N
4 28 0 1 N
4 9 1 2 N
26 21 2 0 N
26 19 1 2 N
26 9 0 1 N
21 39 2 2 N
21 42 1 0 N
21 24 0 1 N
39 31 0 1 N
39 15 2 2 N
39 32 1 0 N
31 3 0 2 N
31 5 1 0 N
31 4 2 1 N
3 19 0 1 N
3 12 1 2 N
3 2 2 0 N
19 5 0 1 N
19 2 1 0 N
19 6 2 2 N
5 18 2 2 N
5 9 0 1 N
5 24 1 0 N
18 16 0 2 N
18 12 1 0 N
18 0 2 1 N
16 42 1 0 N
16 6 2 1 N
16 4 0 2 N
42 1 1 1 N
42 13 2 0 N
42 42 0 2 N
1 11 2 0 N
1 24 1 1 N
1 42 0 2 N
11 29 2 0 N
11 39 0 1 N
11 7 1 2 N
29 6 2 2 N
29 40 0 1 N
29 38 1 0 N
6 2 0 1 N
6 13 1 0 N
6 28 2 2 N
2 9 0 0 N
2 13 2 2 N
2 42 1 1 N
9 33 1 1 N
9 6 2 2 N
9 42 0 0 N
33 7 1 2 N
33 6 0 0 N
33 13 2 1 N
7 28 0 1 N
7 14 1 0 N
7 32 2 2 N
28 8 0 1 N
28 26 1 2 N
28 42 2 0 N
8 37 1 0 N
8 3 2 2 N
8 7 0 1 N
37 38 2 1 N
37 28 1 0 N
37 13 0 2 N
38 0 0 0 N
38 17 2 2 N
38 9 1 1 N
0 13 0 2 N
0 6 2 0 N
0 3 1 1 N
13 24 1 1 N
13 24 0 2 N
13 42 2 0 N
24 7 2 1 N
24 34 1 2 N
24 28 0 0 N
