18 10 1 0 S
18 0 0 1 S
18 19 2 2 S
10 7 1 1 N
10 19 0 0 N
10 10 2 2 N
7 38 1 2 N
7 23 0 1 N
7 23 2 0 N
38 20 0 1 N
38 41 2 2 N
38 32 1 0 N
20 21 0 2 N
20 22 2 0 N
20 42 1 1 N
21 9 2 2 N
21 24 0 0 N
21 20 1 1 N
9 0 0 1 N
9 18 2 2 N
9 19 1 0 N
0 33 2 0 N
0 33 1 2 N
0 34 0 1 N
33 12 2 2 N
33 10 0 1 N
33 1 1 0 N
12 25 2 1 N
12 13 0 2 N
12 42 1 0 N
25 19 0 1 N
25 12 1 0 N
25 12 2 2 N
19 15 2 1 N
19 12 0 0 N
19 25 1 2 N
15 2 0 1 N
15 33 2 0 N
15 9 1 2 N
2 4 0 2 N
2 37 1 0 N
2 11 2 1 N
4 36 2 1 N
4 16 0 0 N
4 6 1 2 N
36 32 2 0 N
36 10 0 2 N
36 13 1 1 N
32 11 0 0 N
32 25 1 1 N
32 25 2 2 N
11 30 0 1 N
11 17 1 2 N
11 25 2 0 N
30 28 1 1 N
30 3 2 2 N
30 20 0 0 N
28 35 0 0 N
28 13 1 2 N
28 1 2 1 N
35 13 2 2 N
35 8 1 1 N
35 32 0 0 N
13 31 0 0 N
13 36 1 2 N
13 10 2 1 N
31 22 0 1 N
31 12 1 0 N
31 41 2 2 N
22 42 1 2 N
22 32 2 0 N
22 27 0 1 N
42 37 0 2 N
42 10 2 0 N
42 36 1 1 N
37 40 2 2 N
37 9 0 1 N
37 1 1 0 N
40 34 1 2 N
40 34 2 1 N
40 29 0 0 N
34 17 2 2 N
34 21 1 1 N
34 24 0 0 N
17 1 2 1 N
17 6 1 2 N
17 28 0 0 N
1 23 0 1 N
1 6 1 0 N
1 10 2 2 N
23 24 0 0 N
23 28 1 1 N
23 20 2 2 N
24 26 1 1 N
24 22 2 2 N
24 13 0 0 N
26 16 1 1 N
26 3 0 0 N
26 29 2 2 N
16 6 1 1 N
16 25 2 2 N
16 22 0 0 N
6 3 0 1 N
6 3 1 2 N
6 25 2 0 N
3 27 2 2 N
3 9 0 0 N
3 27 1 1 N
27 8 0 2 N
27 10 2 1 N
27 25 1 0 N
8 14 0 2 N
8 12 2 0 N
8 23 1 1 N
14 5 0 0 N
14 8 2 2 N
14 4 1 1 N
5 29 2 2 N
5 13 1 0 N
5 9 0 1 N
29 39 0 2 N
29 38 2 1 N
29 18 1 0 N
39 41 0 0 N
39 1 2 1 N
39 18 1 2 N
41 6 0 1 N
41 35 2 2 N
41 38 1 0 N
