15 10 2 1 S
15 16 0 2 S
15 20 1 0 S
10 14 2 1 N
10 6 0 2 N
10 31 1 0 N
14 20 1 1 N
14 18 2 2 N
14 17 0 0 N
20 39 2 1 N
20 31 0 0 N
20 13 1 2 N
39 12 0 1 N
39 8 1 0 N
39 21 2 2 N
12 3 2 1 N
12 14 1 2 N
12 38 0 0 N
3 26 2 2 N
3 28 0 1 N
3 34 1 0 N
26 30 2 2 N
26 27 1 1 N
26 41 0 0 N
30 21 0 2 N
30 9 2 0 N
30 29 1 1 N
21 31 0 0 N
21 8 2 2 N
21 20 1 1 N
31 24 0 1 N
31 13 1 2 N
31 31 2 0 N
24 13 2 2 N
24 26 1 0 N
24 7 0 1 N
13 36 2 0 N
13 28 1 2 N
13 31 0 1 N
36 25 0 1 N
36 13 2 0 N
36 7 1 2 N
25 32 1 2 N
25 32 0 0 N
25 0 2 1 N
32 5 0 1 N
32 29 1 2 N
32 31 2 0 N
5 18 1 2 N
5 20 2 0 N
5 20 0 1 N
18 40 2 1 N
18 12 1 2 N
18 34 0 0 N
40 9 1 1 N
40 25 2 2 N
40 0 0 0 N
9 33 0 2 N
9 25 2 0 N
9 31 1 1 N
33 8 2 2 N
33 17 1 1 N
33 11 0 0 N
8 38 0 2 N
8 32 1 1 N
8 24 2 0 N
38 37 2 1 N
38 7 1 0 N
38 13 0 2 N
37 27 1 1 N
37 0 2 2 N
37 31 0 0 N
27 23 2 2 N
27 29 0 0 N
27 7 1 1 N
23 35 2 1 N
23 39 1 0 N
23 5 0 2 N
35 42 2 2 N
35 37 0 0 N
35 34 1 1 N
42 0 0 0 N
42 22 2 1 N
42 35 1 2 N
0 1 2 1 N
0 20 0 2 N
0 13 1 0 N
1 41 0 1 N
1 7 2 0 N
1 38 1 2 N
41 17 1 2 N
41 20 2 1 N
41 32 0 0 N
17 22 1 1 N
17 0 0 2 N
17 31 2 0 N
22 29 2 1 N
22 39 0 0 N
22 10 1 2 N
29 28 0 0 N
29 20 1 2 N
29 31 2 1 N
28 16 0 1 N
28 11 2 2 N
28 29 1 0 N
16 2 2 2 N
16 26 1 1 N
16 17 0 0 N
2 7 0 2 N
2 35 2 1 N
2 1 1 0 N
7 19 0 0 N
7 35 2 2 N
7 6 1 1 N
19 6 1 1 N
19 25 0 0 N
19 23 2 2 N
6 4 2 2 N
6 11 0 1 N
6 10 1 0 N
4 34 1 0 N
4 13 0 1 N
4 34 2 2 N
34 11 0 0 N
34 17 2 2 N
34 21 1 1 N
11 19 0 0 N
11 3 2 1 N
11 34 1 2 N
