25 42 0 2 S
25 39 2 1 S
25 5 1 0 S
42 29 0 1 N
42 1 2 2 N
42 11 1 0 N
29 22 1 0 N
29 27 0 1 N
29 10 2 2 N
22 12 1 1 N
22 27 0 2 N
22 38 2 0 N
12 40 2 0 N
12 16 1 2 N
12 5 0 1 N
40 17 2 1 N
40 3 0 2 N
40 35 1 0 N
17 2 0 2 N
17 38 1 0 N
17 42 2 1 N
2 15 2 0 N
2 8 0 2 N
2 35 1 1 N
15 5 2 0 N
15 1 1 1 N
15 21 0 2 N
5 1 1 1 N
5 41 2 0 N
5 35 0 2 N
1 30 1 0 N
1 35 2 1 N
1 4 0 2 N
30 4 2 1 N
30 2 1 0 N
30 10 0 2 N
4 0 1 0 N
4 31 2 2 N
4 2 0 1 N
0 10 2 1 N
0 16 1 0 N
0 8 0 2 N
10 20 2 1 N
10 22 0 0 N
10 38 1 2 N
20 27 2 1 N
20 41 0 2 N
20 24 1 0 N
27 23 2 2 N
27 30 0 0 N
27 3 1 1 N
23 13 1 2 N
23 32 0 1 N
23 7 2 0 N
13 41 1 0 N
13 33 0 1 N
13 14 2 2 N
41 16 1 1 N
41 3 0 2 N
41 35 2 0 N
16 9 0 2 N
16 4 1 1 N
16 17 2 0 N
9 6 2 0 N
9 2 1 1 N
9 4 0 2 N
6 8 2 1 N
6 35 1 2 N
6 35 0 0 N
8 28 0 2 N
8 34 1 0 N
8 5 2 1 N
28 32 1 2 N
28 0 2 1 N
28 10 0 0 N
32 38 2 0 N
32 30 1 2 N
32 38 0 1 N
38 3 0 2 N
38 5 1 0 N
38 35 2 1 N
3 21 2 1 N
3 32 1 2 N
3 2 0 0 N
21 31 2 0 N
21 17 0 2 N
21 3 1 1 N
31 11 1 0 N
31 8 0 2 N
31 32 2 1 N
11 34 0 0 N
11 37 1 2 N
11 41 2 1 N
34 33 2 2 N
34 22 1 1 N
34 41 0 0 N
33 35 2 1 N
33 42 0 0 N
33 0 1 2 N
35 24 0 2 N
35 5 1 1 N
35 35 2 0 N
24 36 2 2 N
24 37 1 0 N
24 2 0 1 N
36 26 0 1 N
36 38 2 2 N
36 29 1 0 N
26 19 0 0 N
26 18 1 1 N
26 32 2 2 N
19 14 2 1 N
19 39 0 2 N
19 12 1 0 N
14 37 1 2 N
14 31 2 0 N
14 35 0 1 N
37 18 0 2 N
37 17 2 1 N
37 10 1 0 N
18 39 2 2 N
18 36 1 1 N
18 28 0 0 N
39 7 0 1 N
39 3 1 0 N
39 17 2 2 N
7 17 2 0 N
7 33 0 1 N
7 36 1 2 N
