34 41 2 2 S
34 20 0 1 S
34 14 1 0 S
41 12 1 1 N
41 23 2 0 N
41 22 0 2 N
12 0 0 1 N
12 26 2 0 N
12 8 1 2 N
0 29 0 1 N
0 6 1 0 N
0 21 2 2 N
29 5 2 1 N
29 23 0 0 N
29 14 1 2 N
5 30 0 1 N
5 10 2 0 N
5 39 1 2 N
30 21 0 0 N
30 38 1 1 N
30 27 2 2 N
21 25 1 1 N
21 37 2 0 N
21 10 0 2 N
25 37 0 0 N
25 7 1 1 N
25 2 2 2 N
37 18 2 2 N
37 41 0 1 N
37 22 1 0 N
18 6 1 2 N
18 8 2 0 N
18 10 0 1 N
6 27 2 2 N
6 12 0 0 N
6 31 1 1 N
27 9 2 2 N
27 37 1 0 N
27 20 0 1 N
9 10 2 1 N
9 40 0 0 N
9 22 1 2 N
10 39 0 1 N
10 30 2 2 N
10 35 1 0 N
39 26 0 0 N
39 14 1 1 N
39 29 2 2 N
26 15 1 0 N
26 0 2 1 N
26 41 0 2 N
15 22 2 1 N
15 21 1 0 N
15 22 0 2 N
22 11 1 2 N
22 23 0 1 N
22 29 2 0 N
11 4 2 0 N
11 21 0 1 N
11 14 1 2 N
4 7 1 2 N
4 27 0 0 N
4 9 2 1 N
7 36 2 1 N
7 37 0 0 N
7 13 1 2 N
36 20 1 0 N
36 30 0 2 N
36 14 2 1 N
20 40 0 0 N
20 21 1 1 N
20 14 2 2 N
40 33 1 0 N
40 5 0 1 N
40 41 2 2 N
33 35 2 0 N
33 25 0 2 N
33 35 1 1 N
35 23 0 1 N
35 24 1 2 N
35 11 2 0 N
23 31 1 0 N
23 14 0 2 N
23 14 2 1 N
31 32 2 1 N
31 8 1 2 N
31 5 0 0 N
32 3 0 1 N
32 14 1 0 N
32 24 2 2 N
3 19 1 2 N
3 18 0 0 N
3 15 2 1 N
19 42 1 2 N
19 31 0 0 N
19 23 2 1 N
42 2 1 0 N
42 9 2 2 N
42 18 0 1 N
2 38 0 0 N
2 34 1 1 N
2 5 2 2 N
38 14 1 0 N
38 17 2 1 N
38 10 0 2 N
14 13 2 2 N
14 33 1 0 N
14 14 0 1 N
13 1 2 1 N
13 40 0 2 N
13 39 1 0 N
1 24 1 0 N
1 32 2 2 N
1 23 0 1 N
24 28 2 2 N
24 0 0 1 N
24 30 1 0 N
28 17 1 1 N
28 38 2 2 N
28 29 0 0 N
17 16 0 0 N
17 18 1 1 N
17 21 2 2 N
16 8 2 1 N
16 11 1 2 N
16 39 0 0 N
8 30 2 0 N
8 22 1 1 N
8 23 0 2 N
