11 38 2 0 S
11 3 0 2 S
11 2 1 1 S
38 35 1 0 N
38 1 2 1 N
38 19 0 2 N
35 33 0 0 N
35 23 2 2 N
35 0 1 1 N
33 10 2 1 N
33 24 0 0 N
33 13 1 2 N
10 26 1 2 N
10 24 0 0 N
10 17 2 1 N
26 39 2 1 N
26 4 0 0 N
26 1 1 2 N
39 28 1 1 N
39 35 2 0 N
39 11 0 2 N
28 13 0 0 N
28 39 1 1 N
28 38 2 2 N
13 14 0 0 N
13 1 2 1 N
13 13 1 2 N
14 23 1 1 N
14 18 2 0 N
14 35 0 2 N
23 5 2 2 N
23 28 1 0 N
23 19 0 1 N
5 4 0 2 N
5 38 2 1 N
5 1 1 0 N
4 17 2 2 N
4 38 0 1 N
4 3 1 0 N
17 8 0 1 N
17 26 1 0 N
17 13 2 2 N
8 22 1 0 N
8 42 0 2 N
8 38 2 1 N
22 15 0 1 N
22 37 2 2 N
22 27 1 0 N
15 1 0 0 N
15 0 1 2 N
15 38 2 1 N
1 0 0 2 N
1 34 1 0 N
1 13 2 1 N
0 2 2 0 N
0 15 0 1 N
0 34 1 2 N
2 42 2 2 N
2 19 0 1 N
2 1 1 0 N
42 41 0 0 N
42 33 2 1 N
42 1 1 2 N
41 24 2 0 N
41 39 1 2 N
41 0 0 1 N
24 6 1 1 N
24 34 0 0 N
24 13 2 2 N
6 21 2 2 N
6 17 1 1 N
6 1 0 0 N
21 16 0 2 N
21 7 2 0 N
21 8 1 1 N
16 19 0 1 N
16 21 2 2 N
16 14 1 0 N
19 31 2 2 N
19 18 0 1 N
19 1 1 0 N
31 27 1 2 N
31 13 0 1 N
31 9 2 0 N
27 32 1 2 N
27 29 2 0 N
27 15 0 1 N
32 40 1 1 N
32 19 2 2 N
32 38 0 0 N
40 37 2 0 N
40 2 0 2 N
40 2 1 1 N
37 29 2 0 N
37 12 1 1 N
37 19 0 2 N
29 34 2 2 N
29 30 1 0 N
29 35 0 1 N
34 36 2 1 N
34 13 0 2 N
34 13 1 0 N
36 20 2 0 N
36 39 1 2 N
36 40 0 1 N
20 18 2 2 N
20 15 1 0 N
20 8 0 1 N
18 7 1 0 N
18 13 2 2 N
18 23 0 1 N
7 25 2 0 N
7 23 1 1 N
7 24 0 2 N
25 3 2 2 N
25 10 0 1 N
25 4 1 0 N
3 12 1 0 N
3 24 2 1 N
3 6 0 2 N
12 9 0 1 N
12 30 1 2 N
12 1 2 0 N
9 30 0 1 N
9 12 1 2 N
9 13 2 0 N
30 39 2 1 N
30 10 1 2 N
30 42 0 0 N
