1 36 0 0 S
1 42 2 2 S
1 3 1 1 S
36 28 1 2 N
36 33 2 0 N
36 28 0 1 N
28 38 0 2 N
28 33 2 0 N
28 25 1 1 N
38 37 1 1 N
38 36 0 0 N
38 31 2 2 N
37 18 2 0 N
37 34 1 1 N
37 33 0 2 N
18 13 0 2 N
18 29 1 0 N
18 18 2 1 N
13 5 0 0 N
13 34 2 1 N
13 30 1 2 N
5 4 2 2 N
5 32 0 1 N
5 21 1 0 N
4 40 1 1 N
4 27 0 2 N
4 3 2 0 N
40 11 0 0 N
40 38 2 2 N
40 6 1 1 N
11 15 0 2 N
11 19 1 1 N
11 25 2 0 N
15 39 1 1 N
15 33 0 2 N
15 30 2 0 N
39 24 2 1 N
39 20 1 2 N
39 14 0 0 N
24 6 0 0 N
24 5 1 1 N
24 31 2 2 N
6 25 2 0 N
6 33 1 1 N
6 30 0 2 N
25 32 1 1 N
25 12 0 2 N
25 20 2 0 N
32 0 0 2 N
32 30 2 1 N
32 18 1 0 N
0 17 0 2 N
0 32 1 0 N
0 31 2 1 N
17 7 1 1 N
17 13 2 2 N
17 6 0 0 N
7 35 0 2 N
7 28 2 1 N
7 17 1 0 N
35 42 0 2 N
35 15 1 0 N
35 31 2 1 N
42 3 0 1 N
42 29 1 0 N
42 20 2 2 N
3 22 2 2 N
3 35 0 0 N
3 12 1 1 N
22 16 0 0 N
22 37 1 1 N
22 27 2 2 N
16 31 1 0 N
16 33 0 2 N
16 31 2 1 N
31 41 2 0 N
31 40 1 1 N
31 25 0 2 N
41 21 0 1 N
41 16 1 2 N
41 6 2 0 N
21 27 2 2 N
21 2 1 0 N
21 20 0 1 N
27 8 1 1 N
27 14 2 2 N
27 18 0 0 N
8 23 2 2 N
8 17 0 0 N
8 18 1 1 N
23 2 1 1 N
23 3 0 0 N
23 16 2 2 N
2 33 0 0 N
2 32 2 2 N
2 13 1 1 N
33 9 1 1 N
33 39 2 2 N
33 25 0 0 N
9 26 2 0 N
9 6 0 2 N
9 30 1 1 N
26 34 1 1 N
26 5 0 0 N
26 31 2 2 N
34 14 1 0 N
34 2 0 2 N
34 15 2 1 N
14 30 2 2 N
14 18 1 0 N
14 29 0 1 N
30 10 0 1 N
30 28 2 0 N
30 18 1 2 N
10 12 2 0 N
10 38 1 2 N
10 32 0 1 N
12 19 2 2 N
12 1 1 0 N
12 19 0 1 N
19 29 2 2 N
19 28 1 1 N
19 32 0 0 N
29 20 0 2 N
29 21 2 0 N
29 20 1 1 N
20 9 2 0 N
20 25 0 1 N
20 6 1 2 N
