33 12 2 0 S
33 38 0 2 S
33 37 1 1 S
12 40 2 2 N
12 22 1 0 N
12 28 0 1 N
40 7 2 0 N
40 2 0 1 N
40 29 1 2 N
7 0 2 2 N
7 17 0 0 N
7 2 1 1 N
0 16 2 2 N
0 11 0 1 N
0 39 1 0 N
16 25 0 0 N
16 16 2 1 N
16 16 1 2 N
25 1 2 0 N
25 26 1 2 N
25 37 0 1 N
1 38 2 2 N
1 37 0 0 N
1 16 1 1 N
38 3 1 2 N
38 28 0 1 N
38 33 2 0 N
3 23 2 2 N
3 17 1 0 N
3 4 0 1 N
23 26 0 1 N
23 9 1 2 N
23 16 2 0 N
26 13 2 1 N
26 40 0 0 N
26 23 1 2 N
13 15 2 0 N
13 10 0 2 N
13 16 1 1 N
15 27 2 1 N
15 11 1 2 N
15 19 0 0 N
27 31 2 2 N
27 7 0 0 N
27 32 1 1 N
31 36 2 0 N
31 17 0 2 N
31 34 1 1 N
36 14 2 2 N
36 41 1 1 N
36 25 0 0 N
14 8 2 2 N
14 4 0 1 N
14 13 1 0 N
8 30 0 1 N
8 27 2 2 N
8 24 1 0 N
30 35 0 1 N
30 24 1 0 N
30 32 2 2 N
35 21 2 0 N
35 18 0 2 N
35 41 1 1 N
21 4 1 1 N
21 13 0 2 N
21 23 2 0 N
4 6 2 0 N
4 25 0 2 N
4 19 1 1 N
6 10 0 0 N
6 29 1 1 N
6 3 2 2 N
10 5 0 2 N
10 42 1 1 N
10 16 2 0 N
5 2 1 1 N
5 14 2 0 N
5 10 0 2 N
2 24 1 0 N
2 21 0 1 N
2 17 2 2 N
24 11 0 1 N
24 27 1 2 N
24 17 2 0 N
11 22 0 2 N
11 4 1 1 N
11 19 2 0 N
22 20 0 0 N
22 27 2 1 N
22 17 1 2 N
20 32 2 0 N
20 6 1 2 N
20 5 0 1 N
32 19 0 0 N
32 25 1 2 N
32 17 2 1 N
19 42 2 1 N
19 7 0 2 N
19 5 1 0 N
42 18 1 0 N
42 39 2 2 N
42 29 0 1 N
18 34 1 2 N
18 32 2 0 N
18 19 0 1 N
34 17 1 1 N
34 16 2 0 N
34 5 0 2 N
17 37 1 1 N
17 37 0 2 N
17 10 2 0 N
37 39 1 2 N
37 16 0 1 N
37 17 2 0 N
39 9 1 0 N
39 21 2 2 N
39 16 0 1 N
9 28 2 1 N
9 11 1 0 N
9 25 0 2 N
28 41 0 1 N
28 19 2 0 N
28 23 1 2 N
41 29 0 2 N
41 9 1 1 N
41 19 2 0 N
29 5 2 0 N
29 17 0 2 N
29 10 1 1 N
