37 40 2 1 S
37 23 1 2 S
37 16 0 0 S
40 22 0 0 N
40 4 2 1 N
40 35 1 2 N
22 0 0 2 N
22 5 1 1 N
22 23 2 0 N
0 18 2 0 N
0 39 1 2 N
0 17 0 1 N
18 10 2 1 N
18 26 1 2 N
18 2 0 0 N
10 11 2 1 N
10 42 0 0 N
10 34 1 2 N
11 12 0 2 N
11 2 1 1 N
11 15 2 0 N
12 31 1 0 N
12 38 0 2 N
12 35 2 1 N
31 27 0 2 N
31 13 2 1 N
31 33 1 0 N
27 34 1 2 N
27 24 0 0 N
27 24 2 1 N
34 25 0 0 N
34 18 1 2 N
34 27 2 1 N
25 24 0 2 N
25 36 2 1 N
25 32 1 0 N
24 36 0 0 N
24 20 1 1 N
24 24 2 2 N
36 29 2 1 N
36 10 0 2 N
36 25 1 0 N
29 9 2 0 N
29 38 1 2 N
29 16 0 1 N
9 39 0 2 N
9 17 2 1 N
9 39 1 0 N
39 41 0 2 N
39 42 1 1 N
39 35 2 0 N
41 33 0 1 N
41 7 1 2 N
41 23 2 0 N
33 13 1 1 N
33 42 0 0 N
33 17 2 2 N
13 15 0 2 N
13 24 2 0 N
13 6 1 1 N
15 23 1 2 N
15 24 0 0 N
15 23 2 1 N
23 28 1 2 N
23 27 2 1 N
23 24 0 0 N
28 1 1 0 N
28 22 0 2 N
28 22 2 1 N
1 42 1 2 N
1 10 0 0 N
1 42 2 1 N
42 17 0 0 N
42 27 2 1 N
42 32 1 2 N
17 32 2 0 N
17 39 0 1 N
17 23 1 2 N
32 5 2 2 N
32 34 0 0 N
32 24 1 1 N
5 2 0 1 N
5 33 2 2 N
5 34 1 0 N
2 14 0 0 N
2 42 2 1 N
2 24 1 2 N
14 6 2 2 N
14 25 1 1 N
14 35 0 0 N
6 26 2 2 N
6 20 1 1 N
6 24 0 0 N
26 20 0 2 N
26 11 2 1 N
26 30 1 0 N
20 16 1 1 N
20 39 0 0 N
20 35 2 2 N
16 4 0 2 N
16 27 1 0 N
16 6 2 1 N
4 7 2 2 N
4 24 1 1 N
4 17 0 0 N
7 21 0 1 N
7 28 2 0 N
7 25 1 2 N
21 38 0 1 N
21 2 2 0 N
21 16 1 2 N
38 8 2 2 N
38 26 0 1 N
38 42 1 0 N
8 3 2 1 N
8 39 0 2 N
8 3 1 0 N
3 19 2 2 N
3 28 1 0 N
3 33 0 1 N
19 35 2 2 N
19 35 0 0 N
19 2 1 1 N
35 30 2 0 N
35 42 1 2 N
35 24 0 1 N
30 40 1 0 N
30 27 2 1 N
30 42 0 2 N
