32 38 1 2 S
32 40 2 1 S
32 1 0 0 S
38 41 2 2 N
38 6 1 0 N
38 29 0 1 N
41 35 2 1 N
41 3 0 2 N
41 2 1 0 N
35 25 2 2 N
35 3 1 1 N
35 20 0 0 N
25 17 1 0 N
25 23 2 1 N
25 39 0 2 N
17 40 2 1 N
17 35 0 2 N
17 22 1 0 N
40 31 1 0 N
40 1 0 1 N
40 2 2 2 N
31 39 0 2 N
31 29 1 0 N
31 8 2 1 N
39 3 1 2 N
39 27 2 0 N
39 29 0 1 N
3 23 2 2 N
3 27 1 1 N
3 19 0 0 N
23 8 0 0 N
23 35 2 2 N
23 8 1 1 N
8 11 2 0 N
8 14 0 1 N
8 33 1 2 N
11 9 0 2 N
11 16 2 1 N
11 1 1 0 N
9 15 0 1 N
9 18 1 2 N
9 28 2 0 N
15 33 2 0 N
15 8 1 1 N
15 12 0 2 N
33 28 0 0 N
33 14 1 1 N
33 14 2 2 N
28 0 0 2 N
28 25 1 0 N
28 27 2 1 N
0 37 1 2 N
0 41 2 1 N
0 16 0 0 N
37 34 0 2 N
37 5 2 0 N
37 20 1 1 N
34 42 1 1 N
34 41 0 0 N
34 16 2 2 N
42 2 1 1 N
42 7 2 2 N
42 3 0 0 N
2 13 2 0 N
2 19 1 1 N
2 36 0 2 N
13 1 0 1 N
13 38 1 2 N
13 19 2 0 N
1 12 0 2 N
1 35 2 1 N
1 8 1 0 N
12 19 2 0 N
12 24 1 2 N
12 38 0 1 N
19 24 1 0 N
19 33 0 2 N
19 33 2 1 N
24 14 0 0 N
24 28 1 2 N
24 14 2 1 N
14 10 1 1 N
14 14 0 2 N
14 14 2 0 N
10 27 1 0 N
10 14 2 1 N
10 22 0 2 N
27 26 1 2 N
27 30 0 0 N
27 14 2 1 N
26 5 0 1 N
26 27 1 0 N
26 2 2 2 N
5 20 2 0 N
5 23 0 1 N
5 3 1 2 N
20 6 0 2 N
20 42 2 1 N
20 19 1 0 N
6 7 0 1 N
6 19 1 0 N
6 38 2 2 N
7 4 1 2 N
7 6 2 0 N
7 6 0 1 N
4 18 0 1 N
4 39 1 0 N
4 14 2 2 N
18 21 1 1 N
18 30 0 0 N
18 31 2 2 N
21 22 0 2 N
21 25 2 0 N
21 19 1 1 N
22 30 1 1 N
22 5 0 0 N
22 25 2 2 N
30 16 0 1 N
30 18 2 0 N
30 7 1 2 N
16 29 2 0 N
16 22 1 2 N
16 20 0 1 N
29 36 2 1 N
29 3 1 2 N
29 20 0 0 N
36 6 0 2 N
36 20 2 0 N
36 8 1 1 N
