2 23 1 0 S
2 3 0 1 S
2 14 2 2 S
23 15 1 1 N
23 17 0 2 N
23 1 2 0 N
15 0 2 1 N
15 16 0 2 N
15 16 1 0 N
0 27 2 0 N
0 38 1 1 N
0 5 0 2 N
27 8 1 0 N
27 18 2 2 N
27 12 0 1 N
8 4 0 2 N
8 8 1 1 N
8 8 2 0 N
4 10 2 0 N
4 16 1 1 N
4 16 0 2 N
10 36 1 1 N
10 6 0 0 N
10 24 2 2 N
36 12 0 1 N
36 9 1 2 N
36 30 2 0 N
12 28 2 1 N
12 40 0 2 N
12 15 1 0 N
28 41 1 1 N
28 37 2 2 N
28 1 0 0 N
41 19 0 0 N
41 0 1 1 N
41 24 2 2 N
19 13 2 0 N
19 34 1 1 N
19 25 0 2 N
13 16 0 1 N
13 10 2 0 N
13 10 1 2 N
16 34 1 0 N
16 24 0 1 N
16 24 2 2 N
34 37 2 2 N
34 5 0 1 N
34 24 1 0 N
37 17 0 1 N
37 12 1 2 N
37 32 2 0 N
17 31 0 1 N
17 8 1 2 N
17 30 2 0 N
31 1 2 0 N
31 12 0 1 N
31 3 1 2 N
1 39 1 0 N
1 39 2 2 N
1 16 0 1 N
39 30 0 0 N
39 38 2 2 N
39 9 1 1 N
30 21 0 0 N
30 34 2 2 N
30 8 1 1 N
21 33 2 2 N
21 28 0 0 N
21 31 1 1 N
33 26 0 0 N
33 16 2 2 N
33 16 1 1 N
26 6 0 2 N
26 32 2 1 N
26 1 1 0 N
6 3 2 1 N
6 34 0 0 N
6 5 1 2 N
3 40 0 2 N
3 14 2 1 N
3 24 1 0 N
40 14 0 2 N
40 37 1 1 N
40 3 2 0 N
14 5 2 0 N
14 18 0 2 N
14 31 1 1 N
5 24 1 1 N
5 1 0 2 N
5 42 2 0 N
24 7 1 2 N
24 34 2 1 N
24 8 0 0 N
7 32 1 0 N
7 19 0 2 N
7 16 2 1 N
32 29 1 0 N
32 1 2 2 N
32 34 0 1 N
29 22 2 2 N
29 9 0 1 N
29 27 1 0 N
22 11 1 0 N
22 31 2 1 N
22 34 0 2 N
11 38 2 1 N
11 16 1 2 N
11 25 0 0 N
38 25 1 1 N
38 5 2 0 N
38 0 0 2 N
25 20 1 2 N
25 18 0 1 N
25 36 2 0 N
20 35 0 0 N
20 32 1 1 N
20 32 2 2 N
35 9 0 0 N
35 27 1 1 N
35 31 2 2 N
9 42 2 1 N
9 12 0 2 N
9 3 1 0 N
42 18 2 0 N
42 38 1 2 N
42 24 0 1 N
18 16 2 2 N
18 16 0 0 N
18 24 1 1 N
