2 32 1 0 S
2 8 2 2 S
2 20 0 1 S
32 4 2 2 N
32 15 0 0 N
32 5 1 1 N
4 42 2 1 N
4 22 1 0 N
4 3 0 2 N
42 34 0 2 N
42 35 2 1 N
42 29 1 0 N
34 9 2 2 N
34 23 1 1 N
34 16 0 0 N
9 14 0 2 N
9 34 1 0 N
9 30 2 1 N
14 17 2 2 N
14 33 0 1 N
14 12 1 0 N
17 23 0 2 N
17 2 2 1 N
17 2 1 0 N
23 20 1 2 N
23 40 0 0 N
23 36 2 1 N
20 19 0 0 N
20 2 2 1 N
20 18 1 2 N
19 27 0 1 N
19 36 2 2 N
19 19 1 0 N
27 25 2 0 N
27 19 1 2 N
27 37 0 1 N
25 41 2 1 N
25 37 1 2 N
25 20 0 0 N
41 30 2 0 N
41 2 0 1 N
41 10 1 2 N
30 10 0 2 N
30 2 1 1 N
30 36 2 0 N
10 38 1 1 N
10 6 0 2 N
10 3 2 0 N
38 37 1 0 N
38 41 2 1 N
38 33 0 2 N
37 0 2 0 N
37 34 1 2 N
37 19 0 1 N
0 5 1 0 N
0 37 2 1 N
0 24 0 2 N
5 40 0 0 N
5 3 2 1 N
5 24 1 2 N
40 12 2 2 N
40 35 0 1 N
40 19 1 0 N
12 36 2 0 N
12 19 0 2 N
12 24 1 1 N
36 7 1 1 N
36 17 2 2 N
36 18 0 0 N
7 8 2 2 N
7 10 1 0 N
7 6 0 1 N
8 22 2 1 N
8 7 0 0 N
8 37 1 2 N
22 26 2 2 N
22 10 0 1 N
22 18 1 0 N
26 29 0 0 N
26 36 1 1 N
26 39 2 2 N
29 13 1 1 N
29 18 2 0 N
29 2 0 2 N
13 28 0 1 N
13 24 2 0 N
13 23 1 2 N
28 16 0 0 N
28 26 2 2 N
28 38 1 1 N
16 24 0 2 N
16 13 1 1 N
16 37 2 0 N
24 3 1 0 N
24 0 0 2 N
24 20 2 1 N
3 18 1 1 N
3 2 0 0 N
3 23 2 2 N
18 35 2 1 N
18 22 0 0 N
18 11 1 2 N
35 33 2 2 N
35 12 0 1 N
35 40 1 0 N
33 21 2 2 N
33 17 0 0 N
33 23 1 1 N
21 15 1 1 N
21 16 2 2 N
21 11 0 0 N
15 1 1 2 N
15 13 2 0 N
15 22 0 1 N
1 31 2 0 N
1 32 1 1 N
1 32 0 2 N
31 6 1 1 N
31 28 0 0 N
31 14 2 2 N
6 39 2 0 N
6 23 0 2 N
6 18 1 1 N
39 11 2 1 N
39 24 0 0 N
39 6 1 2 N
11 2 2 1 N
11 20 0 0 N
11 40 1 2 N
