30 18 2 0 S
30 12 0 1 S
30 41 1 2 S
18 33 0 0 N
18 14 1 2 N
18 30 2 1 N
33 7 2 0 N
33 41 0 1 N
33 41 1 2 N
7 20 2 2 N
7 8 1 1 N
7 17 0 0 N
20 32 1 0 N
20 15 0 1 N
20 5 2 2 N
32 29 2 0 N
32 3 0 1 N
32 33 1 2 N
29 5 2 0 N
29 4 1 1 N
29 10 0 2 N
5 41 0 1 N
5 15 2 2 N
5 23 1 0 N
41 12 1 2 N
41 32 0 1 N
41 41 2 0 N
12 36 0 1 N
12 14 1 0 N
12 33 2 2 N
36 35 0 1 N
36 1 1 2 N
36 23 2 0 N
35 28 2 1 N
35 0 0 2 N
35 8 1 0 N
28 42 0 0 N
28 30 1 1 N
28 29 2 2 N
42 11 1 1 N
42 18 2 2 N
42 17 0 0 N
11 8 0 0 N
11 13 2 2 N
11 26 1 1 N
8 24 0 2 N
8 41 2 1 N
8 23 1 0 N
24 15 0 1 N
24 27 1 0 N
24 33 2 2 N
15 27 1 1 N
15 1 0 2 N
15 1 2 0 N
27 31 2 2 N
27 38 0 0 N
27 32 1 1 N
31 14 2 0 N
31 33 0 2 N
31 33 1 1 N
14 40 1 1 N
14 41 2 2 N
14 12 0 0 N
40 6 0 1 N
40 0 1 0 N
40 33 2 2 N
6 0 1 1 N
6 18 2 0 N
6 20 0 2 N
0 38 2 0 N
0 32 1 2 N
0 42 0 1 N
38 13 0 1 N
38 7 1 2 N
38 31 2 0 N
13 4 0 1 N
13 30 2 2 N
13 12 1 0 N
4 3 2 0 N
4 0 0 1 N
4 5 1 2 N
3 34 0 1 N
3 15 2 0 N
3 32 1 2 N
34 19 1 2 N
34 29 2 1 N
34 21 0 0 N
19 10 1 0 N
19 33 2 1 N
19 24 0 2 N
10 37 2 0 N
10 23 1 1 N
10 38 0 2 N
37 25 2 2 N
37 9 1 1 N
37 25 0 0 N
25 23 2 0 N
25 26 0 2 N
25 13 1 1 N
23 2 2 0 N
23 18 1 1 N
23 33 0 2 N
2 17 2 2 N
2 8 0 1 N
2 12 1 0 N
17 39 2 2 N
17 9 0 0 N
17 41 1 1 N
39 21 0 2 N
39 31 1 1 N
39 41 2 0 N
21 9 1 1 N
21 33 0 0 N
21 25 2 2 N
9 22 2 2 N
9 39 0 0 N
9 33 1 1 N
22 26 2 2 N
22 1 1 0 N
22 39 0 1 N
26 16 1 1 N
26 38 0 0 N
26 32 2 2 N
16 1 0 1 N
16 14 2 0 N
16 40 1 2 N
1 10 1 0 N
1 27 2 2 N
1 17 0 1 N
