8 40 1 2 S
8 10 2 1 S
8 18 0 0 S
40 0 0 1 N
40 24 2 0 N
40 31 1 2 N
0 5 1 0 N
0 35 0 2 N
0 16 2 1 N
5 32 2 0 N
5 19 0 1 N
5 41 1 2 N
32 39 2 1 N
32 41 0 0 N
32 36 1 2 N
39 7 1 1 N
39 25 2 0 N
39 10 0 2 N
7 15 0 2 N
7 42 1 0 N
7 5 2 1 N
15 36 2 2 N
15 36 0 0 N
15 6 1 1 N
36 6 2 0 N
36 41 0 2 N
36 36 1 1 N
6 27 2 1 N
6 2 0 0 N
6 36 1 2 N
27 2 2 1 N
27 15 1 2 N
27 23 0 0 N
2 33 2 0 N
2 10 0 2 N
2 16 1 1 N
33 29 2 1 N
33 7 1 2 N
33 36 0 0 N
29 30 0 0 N
29 21 1 1 N
29 28 2 2 N
30 31 2 1 N
30 42 0 0 N
30 15 1 2 N
31 18 2 1 N
31 5 1 2 N
31 42 0 0 N
18 12 1 0 N
18 31 2 2 N
18 15 0 1 N
12 42 2 1 N
12 27 0 0 N
12 4 1 2 N
42 14 2 1 N
42 1 0 2 N
42 6 1 0 N
14 22 2 2 N
14 2 0 1 N
14 1 1 0 N
22 26 2 0 N
22 39 0 2 N
22 1 1 1 N
26 10 1 1 N
26 29 0 2 N
26 30 2 0 N
10 35 0 2 N
10 6 1 0 N
10 15 2 1 N
35 17 1 0 N
35 42 2 2 N
35 15 0 1 N
17 16 1 0 N
17 0 0 1 N
17 39 2 2 N
16 23 1 0 N
16 42 0 1 N
16 5 2 2 N
23 4 0 0 N
23 25 1 2 N
23 10 2 1 N
4 24 1 0 N
4 27 2 1 N
4 1 0 2 N
24 13 2 1 N
24 15 1 2 N
24 20 0 0 N
13 41 2 0 N
13 18 1 2 N
13 30 0 1 N
41 11 1 1 N
41 30 0 2 N
41 15 2 0 N
11 19 1 1 N
11 40 0 0 N
11 32 2 2 N
19 3 0 1 N
19 39 1 0 N
19 20 2 2 N
3 37 1 2 N
3 38 2 1 N
3 6 0 0 N
37 38 1 0 N
37 20 0 2 N
37 6 2 1 N
38 28 1 1 N
38 23 0 0 N
38 5 2 2 N
28 34 1 0 N
28 19 2 2 N
28 37 0 1 N
34 25 2 2 N
34 42 0 0 N
34 32 1 1 N
25 9 2 0 N
25 35 0 2 N
25 33 1 1 N
9 1 1 0 N
9 17 0 2 N
9 23 2 1 N
1 21 2 2 N
1 6 1 0 N
1 42 0 1 N
21 20 1 2 N
21 9 0 0 N
21 10 2 1 N
20 34 2 2 N
20 36 1 1 N
20 6 0 0 N
