3 25 0 2 S
3 42 2 0 S
3 32 1 1 S
25 2 1 0 N
25 1 2 1 N
25 7 0 2 N
2 24 2 0 N
2 24 1 1 N
2 17 0 2 N
24 17 0 0 N
24 33 1 1 N
24 41 2 2 N
17 23 0 1 N
17 1 2 2 N
17 33 1 0 N
23 22 1 1 N
23 11 2 2 N
23 38 0 0 N
22 11 2 0 N
22 32 1 2 N
22 41 0 1 N
11 38 1 1 N
11 40 2 0 N
11 39 0 2 N
38 7 1 2 N
38 36 2 1 N
38 5 0 0 N
7 40 1 2 N
7 1 2 0 N
7 33 0 1 N
40 15 1 0 N
40 1 0 2 N
40 25 2 1 N
15 0 0 1 N
15 21 2 2 N
15 10 1 0 N
0 10 0 1 N
0 32 1 0 N
0 33 2 2 N
10 21 2 1 N
10 33 1 0 N
10 33 0 2 N
21 8 2 2 N
21 42 0 0 N
21 10 1 1 N
8 34 1 1 N
8 33 2 0 N
8 33 0 2 N
34 9 2 1 N
34 13 0 0 N
34 28 1 2 N
9 37 2 0 N
9 39 1 2 N
9 2 0 1 N
37 16 2 0 N
37 39 0 2 N
37 1 1 1 N
16 27 2 2 N
16 33 1 1 N
16 0 0 0 N
27 20 1 0 N
27 13 2 2 N
27 37 0 1 N
20 32 2 1 N
20 15 1 0 N
20 28 0 2 N
32 29 1 2 N
32 17 2 1 N
32 8 0 0 N
29 1 1 1 N
29 40 0 0 N
29 9 2 2 N
1 33 2 0 N
1 25 0 1 N
1 17 1 2 N
33 35 0 2 N
33 33 1 0 N
33 33 2 1 N
35 28 1 1 N
35 42 0 2 N
35 25 2 0 N
28 36 1 1 N
28 35 2 2 N
28 21 0 0 N
36 12 0 1 N
36 17 2 0 N
36 7 1 2 N
12 5 0 0 N
12 28 1 2 N
12 1 2 1 N
5 26 0 0 N
5 2 1 1 N
5 10 2 2 N
26 19 1 1 N
26 32 2 0 N
26 16 0 2 N
19 30 1 1 N
19 28 0 0 N
19 26 2 2 N
30 13 2 1 N
30 10 0 0 N
30 32 1 2 N
13 41 2 2 N
13 14 0 0 N
13 5 1 1 N
41 6 0 0 N
41 21 1 2 N
41 17 2 1 N
6 18 0 1 N
6 23 2 0 N
6 21 1 2 N
18 42 2 2 N
18 30 1 0 N
18 30 0 1 N
42 31 0 0 N
42 10 1 2 N
42 7 2 1 N
31 39 0 1 N
31 37 2 2 N
31 42 1 0 N
39 4 2 1 N
39 32 1 2 N
39 0 0 0 N
4 14 2 2 N
4 31 1 0 N
4 17 0 1 N
14 13 2 1 N
14 0 1 2 N
14 0 0 0 N
