15 25 1 0 S
15 16 2 2 S
15 6 0 1 S
25 39 1 0 N
25 3 2 1 N
25 9 0 2 N
39 9 0 2 N
39 31 2 1 N
39 6 1 0 N
9 31 1 1 N
9 34 0 0 N
9 23 2 2 N
31 2 1 0 N
31 30 2 2 N
31 6 0 1 N
2 38 0 0 N
2 42 2 2 N
2 12 1 1 N
38 40 1 0 N
38 42 2 1 N
38 2 0 2 N
40 18 2 1 N
40 20 0 0 N
40 8 1 2 N
18 23 2 2 N
18 5 1 1 N
18 5 0 0 N
23 5 0 1 N
23 0 2 0 N
23 16 1 2 N
5 42 1 1 N
5 32 2 2 N
5 29 0 0 N
42 10 2 1 N
42 18 1 2 N
42 2 0 0 N
10 13 2 2 N
10 22 1 0 N
10 18 0 1 N
13 17 0 2 N
13 22 1 0 N
13 6 2 1 N
17 33 1 1 N
17 29 2 2 N
17 29 0 0 N
33 14 2 2 N
33 12 1 0 N
33 29 0 1 N
14 34 0 0 N
14 29 2 1 N
14 12 1 2 N
34 19 2 2 N
34 3 1 0 N
34 33 0 1 N
19 4 1 0 N
19 13 0 2 N
19 6 2 1 N
4 8 0 1 N
4 31 2 0 N
4 37 1 2 N
8 20 0 2 N
8 34 1 0 N
8 31 2 1 N
20 36 0 0 N
20 39 1 2 N
20 8 2 1 N
36 37 1 0 N
36 28 0 1 N
36 32 2 2 N
37 0 2 0 N
37 29 0 2 N
37 33 1 1 N
0 32 1 1 N
0 9 2 2 N
0 32 0 0 N
32 3 2 0 N
32 23 1 2 N
32 35 0 1 N
3 35 0 1 N
3 16 1 2 N
3 28 2 0 N
35 26 1 0 N
35 35 0 2 N
35 35 2 1 N
26 22 1 0 N
26 13 2 2 N
26 2 0 1 N
22 41 0 0 N
22 37 1 1 N
22 13 2 2 N
41 6 2 2 N
41 29 1 1 N
41 26 0 0 N
6 30 0 2 N
6 26 1 1 N
6 12 2 0 N
30 24 2 1 N
30 27 1 2 N
30 35 0 0 N
24 11 1 2 N
24 37 0 1 N
24 33 2 0 N
11 27 2 2 N
11 5 1 1 N
11 9 0 0 N
27 12 0 1 N
27 38 1 0 N
27 33 2 2 N
12 16 2 0 N
12 35 0 1 N
12 35 1 2 N
16 29 0 0 N
16 18 2 1 N
16 4 1 2 N
29 21 1 1 N
29 33 0 2 N
29 35 2 0 N
21 7 0 1 N
21 35 2 0 N
21 0 1 2 N
7 1 0 1 N
7 40 2 2 N
7 15 1 0 N
1 28 1 2 N
1 34 2 1 N
1 13 0 0 N
28 42 0 1 N
28 0 2 2 N
28 6 1 0 N
