18 0 1 1 S
18 9 2 0 S
18 34 0 2 S
0 15 2 1 N
0 23 0 0 N
0 21 1 2 N
15 35 2 0 N
15 25 0 2 N
15 36 1 1 N
35 20 1 0 N
35 0 2 1 N
35 21 0 2 N
20 16 2 2 N
20 23 1 1 N
20 34 0 0 N
16 41 0 0 N
16 12 1 2 N
16 0 2 1 N
41 10 0 2 N
41 0 2 1 N
41 9 1 0 N
10 36 0 2 N
10 35 2 1 N
10 4 1 0 N
36 13 2 1 N
36 21 1 0 N
36 14 0 2 N
13 25 2 1 N
13 5 1 0 N
13 36 0 2 N
25 34 2 1 N
25 36 0 0 N
25 24 1 2 N
34 32 0 1 N
34 36 2 0 N
34 9 1 2 N
32 3 2 0 N
32 3 0 2 N
32 14 1 1 N
3 29 1 2 N
3 38 0 1 N
3 24 2 0 N
29 23 0 2 N
29 11 2 1 N
29 33 1 0 N
23 11 1 2 N
23 39 2 0 N
23 3 0 1 N
11 5 1 2 N
11 24 0 0 N
11 3 2 1 N
5 31 0 2 N
5 27 1 1 N
5 5 2 0 N
31 4 2 2 N
31 3 0 1 N
31 21 1 0 N
4 1 0 1 N
4 37 2 2 N
4 39 1 0 N
1 14 2 2 N
1 35 1 0 N
1 5 0 1 N
14 30 2 1 N
14 5 1 2 N
14 24 0 0 N
30 19 1 0 N
30 33 0 1 N
30 42 2 2 N
19 39 0 2 N
19 7 1 0 N
19 36 2 1 N
39 12 2 2 N
39 38 1 0 N
39 26 0 1 N
12 42 2 0 N
12 21 0 1 N
12 16 1 2 N
42 38 2 1 N
42 33 1 2 N
42 5 0 0 N
38 17 0 0 N
38 15 1 2 N
38 1 2 1 N
17 37 0 2 N
17 6 1 1 N
17 9 2 0 N
37 22 0 0 N
37 5 2 1 N
37 14 1 2 N
22 8 1 1 N
22 36 2 0 N
22 42 0 2 N
8 40 1 1 N
8 29 2 2 N
8 40 0 0 N
40 33 0 2 N
40 38 2 1 N
40 32 1 0 N
33 6 1 0 N
33 0 0 1 N
33 27 2 2 N
6 7 0 2 N
6 36 1 1 N
6 14 2 0 N
7 21 2 1 N
7 33 1 0 N
7 22 0 2 N
21 2 0 2 N
21 8 2 0 N
21 37 1 1 N
2 24 1 1 N
2 20 0 0 N
2 27 2 2 N
24 9 1 0 N
24 22 2 1 N
24 5 0 2 N
9 27 2 0 N
9 5 0 2 N
9 24 1 1 N
27 28 0 2 N
27 0 1 0 N
27 5 2 1 N
28 26 2 1 N
28 9 1 0 N
28 21 0 2 N
26 24 1 2 N
26 16 2 1 N
26 0 0 0 N
