38 36 1 1 S
38 3 0 0 S
38 26 2 2 S
36 2 1 1 N
36 6 0 0 N
36 16 2 2 N
2 41 1 0 N
2 17 2 1 N
2 20 0 2 N
41 24 0 1 N
41 29 2 2 N
41 39 1 0 N
24 27 0 1 N
24 26 2 0 N
24 17 1 2 N
27 5 1 0 N
27 24 2 1 N
27 20 0 2 N
5 10 0 1 N
5 36 1 0 N
5 34 2 2 N
10 30 2 0 N
10 16 1 2 N
10 6 0 1 N
30 37 2 1 N
30 37 0 2 N
30 28 1 0 N
37 11 1 0 N
37 26 0 1 N
37 15 2 2 N
11 18 2 2 N
11 18 1 1 N
11 18 0 0 N
18 26 0 0 N
18 20 1 1 N
18 3 2 2 N
26 39 2 2 N
26 16 0 0 N
26 20 1 1 N
39 21 1 1 N
39 16 2 2 N
39 35 0 0 N
21 17 2 2 N
21 12 1 0 N
21 37 0 1 N
17 22 2 2 N
17 15 1 1 N
17 34 0 0 N
22 13 0 2 N
22 20 2 1 N
22 34 1 0 N
13 15 0 1 N
13 10 2 0 N
13 29 1 2 N
15 34 2 2 N
15 6 0 1 N
15 20 1 0 N
34 28 2 0 N
34 18 1 1 N
34 34 0 2 N
28 35 1 2 N
28 6 0 1 N
28 34 2 0 N
35 40 2 1 N
35 19 1 0 N
35 34 0 2 N
40 12 0 0 N
40 18 1 2 N
40 18 2 1 N
12 33 0 0 N
12 33 2 2 N
12 26 1 1 N
33 16 1 1 N
33 6 2 2 N
33 38 0 0 N
16 32 1 1 N
16 26 0 0 N
16 34 2 2 N
32 4 2 1 N
32 11 0 2 N
32 0 1 0 N
4 42 2 0 N
4 0 0 2 N
4 39 1 1 N
42 31 2 1 N
42 28 0 2 N
42 4 1 0 N
31 7 1 1 N
31 4 0 0 N
31 20 2 2 N
7 1 2 0 N
7 4 0 1 N
7 30 1 2 N
1 8 0 2 N
1 6 1 0 N
1 11 2 1 N
8 29 1 2 N
8 42 0 0 N
8 5 2 1 N
29 0 1 0 N
29 8 2 2 N
29 19 0 1 N
0 20 0 1 N
0 4 2 2 N
0 16 1 0 N
20 23 2 1 N
20 0 0 0 N
20 39 1 2 N
23 25 1 1 N
23 24 0 0 N
23 16 2 2 N
25 19 0 0 N
25 3 1 2 N
25 39 2 1 N
19 9 2 1 N
19 6 0 0 N
19 35 1 2 N
9 14 2 1 N
9 24 1 0 N
9 36 0 2 N
14 3 1 2 N
14 19 0 1 N
14 8 2 0 N
3 6 0 0 N
3 17 2 2 N
3 20 1 1 N
6 24 0 0 N
6 22 2 1 N
6 0 1 2 N
