22 35 0 1 S
22 19 1 0 S
22 39 2 2 S
35 7 1 1 N
35 16 2 0 N
35 24 0 2 N
7 40 2 1 N
7 10 1 0 N
7 8 0 2 N
40 29 1 2 N
40 13 0 0 N
40 33 2 1 N
29 0 2 2 N
29 8 0 1 N
29 25 1 0 N
0 3 2 2 N
0 37 1 0 N
0 19 0 1 N
3 2 2 1 N
3 21 1 0 N
3 23 0 2 N
2 4 0 2 N
2 36 2 0 N
2 21 1 1 N
4 8 0 1 N
4 9 1 2 N
4 12 2 0 N
8 16 2 0 N
8 21 0 2 N
8 6 1 1 N
16 32 2 1 N
16 19 1 0 N
16 2 0 2 N
32 28 1 0 N
32 40 2 1 N
32 21 0 2 N
28 9 2 0 N
28 8 1 1 N
28 6 0 2 N
9 30 2 0 N
9 21 1 1 N
9 20 0 2 N
30 24 0 1 N
30 20 1 0 N
30 6 2 2 N
24 14 0 2 N
24 10 1 0 N
24 8 2 1 N
14 36 2 0 N
14 39 0 2 N
14 30 1 1 N
36 25 1 0 N
36 3 2 2 N
36 20 0 1 N
25 21 1 1 N
25 37 2 0 N
25 16 0 2 N
21 18 1 2 N
21 16 0 1 N
21 20 2 0 N
18 1 2 2 N
18 14 0 0 N
18 24 1 1 N
1 20 1 1 N
1 38 0 0 N
1 34 2 2 N
20 27 1 1 N
20 14 0 2 N
20 20 2 0 N
27 34 2 2 N
27 26 0 0 N
27 17 1 1 N
34 12 1 0 N
34 25 0 2 N
34 36 2 1 N
12 6 1 0 N
12 41 2 2 N
12 18 0 1 N
6 26 0 1 N
6 2 1 2 N
6 11 2 0 N
26 10 0 0 N
26 17 1 2 N
26 6 2 1 N
10 33 0 1 N
10 41 2 2 N
10 21 1 0 N
33 42 2 1 N
33 13 0 2 N
33 36 1 0 N
42 38 0 0 N
42 27 2 1 N
42 31 1 2 N
38 13 0 1 N
38 8 2 0 N
38 21 1 2 N
13 15 2 1 N
13 18 1 0 N
13 24 0 2 N
15 19 2 0 N
15 21 0 1 N
15 11 1 2 N
19 31 2 0 N
19 21 0 2 N
19 26 1 1 N
31 5 1 2 N
31 23 0 1 N
31 30 2 0 N
5 41 1 0 N
5 37 2 2 N
5 30 0 1 N
41 39 2 1 N
41 33 0 2 N
41 36 1 0 N
39 17 0 1 N
39 31 1 0 N
39 19 2 2 N
17 37 0 2 N
17 29 2 0 N
17 2 1 1 N
37 23 0 1 N
37 11 1 0 N
37 24 2 2 N
23 11 2 1 N
23 27 0 0 N
23 20 1 2 N
11 26 1 0 N
11 26 2 1 N
11 20 0 2 N
