12 1 2 1 S
12 24 0 2 S
12 16 1 0 S
1 0 1 2 N
1 32 2 0 N
1 20 0 1 N
0 38 1 0 N
0 24 0 2 N
0 17 2 1 N
38 4 0 2 N
38 36 1 1 N
38 11 2 0 N
4 18 1 0 N
4 32 2 1 N
4 30 0 2 N
18 23 2 1 N
18 37 1 0 N
18 6 0 2 N
23 20 1 0 N
23 39 0 1 N
23 0 2 2 N
20 39 0 0 N
20 1 1 1 N
20 17 2 2 N
39 22 2 2 N
39 32 1 0 N
39 22 0 1 N
22 33 0 1 N
22 16 1 2 N
22 36 2 0 N
33 26 0 0 N
33 19 1 1 N
33 30 2 2 N
26 11 2 1 N
26 17 0 0 N
26 24 1 2 N
11 37 1 1 N
11 42 0 2 N
11 42 2 0 N
37 2 1 0 N
37 32 2 2 N
37 21 0 1 N
2 36 1 1 N
2 36 2 2 N
2 42 0 0 N
36 32 2 0 N
36 1 1 2 N
36 11 0 1 N
32 6 0 2 N
32 16 1 0 N
32 20 2 1 N
6 17 1 1 N
6 30 2 0 N
6 29 0 2 N
17 40 1 1 N
17 26 0 2 N
17 5 2 0 N
40 9 2 0 N
40 41 1 2 N
40 32 0 1 N
9 41 1 0 N
9 16 2 2 N
9 21 0 1 N
41 3 2 2 N
41 22 0 0 N
41 37 1 1 N
3 10 2 2 N
3 40 0 1 N
3 0 1 0 N
10 25 1 2 N
10 23 2 0 N
10 20 0 1 N
25 16 0 0 N
25 30 1 2 N
25 14 2 1 N
16 42 1 1 N
16 40 0 2 N
16 1 2 0 N
42 7 0 0 N
42 11 1 2 N
42 1 2 1 N
7 29 0 0 N
7 17 1 2 N
7 26 2 1 N
29 31 2 2 N
29 42 0 1 N
29 17 1 0 N
31 5 0 1 N
31 1 2 2 N
31 4 1 0 N
5 35 1 1 N
5 2 0 0 N
5 5 2 2 N
35 8 0 2 N
35 41 2 0 N
35 17 1 1 N
8 34 1 1 N
8 20 0 2 N
8 40 2 0 N
34 30 0 0 N
34 32 2 1 N
34 26 1 2 N
30 13 0 1 N
30 36 1 0 N
30 21 2 2 N
13 28 2 1 N
13 38 0 2 N
13 9 1 0 N
28 21 0 2 N
28 16 2 1 N
28 5 1 0 N
21 27 2 1 N
21 24 1 0 N
21 17 0 2 N
27 24 0 1 N
27 16 1 0 N
27 21 2 2 N
24 15 0 2 N
24 17 2 1 N
24 5 1 0 N
15 14 2 2 N
15 10 1 1 N
15 24 0 0 N
14 19 2 0 N
14 37 0 1 N
14 32 1 2 N
19 30 1 0 N
19 3 2 1 N
19 41 0 2 N
